dnf, 20120801, 	33.6, 26.258675, 54.4, 31.143063, 0.0, 27.9, 23.3, 0.103, 0.095, 0.0, 546.7305
dnf, 20120802, 	36.3, 26.737503, 58.3, 29.817701, 0.0, 28.0, 22.2, 0.102, 0.092, 0.0, 503.4217
dnf, 20120803, 	31.0, 24.559732, 38.8, 25.393057, 0.0, 27.2, 23.7, 0.111, 0.093, 0.0, 224.60869
dnf, 20120804, 	34.6, 27.1434, 53.1, 30.860426, 0.0, 28.1, 23.5, 0.111, 0.104, 0.0, 392.19135
dnf, 20120805, 	31.6, 26.588192, 46.9, 28.37778, 0.0, 27.3, 24.6, 0.107, 0.101, 0.0, 314.85275
dnf, 20120806, 	31.9, 25.146181, 54.5, 29.416664, 0.0, 27.0, 22.2, 0.105, 0.097, 0.0, 543.98785
dnf, 20120807, 	35.1, 25.905207, 56.7, 29.719444, 0.0, 27.3, 21.7, 0.103, 0.094, 0.0, 550.73004
dnf, 20120808, 	36.4, 27.80208, 57.3, 30.874308, 0.0, 28.0, 22.3, 0.101, 0.093, 0.0, 521.3025
dnf, 20120809, 	32.7, 25.978464, 51.8, 29.30556, 0.0, 27.4, 23.6, 0.1, 0.091, 0.0, 349.4625
dnf, 20120810, 	26.5, 21.002771, 40.5, 22.37465, 0.0, 26.8, 22.7, 0.128, 0.091, 0.0, 277.9304
dnf, 20120811, 	26.5, 19.653479, 45.6, 23.164581, 0.0, 23.9, 19.4, 0.113, 0.103, 0.0, 551.76544
dnf, 20120812, 	29.1, 20.414927, 52.0, 22.878122, 0.0, 24.0, 18.4, 0.107, 0.099, 0.0, 483.55
dnf, 20120813, 	26.3, 19.616669, 35.7, 20.151737, 0.0, 23.5, 20.6, 0.103, 0.096, 0.0, 236.14789
dnf, 20120814, 	25.6, 21.160425, 44.5, 23.518753, 0.0, 23.2, 21.2, 0.102, 0.097, 0.0, 265.44666
dnf, 20120815, 	30.7, 22.130562, 53.5, 25.084719, 0.0, 24.3, 19.6, 0.102, 0.095, 0.0, 409.21384
dnf, 20120816, 	33.1, 24.26493, 51.2, 24.943747, 0.0, 24.9, 20.2, 0.28, 0.093, 0.0, 347.57144
dnf, 20120817, 	25.7, 21.269447, 43.3, 24.484728, 0.0, 23.6, 21.2, 0.295, 0.194, 0.0, 513.3791
dnf, 20120818, 	25.8, 19.511099, 44.5, 22.627079, 0.0, 23.0, 19.1, 0.197, 0.174, 0.0, 526.8239
dnf, 20120819, 	26.4, 20.142017, 44.2, 22.5264, 0.0, 22.6, 19.0, 0.178, 0.16, 0.0, 505.17834
dnf, 20120820, 	27.2, 19.923607, 44.9, 21.942713, 0.0, 22.5, 18.6, 0.163, 0.15, 0.0, 482.20645
dnf, 20120821, 	26.5, 19.187836, 43.4, 20.77256, 0.0, 22.4, 18.6, 0.152, 0.143, 0.0, 392.5921
dnf, 20120822, 	29.1, 20.450693, 45.5, 22.57986, 0.0, 23.0, 18.2, 0.145, 0.134, 0.0, 529.9363
dnf, 20120823, 	31.4, 22.457642, 45.5, 23.608675, 0.0, 23.5, 18.6, 0.137, 0.128, 0.0, 516.1731
dnf, 20120824, 	33.3, 24.130562, 47.7, 24.892715, 0.0, 24.2, 19.2, 0.13, 0.122, 0.0, 490.44873
dnf, 20120825, 	33.1, 25.780897, 46.7, 25.870834, 0.0, 24.3, 20.3, 0.125, 0.118, 0.0, 442.91666
dnf, 20120826, 	31.6, 25.454172, 48.2, 25.319096, 0.0, 24.1, 20.8, 0.121, 0.114, 0.0, 354.9554
dnf, 20120827, 	29.0, 25.358334, 38.9, 24.733685, 0.0, 24.4, 22.2, 0.118, 0.112, 0.0, 262.87332
dnf, 20120828, 	29.9, 23.745829, 43.0, 25.30972, 0.0, 24.3, 20.8, 0.117, 0.11, 0.0, 523.2692
dnf, 20120829, 	29.9, 23.22187, 43.1, 24.65868, 0.0, 24.4, 20.2, 0.113, 0.105, 0.0, 497.16992
dnf, 20120830, 	33.0, 24.021873, 45.4, 25.18403, 0.0, 24.8, 20.2, 0.111, 0.103, 0.0, 515.487
dnf, 20120831, 	31.3, 25.345818, 46.5, 24.773619, 0.0, 24.7, 21.6, 0.108, 0.101, 0.0, 243.41559
dnf, 20130801, 	26.8, 22.254513, 30.4, 22.314934, 0.0, 23.5, 20.6, 0.244, 0.224, 0.0, 529.1615
dnf, 20130802, 	26.8, 20.750694, 29.9, 19.5118, 0.0, 23.1, 19.6, 0.233, 0.219, 0.0, 340.9697
dnf, 20130803, 	28.2, 23.534378, 31.7, 23.312153, 0.0, 23.9, 21.0, 0.222, 0.209, 0.0, 486.79053
dnf, 20130804, 	25.1, 20.732292, 28.3, 19.754854, 0.0, 23.6, 20.2, 0.21, 0.194, 0.0, 535.45123
dnf, 20130805, 	26.2, 19.6691, 29.6, 18.944796, 0.0, 22.8, 18.9, 0.198, 0.182, 0.0, 514.2545
dnf, 20130806, 	26.8, 22.713884, 29.1, 22.444792, 0.0, 22.9, 21.0, 0.187, 0.177, 0.0, 235.0
dnf, 20130807, 	28.3, 24.02847, 31.1, 23.800354, 0.0, 23.5, 21.7, 0.182, 0.173, 0.0, 228.12659
dnf, 20130808, 	29.9, 25.235767, 33.4, 24.987854, 0.0, 24.6, 21.9, 0.178, 0.168, 0.0, 379.21854
dnf, 20130809, 	28.2, 23.42569, 31.9, 23.896519, 0.0, 24.5, 22.5, 0.197, 0.169, 0.0, 344.43332
dnf, 20130810, 	28.3, 23.948608, 32.1, 23.488548, 0.0, 24.4, 22.2, 0.179, 0.17, 0.0, 396.3481
dnf, 20130811, 	28.1, 23.474987, 32.2, 23.013893, 0.0, 24.4, 21.5, 0.173, 0.162, 0.0, 533.8625
dnf, 20130812, 	26.9, 21.571877, 30.7, 20.492367, 0.0, 23.9, 20.4, 0.166, 0.158, 0.0, 267.01266
dnf, 20130813, 	25.0, 22.151737, 28.0, 21.914923, 0.0, 23.0, 21.3, 0.162, 0.154, 0.0, 392.3503
dnf, 20130814, 	21.5, 16.232292, 26.8, 15.934723, 0.0, 22.3, 18.6, 0.157, 0.146, 0.0, 555.1056
dnf, 20130815, 	21.9, 16.111458, 27.3, 15.063887, 0.0, 20.8, 17.4, 0.15, 0.144, 0.0, 426.61874
dnf, 20130816, 	24.8, 18.632635, 30.5, 17.91736, 0.0, 21.4, 17.7, 0.148, 0.141, 0.0, 485.74683
dnf, 20130817, 	25.9, 20.130203, 31.5, 19.384378, 0.0, 21.8, 18.5, 0.145, 0.138, 0.0, 406.98102
dnf, 20130818, 	27.8, 21.657635, 32.5, 21.190632, 0.0, 22.9, 18.9, 0.142, 0.136, 0.0, 510.03165
dnf, 20130819, 	29.0, -13.0763855, 35.2, 21.444092, 0.0, 23.1, 18.9, 0.139, 0.132, 0.0, 497.2293
dnf, 20130820, 	30.3, 22.635414, 36.3, 22.374994, 0.0, 23.6, 19.5, 0.136, 0.128, 0.0, 422.55063
dnf, 20130821, 	30.3, -46.605885, 36.4, 23.260765, 0.0, 23.9, 19.9, 0.134, 0.127, 0.0, 426.53247
dnf, 20130822, 	30.4, 24.358328, 37.5, 23.82778, 0.0, 24.2, 20.6, 0.132, 0.125, 0.0, 418.91614
dnf, 20130823, 	29.3, 23.902082, 36.0, 24.421179, 0.0, 24.5, 21.3, 0.129, 0.123, 0.0, 488.92764
dnf, 20130824, 	30.5, 23.76389, 37.3, 23.615286, 0.0, 24.4, 20.6, 0.128, 0.121, 0.0, 523.1987
dnf, 20130825, 	30.6, 23.03853, 37.2, 22.539236, 0.0, 23.9, 19.3, 0.127, 0.117, 0.0, 524.29034
dnf, 20130826, 	30.4, 24.802084, 36.7, 24.037159, 0.0, 24.2, 20.7, 0.122, 0.114, 0.0, 415.77924
dnf, 20130827, 	31.2, 26.287157, 38.6, 26.287153, 0.0, 25.1, 22.1, 0.121, 0.115, 0.0, 377.14935
dnf, 20130828, 	33.4, 27.43507, 39.3, 27.80903, 0.0, 25.8, 22.6, 0.12, 0.114, 0.0, 495.02026
dnf, 20130829, 	31.9, 26.95694, 41.2, 27.65868, 0.0, 25.9, 23.0, 0.117, 0.112, 0.0, 444.24
dnf, 20130830, 	33.4, 25.777086, 41.6, 25.873604, 0.0, 25.8, 21.7, 0.116, 0.109, 0.0, 464.0861
dnf, 20130831, 	34.2, 28.141323, 42.0, 28.760416, 0.0, 26.4, 22.9, 0.114, 0.109, 0.0, 435.16666
dnf, 20140801, 	27.3, 21.180902, 40.3, 21.992357, 0.0, 22.0, 18.9, 0.221, 0.207, 0.0, 421.94766
dnf, 20140802, 	26.8, 21.156239, 37.1, 21.719788, 0.0, 22.0, 19.8, 0.21, 0.199, 0.0, 373.875
dnf, 20140803, 	28.0, 21.955557, 38.9, 22.68646, 0.0, 22.3, 19.2, 0.202, 0.188, 0.0, 471.8889
dnf, 20140804, 	28.1, 21.61007, 40.0, 22.312504, 0.0, 22.2, 18.9, 0.191, 0.178, 0.0, 511.47952
dnf, 20140805, 	27.4, 20.649313, 36.2, 19.881598, 0.0, 22.1, 18.9, 0.181, 0.174, 0.0, 262.43787
dnf, 20140806, 	26.8, 22.526726, 39.3, 22.874296, 0.0, 22.1, 19.6, 0.179, 0.171, 0.0, 326.15204
dnf, 20140807, 	24.2, 21.478825, 25.6, 21.085764, 0.0, 22.0, 20.4, 0.176, 0.17, 0.0, 199.04706
dnf, 20140808, 	22.7, 19.59619, 21.7, 19.121532, 0.0, 21.3, 20.0, 0.313, 0.17, 0.0, 73.582825
dnf, 20140809, 	23.9, 20.535759, 25.4, 20.855892, 0.0, 21.2, 20.0, 0.368, 0.304, 0.0, 110.11801
dnf, 20140810, 	26.3, 23.193047, 32.2, 23.80104, 0.0, 22.3, 20.8, 0.339, 0.324, 0.0, 206.56627
dnf, 20140811, 	27.4, -81.23505, 35.4, 23.762156, 0.0, 22.9, 21.1, 0.331, 0.314, 0.0, 371.9212
dnf, 20140812, 	24.0, 20.588203, 28.5, 20.35416, 0.0, 22.8, 21.0, 0.318, 0.298, 0.0, 329.93414
dnf, 20140813, 	24.8, 18.755209, 32.3, 18.96771, 0.0, 21.4, 18.8, 0.3, 0.271, 0.0, 494.76047
dnf, 20140814, 	26.7, 20.268057, 33.3, 19.648258, 0.0, 21.4, 18.6, 0.274, 0.25, 0.0, 433.3212
dnf, 20140815, 	24.0, 18.82639, 30.9, 18.530205, 0.0, 21.4, 18.4, 0.253, 0.234, 0.0, 439.15756
dnf, 20140816, 	24.8, 19.605562, 27.4, 18.978119, 0.0, 20.6, 18.8, 0.236, 0.227, 0.0, 184.37805
dnf, 20140817, 	22.2, 20.089226, 23.8, 20.220148, 0.0, 20.8, 19.8, 0.37, 0.227, 0.0, 103.5098
dnf, 20140818, 	27.1, 22.754845, 33.6, 23.819103, 0.0, 22.3, 20.5, 0.365, 0.338, 0.0, 313.55487
dnf, 20140819, 	28.9, -115.65872, 33.9, 23.379171, 0.0, 22.8, 20.5, 0.341, 0.315, 0.0, 409.92728
dnf, 20140820, 	28.8, -80.39689, 32.4, 23.485415, 0.0, 22.8, 21.2, 0.319, 0.297, 0.0, 292.89026
dnf, 20140821, 	30.5, 25.10452, 34.3, 24.515627, 0.0, 23.9, 21.5, 0.3, 0.28, 0.0, 388.01865
dnf, 20140822, 	29.5, 26.126045, 33.5, 25.349998, 0.0, 24.3, 22.4, 0.282, 0.265, 0.0, 296.54602
dnf, 20140823, 	31.1, -9.737505, 35.0, 25.111456, 0.0, 25.0, 22.6, 0.418, 0.255, 0.0, 346.26352
dnf, 20140824, 	30.1, -254.01636, 34.9, 25.314575, 0.0, 25.5, 23.0, 0.387, 0.347, 0.0, 440.5779
dnf, 20140825, 	31.4, -113.23155, 36.3, 25.569092, 0.0, 25.6, 22.9, 0.349, 0.316, 0.0, 455.87576
dnf, 20140826, 	32.0, -9.012844, 35.6, 25.401043, 0.0, 25.5, 22.9, 0.319, 0.294, 0.0, 437.9379
dnf, 20140827, 	31.2, 24.600346, 34.5, 24.484726, 0.0, 25.4, 22.7, 0.297, 0.267, 0.0, 449.20496
dnf, 20140828, 	29.6, -9.989926, 35.2, 24.579866, 0.0, 25.3, 22.8, 0.272, 0.25, 0.0, 433.87976
dnf, 20140829, 	30.6, 25.109026, 34.3, 24.524302, 0.0, 25.6, 23.0, 0.254, 0.234, 0.0, 432.15384
dnf, 20140830, 	26.7, 23.05277, 29.0, 21.77917, 0.0, 25.2, 22.6, 0.364, 0.232, 0.0, 155.10968
dnf, 20140831, 	27.2, 22.97501, 32.1, 23.637146, 0.0, 24.4, 22.7, 0.367, 0.331, 0.0, 313.42484
dnf, 20150801, 	27.8, 23.339245, 31.8, 21.84792, 0.0, 24.4, 21.2, 0.177, 0.167, 0.0, 545.1091
dnf, 20150802, 	30.1, 23.16493, 33.2, 22.03611, 0.0, 24.0, 20.4, 0.17, 0.161, 0.0, 532.5273
dnf, 20150803, 	31.2, 25.852781, 33.7, 24.524994, 0.0, 24.7, 21.8, 0.164, 0.157, 0.0, 505.5767
dnf, 20150804, 	27.7, 23.389584, 30.5, 22.104504, 0.0, 24.6, 21.5, 0.16, 0.153, 0.0, 337.51514
dnf, 20150805, 	28.9, 22.494102, 42.6, 24.118755, 0.0, 24.1, 21.0, 0.157, 0.152, 0.0, 384.9878
dnf, 20150806, 	24.1, 21.052082, 23.8, 21.281256, 0.0, 23.8, 21.9, 0.302, 0.152, 0.0, 70.15385
dnf, 20150807, 	27.0, 20.305214, 39.6, 23.486807, 0.0, 23.6, 20.4, 0.291, 0.278, 0.0, 535.68555
dnf, 20150808, 	27.9, 22.19966, 42.9, 24.069101, 0.0, 23.9, 20.7, 0.281, 0.263, 0.0, 451.5679
dnf, 20150809, 	26.9, 22.988184, 34.0, 23.389238, 0.0, 23.8, 21.3, 0.264, 0.254, 0.0, 254.25768
dnf, 20150810, 	29.0, 24.65313, 40.4, 26.114933, 0.0, 24.8, 22.5, 0.332, 0.245, 0.0, 350.7875
dnf, 20150811, 	27.6, 22.847923, 38.8, 24.215277, 0.0, 24.3, 21.9, 0.321, 0.275, 0.0, 504.87656
dnf, 20150812, 	26.4, 21.405205, 38.1, 22.570833, 0.0, 23.9, 21.0, 0.277, 0.257, 0.0, 510.4321
dnf, 20150813, 	27.3, 20.959358, 38.1, 22.535767, 0.0, 23.3, 20.2, 0.259, 0.242, 0.0, 519.58386
dnf, 20150814, 	27.9, 21.58889, 39.1, 22.494446, 0.0, 23.3, 20.1, 0.245, 0.23, 0.0, 451.3125
dnf, 20150815, 	30.2, 23.06979, 40.8, 23.95069, 0.0, 23.8, 20.9, 0.233, 0.22, 0.0, 431.525
dnf, 20150816, 	29.7, 23.660746, 40.3, 24.921188, 0.0, 24.2, 21.0, 0.222, 0.208, 0.0, 499.10062
dnf, 20150817, 	28.5, 23.67986, 37.1, 23.99514, 0.0, 24.1, 21.7, 0.21, 0.199, 0.0, 339.92764
dnf, 20150818, 	28.6, 22.23091, 37.6, 23.020481, 0.0, 24.0, 21.0, 0.202, 0.192, 0.0, 375.38562
dnf, 20150819, 	26.3, 22.906242, 32.9, 22.574303, 0.0, 23.7, 21.8, 0.204, 0.19, 0.0, 259.89172
dnf, 20150820, 	23.9, 19.720833, 30.9, 20.590624, 0.0, 23.2, 20.8, 0.201, 0.193, 0.0, 506.63522
dnf, 20150821, 	25.7, 18.911457, 35.5, 19.21944, 0.0, 22.4, 18.5, 0.196, 0.188, 0.0, 518.9938
dnf, 20150822, 	26.5, 19.62222, 34.9, 19.551739, 0.0, 22.1, 18.5, 0.191, 0.183, 0.0, 455.7658
dnf, 20150823, 	28.8, 22.213194, 37.4, 22.161459, 0.0, 22.7, 19.7, 0.187, 0.179, 0.0, 371.10324
dnf, 20150824, 	25.6, 19.187496, 31.5, 19.56458, 0.0, 22.6, 18.8, 0.182, 0.172, 0.0, 536.55066
dnf, 20150825, 	23.0, 17.050688, 32.2, 16.561794, 0.0, 21.2, 17.3, 0.174, 0.166, 0.0, 469.85898
dnf, 20150826, 	24.3, 17.387503, 34.9, 16.899305, 0.0, 20.3, 17.0, 0.169, 0.162, 0.0, 322.02582
dnf, 20150827, 	25.9, 18.987852, 36.7, 19.35937, 0.0, 20.9, 17.5, 0.165, 0.159, 0.0, 452.89102
dnf, 20150828, 	26.1, 19.343754, 33.5, 18.973257, 0.0, 21.1, 17.2, 0.161, 0.155, 0.0, 461.50323
dnf, 20150829, 	28.4, 21.359024, 33.8, 20.648964, 0.0, 21.4, 18.6, 0.157, 0.152, 0.0, 250.35811
dnf, 20150830, 	29.3, 23.475695, 36.8, 23.926039, 0.0, 22.6, 20.0, 0.155, 0.15, 0.0, 394.26666
dnf, 20150831, 	29.5, 23.59028, 38.2, 23.913898, 0.0, 23.2, 20.2, 0.154, 0.147, 0.0, 425.5098
dnf, 20160801, 	27.4, 23.116312, 32.3, 23.162493, 0.0, 25.2, 23.2, 0.342, 0.326, 0.0, 240.66286
dnf, 20160802, 	28.5, 23.330559, 33.0, 23.866318, 0.0, 24.8, 22.8, 0.335, 0.32, 0.0, 356.75723
dnf, 20160803, 	30.5, 24.986113, 34.5, 24.88471, 0.0, 25.2, 23.0, 0.323, 0.303, 0.0, 395.237
dnf, 20160804, 	29.4, 25.354862, 33.8, 25.640282, 0.0, 25.3, 23.6, 0.389, 0.295, 0.0, 418.73685
dnf, 20160805, 	30.7, 25.54062, 34.5, 25.39653, 0.0, 25.6, 23.5, 0.347, 0.314, 0.0, 365.26315
dnf, 20160806, 	28.4, 25.269445, 31.7, 25.488178, 0.0, 25.6, 24.2, 0.397, 0.314, 0.0, 459.71512
dnf, 20160807, 	29.0, 23.272911, 31.7, 22.774315, 0.0, 25.2, 22.7, 0.337, 0.302, 0.0, 484.4152
dnf, 20160808, 	28.9, 23.701385, 30.3, 22.951738, 0.0, 24.5, 22.5, 0.304, 0.272, 0.0, 471.48236
dnf, 20160809, 	31.1, 24.970137, 33.6, 24.740969, 0.0, 25.1, 22.6, 0.274, 0.251, 0.0, 417.62943
dnf, 20160810, 	29.3, 25.537148, 33.0, 25.700348, 0.0, 25.2, 23.8, 0.364, 0.249, 0.0, 245.84525
dnf, 20160811, 	31.3, 26.802086, 33.7, 26.390625, 0.0, 25.6, 23.9, 0.328, 0.29, 0.0, 413.4852
dnf, 20160812, 	30.6, 26.801388, 33.3, 26.529161, 0.0, 25.7, 24.4, 0.292, 0.269, 0.0, 360.0893
dnf, 20160813, 	28.1, 24.959019, 27.5, 24.22256, 0.0, 25.5, 24.3, 0.463, 0.266, 0.0, 67.94444
dnf, 20160814, 	25.7, 22.792006, 29.0, 23.183327, 0.0, 24.4, 23.4, 0.479, 0.42, 0.0, 195.81699
dnf, 20160815, 	27.2, 23.36042, 29.2, 23.494087, 0.0, 24.3, 23.2, 0.477, 0.415, 0.0, 176.29114
dnf, 20160816, 	25.6, 22.923607, 26.9, 22.898258, 0.0, 24.3, 23.5, 0.49, 0.434, 0.0, 174.23271
dnf, 20160817, 	27.1, 22.978127, 30.6, 23.487165, 0.0, 24.4, 23.2, 0.468, 0.425, 0.0, 297.2805
dnf, 20160818, 	28.7, 24.04966, 31.6, 24.289236, 0.0, 24.7, 23.2, 0.428, 0.403, 0.0, 365.95758
dnf, 20160819, 	28.5, 24.272917, 32.2, 24.718754, 0.0, 24.8, 23.5, 0.406, 0.382, 0.0, 383.9816
dnf, 20160820, 	27.6, 23.464224, 30.1, 23.257292, 0.0, 24.7, 23.4, 0.476, 0.382, 0.0, 233.53334
dnf, 20160821, 	25.0, 21.576036, 30.0, 22.156593, 0.0, 24.4, 22.8, 0.451, 0.41, 0.0, 491.1394
dnf, 20160822, 	25.9, 19.352432, 30.9, 19.572226, 0.0, 23.8, 20.6, 0.412, 0.382, 0.0, 451.70303
dnf, 20160823, 	27.1, 20.239574, 35.6, 20.9375, 0.0, 23.4, 20.0, 0.384, 0.362, 0.0, 433.9878
dnf, 20160824, 	30.7, 24.1125, 39.9, 25.281595, 0.0, 24.6, 21.4, 0.365, 0.342, 0.0, 400.59628
dnf, 20160825, 	31.5, 27.375698, 43.0, 29.195143, 0.0, 26.1, 23.2, 0.344, 0.322, 0.0, 431.34375
dnf, 20160826, 	32.1, 26.595844, 43.5, 28.21077, 0.0, 26.5, 23.3, 0.325, 0.304, 0.0, 430.7178
dnf, 20160827, 	29.7, 24.307634, 36.6, 25.451042, 0.0, 26.1, 23.5, 0.455, 0.303, 0.0, 328.27847
dnf, 20160828, 	31.9, 26.36111, 43.0, 28.117023, 0.0, 26.5, 23.7, 0.408, 0.37, 0.0, 402.8125
dnf, 20160829, 	30.5, 25.089931, 41.1, 27.194794, 0.0, 26.4, 23.7, 0.372, 0.337, 0.0, 438.925
dnf, 20160830, 	31.0, 25.859724, 42.3, 27.228827, 0.0, 26.3, 23.9, 0.341, 0.316, 0.0, 406.64374
dnf, 20160831, 	28.8, 24.106598, 40.1, 25.576403, 0.0, 26.0, 23.7, 0.32, 0.307, 0.0, 360.59872
dnf, 20170801, 	28.1, 23.547222, 34.8, 24.681944, 0.0, 24.6, 22.6, 0.298, 0.281, 0.0, 337.02286
dnf, 20170802, 	27.9, 22.78993, 36.5, 24.525002, 0.0, 24.8, 22.6, 0.286, 0.269, 0.0, 421.7093
dnf, 20170803, 	28.8, 23.145483, 35.2, 24.341326, 0.0, 24.9, 22.3, 0.271, 0.254, 0.0, 446.11627
dnf, 20170804, 	26.3, 21.530552, 27.6, 21.982986, 0.0, 24.6, 22.7, 0.258, 0.243, 0.0, 406.25146
dnf, 20170805, 	23.8, 17.544792, 31.1, 18.547579, 0.0, 23.0, 20.0, 0.246, 0.234, 0.0, 405.86707
dnf, 20170806, 	21.8, 19.207987, 23.9, 18.980562, 0.0, 22.3, 21.0, 0.238, 0.232, 0.0, 129.35715
dnf, 20170807, 	24.7, 19.88541, 30.5, 20.874645, 0.0, 22.4, 20.8, 0.372, 0.233, 0.0, 291.10715
dnf, 20170808, 	25.7, 20.422571, 32.8, 21.864923, 0.0, 23.0, 20.6, 0.336, 0.299, 0.0, 517.80115
dnf, 20170809, 	26.3, 19.945484, 33.5, 21.11493, 0.0, 22.8, 19.9, 0.3, 0.274, 0.0, 494.17545
dnf, 20170810, 	27.8, 20.96875, 34.1, 22.073957, 0.0, 23.0, 20.0, 0.278, 0.257, 0.0, 427.20587
dnf, 20170811, 	26.8, 22.795143, 30.7, 22.807987, 0.0, 22.9, 21.0, 0.262, 0.251, 0.0, 264.84525
dnf, 20170812, 	25.9, 21.85973, 33.0, 23.28923, 0.0, 23.0, 21.2, 0.253, 0.238, 0.0, 445.46747
dnf, 20170813, 	26.8, 20.560066, 33.3, 21.56596, 0.0, 22.8, 20.3, 0.24, 0.228, 0.0, 420.1006
dnf, 20170814, 	27.6, 21.707981, 34.7, 22.75729, 0.0, 22.9, 20.6, 0.231, 0.22, 0.0, 357.76047
dnf, 20170815, 	29.1, 23.561462, 35.7, 25.229168, 0.0, 23.6, 21.4, 0.224, 0.214, 0.0, 377.375
dnf, 20170816, 	30.0, 24.660078, 34.9, 25.312504, 0.0, 24.0, 21.7, 0.217, 0.209, 0.0, 361.39285
dnf, 20170817, 	29.6, 25.958672, 33.8, 26.35694, 0.0, 24.3, 22.6, 0.212, 0.202, 0.0, 348.2927
dnf, 20170818, 	28.2, 24.439934, 33.1, 25.268063, 0.0, 24.2, 22.4, 0.205, 0.194, 0.0, 453.16666
dnf, 20170819, 	30.4, 24.446873, 36.1, 25.213196, 0.0, 24.3, 22.0, 0.197, 0.188, 0.0, 419.27878
dnf, 20170820, 	31.5, 24.555553, 36.2, 25.410421, 0.0, 24.5, 22.0, 0.289, 0.183, 0.0, 390.48193
dnf, 20170821, 	30.5, 24.395485, 34.1, 24.39619, 0.0, 24.2, 22.4, 0.253, 0.231, 0.0, 259.10303
dnf, 20170822, 	26.7, 23.817719, 31.6, 24.130556, 0.0, 23.9, 22.8, 0.294, 0.229, 0.0, 258.37656
dnf, 20170823, 	25.1, 20.538189, 31.4, 21.911814, 0.0, 23.8, 21.4, 0.265, 0.241, 0.0, 456.43976
dnf, 20170824, 	25.3, 18.598606, 32.5, 20.018751, 0.0, 22.8, 19.7, 0.244, 0.225, 0.0, 475.51514
dnf, 20170825, 	24.9, 18.71285, 31.1, 20.061459, 0.0, 22.1, 19.7, 0.228, 0.213, 0.0, 444.64417
dnf, 20170826, 	25.4, 19.234022, 30.9, 20.145132, 0.0, 21.6, 19.4, 0.216, 0.2, 0.0, 470.1902
dnf, 20170827, 	27.3, 19.988546, 31.7, 20.893402, 0.0, 21.5, 19.2, 0.203, 0.19, 0.0, 450.2037
dnf, 20170828, 	26.5, 20.613892, 31.3, 21.206951, 0.0, 21.9, 19.8, 0.192, 0.184, 0.0, 360.81012
dnf, 20170829, 	25.8, 21.153126, 31.7, 22.07709, 0.0, 22.2, 20.6, 0.187, 0.183, 0.0, 271.3585
dnf, 20170830, 	27.8, -13.829168, 35.6, 22.431606, 0.0, 22.5, 19.9, 0.186, 0.18, 0.0, 388.60495
dnf, 20170831, 	27.5, 22.049995, 32.7, 22.925356, 0.0, 22.7, 20.6, 0.183, 0.175, 0.0, 429.64374
dnf, 20180801, 	26.5, 20.89479, 33.9, 22.087837, 0.0, 1.4E-45, 0.0, 1.4E-45, 0.0, 0.0, 406.87656
dnf, 20180802, 	28.7, 21.770483, 35.5, 22.605202, 0.0, 1.4E-45, 0.0, 1.4E-45, 0.0, 0.0, 519.23456
dnf, 20180803, 	29.6, 23.117012, 33.8, 22.3986, 0.0, 1.4E-45, 0.0, 1.4E-45, 0.0, 0.0, 405.7866
dnf, 20180804, 	31.5, 26.180216, 37.4, 26.086107, 0.0, 1.4E-45, 0.0, 1.4E-45, 0.0, 0.0, 449.09036
dnf, 20180805, 	32.4, 25.896868, 37.9, 25.695484, 0.0, 1.4E-45, 0.0, 1.4E-45, 0.0, 0.0, 435.9277
dnf, 20180806, 	32.0, 26.344797, 38.2, 26.630909, 0.0, 1.4E-45, 0.0, 1.4E-45, 0.0, 0.0, 468.50302
dnf, 20180807, 	29.1, 25.072565, 33.1, 25.031246, 0.0, 1.4E-45, 0.0, 1.4E-45, 0.0, 0.0, 367.3376
dnf, 20180808, 	28.8, 24.3059, 34.4, 24.847221, 0.0, 1.4E-45, 0.0, 1.4E-45, 0.0, 0.0, 344.43558
dnf, 20180809, 	28.1, 23.595482, 32.2, 23.636103, 0.0, 1.4E-45, 0.0, 1.4E-45, 0.0, 0.0, 376.5427
dnf, 20180810, 	30.1, 23.90243, 35.9, 24.398603, 0.0, 1.4E-45, 0.0, 1.4E-45, 0.0, 0.0, 450.76102
dnf, 20180811, 	29.7, 24.732979, 35.8, 25.068396, 0.0, 1.4E-45, 0.0, 1.4E-45, 0.0, 0.0, 488.05096
dnf, 20180812, 	29.9, 23.865273, 35.8, 24.459724, 0.0, 1.4E-45, 0.0, 1.4E-45, 0.0, 0.0, 477.89505
dnf, 20180813, 	29.5, 23.477766, 34.9, 23.864933, 0.0, 1.4E-45, 0.0, 1.4E-45, 0.0, 0.0, 466.09317
dnf, 20180814, 	30.5, 23.573961, 37.3, 23.767002, 0.0, 1.4E-45, 0.0, 1.4E-45, 0.0, 0.0, 454.08124
dnf, 20180815, 	25.9, 23.296165, 26.3, 22.08402, 0.0, 1.4E-45, 0.0, 1.4E-45, 0.0, 0.0, 143.375
dnf, 20180816, 	26.4, 22.113201, 27.7, 22.04723, 0.0, 1.4E-45, 0.0, 1.4E-45, 0.0, 0.0, 160.76692
dnf, 20180817, 	28.1, 24.109371, 30.9, 24.105904, 0.0, 1.4E-45, 0.0, 1.4E-45, 0.0, 0.0, 305.15894
dnf, 20180818, 	27.4, 22.352776, 31.1, 22.798965, 0.0, 1.4E-45, 0.0, 1.4E-45, 0.0, 0.0, 308.35257
dnf, 20180819, 	29.1, 24.034027, 32.8, 24.320139, 0.0, 1.4E-45, 0.0, 1.4E-45, 0.0, 0.0, 484.85443
dnf, 20180820, 	28.3, 24.072914, 30.8, 23.653816, 0.0, 1.4E-45, 0.0, 1.4E-45, 0.0, 0.0, 269.9618
dnf, 20180821, 	25.9, 22.167711, 29.2, 22.22918, 0.0, 1.4E-45, 0.0, 1.4E-45, 0.0, 0.0, 299.5238
dnf, 20180822, 	24.0, 20.498953, 27.2, 20.538542, -416.0, 1.4E-45, 0.0, 1.4E-45, 0.0, 0.0, 397.09033
dnf, 20180823, 	25.8, 18.675343, 29.3, 18.77396, 0.0, 1.4E-45, 0.0, 1.4E-45, 0.0, 0.0, 503.80893
dnf, 20180824, 	21.8, 17.776394, 24.7, 16.65868, 0.0, 1.4E-45, 0.0, 1.4E-45, 0.0, 0.0, 192.34616
dnf, 20180825, 	29.8, 22.318062, 31.2, 21.886469, 0.0, 1.4E-45, 0.0, 1.4E-45, 0.0, 0.0, 245.20805
dnf, 20180826, 	31.0, 26.806948, 33.6, 26.493404, 0.0, 1.4E-45, 0.0, 1.4E-45, 0.0, 0.0, 426.1613
dnf, 20180827, 	31.4, 26.675348, 33.9, 25.995146, 0.0, 1.4E-45, 0.0, 1.4E-45, 0.0, 0.0, 427.0
dnf, 20180828, 	31.8, 26.804855, 34.2, 26.27327, 0.0, 1.4E-45, 0.0, 1.4E-45, 0.0, 0.0, 443.7871
dnf, 20180829, 	30.7, 25.67118, 33.5, 24.96632, 0.0, 1.4E-45, 0.0, 1.4E-45, 0.0, 0.0, 328.4091
dnf, 20180830, 	27.3, 22.642008, 31.6, 22.960073, 0.0, 1.4E-45, 0.0, 1.4E-45, 0.0, 0.0, 361.39215
dnf, 20180831, 	28.4, 21.608673, 31.5, 21.236805, 0.0, 1.4E-45, 0.0, 1.4E-45, 0.0, 0.0, 225.16551
