9yw, 20120801, 	38.1, 27.70139, 52.7, 29.302774, 0.0, 32.5, 26.3, 0.068, 0.058, 0.0, 379.41974
9zj, 20120801, 	37.0, 28.676382, 45.8, 29.71007, 0.0, 29.7, 24.8, 0.143, 0.129, 0.0, 505.16766
9yw, 20120802, 	36.2, 26.889236, 44.9, 27.370481, 0.0, 30.7, 25.3, 0.083, 0.062, 0.0, 340.71875
9zj, 20120802, 	34.3, 26.692009, 45.3, 27.402779, 0.0, 29.2, 24.7, 0.134, 0.123, 0.0, 360.13333
9yw, 20120803, 	37.4, 29.063894, 51.0, 30.904854, 0.0, 31.6, 25.1, 0.086, 0.076, 0.0, 462.71155
9zj, 20120803, 	34.9, 27.507645, 47.7, 28.870487, 0.0, 28.9, 24.9, 0.13, 0.121, 0.0, 389.59882
9yw, 20120804, 	36.2, 27.615284, 40.8, 27.013542, 0.0, 30.9, 25.7, 0.121, 0.079, 0.0, 383.4922
9zj, 20120804, 	33.8, 27.923958, 49.0, 29.096535, 0.0, 29.7, 25.8, 0.127, 0.119, 0.0, 354.27274
9yw, 20120805, 	33.4, 24.860767, 42.6, 26.912848, 0.0, 28.1, 24.2, 0.16, 0.102, 0.0, 486.6757
9zj, 20120805, 	30.8, 24.06493, 44.5, 27.268744, 0.0, 29.2, 23.8, 0.126, 0.113, 0.0, 584.4968
9yw, 20120806, 	33.3, 23.37222, 44.9, 26.178474, 0.0, 29.6, 22.2, 0.155, 0.145, 0.0, 573.9259
9zj, 20120806, 	33.3, 23.390284, 47.0, 26.544792, 0.0, 29.4, 22.7, 0.121, 0.108, 0.0, 548.4431
9yw, 20120807, 	35.4, 24.70069, 46.7, 27.07916, 0.0, 30.5, 22.8, 0.147, 0.138, 0.0, 556.1852
9zj, 20120807, 	37.6, 27.361456, 49.9, 28.905901, 0.0, 30.0, 23.5, 0.119, 0.106, 0.0, 514.9697
9yw, 20120808, 	36.9, 27.289228, 47.3, 27.743053, 0.0, 30.8, 24.0, 0.142, 0.133, 0.0, 483.89505
9zj, 20120808, 	30.7, 24.508688, 33.2, 23.814938, 0.0, 29.7, 24.7, 0.149, 0.104, 0.0, 258.9021
9yw, 20120809, 	33.7, 26.496534, 46.2, 28.392714, 0.0, 30.4, 24.5, 0.135, 0.126, 0.0, 496.99362
9zj, 20120809, 	28.7, 23.650002, 41.2, 25.995144, 0.0, 27.3, 23.1, 0.138, 0.122, 0.0, 511.25925
9yw, 20120810, 	31.0, 22.91493, 41.8, 25.232635, 0.0, 29.8, 24.1, 0.129, 0.119, 0.0, 486.25467
9zj, 20120810, 	27.1, 21.217693, 42.4, 24.048958, 0.0, 27.0, 22.2, 0.125, 0.112, 0.0, 523.8896
9yw, 20120811, 	29.2, 19.38541, 43.2, 22.634726, 0.0, 28.7, 21.6, 0.122, 0.113, 0.0, 548.3975
9zj, 20120811, 	28.4, 20.411116, 43.5, 23.409378, 0.0, 27.0, 21.0, 0.119, 0.105, 0.0, 496.86584
9yw, 20120812, 	27.6, 18.918406, 30.7, 18.486456, 0.0, 28.0, 22.6, 0.118, 0.107, 0.0, 172.63759
9zj, 20120812, 	29.9, 21.7257, 36.2, 21.707981, 0.0, 26.5, 22.4, 0.116, 0.104, 0.0, 238.97403
9yw, 20120813, 	25.8, 21.67884, 34.2, 21.74514, 0.0, 24.4, 21.8, 0.112, 0.106, 0.0, 224.8129
9zj, 20120813, 	26.7, 20.29374, 29.4, 20.881243, 0.0, 24.4, 22.2, 0.109, 0.101, 0.0, 179.42676
9yw, 20120814, 	24.0, 20.027431, 33.5, 21.183334, 0.0, 24.5, 21.5, 0.109, 0.103, 0.0, 236.14102
9zj, 20120814, 	26.8, 18.956947, 39.2, 20.409374, 0.0, 24.1, 19.6, 0.108, 0.097, 0.0, 359.60123
9yw, 20120815, 	32.7, 21.938889, 45.2, 24.659725, 0.0, 28.1, 20.7, 0.107, 0.101, 0.0, 561.4631
9zj, 20120815, 	32.8, 21.338188, 44.4, 23.893759, 0.0, 26.6, 19.6, 0.108, 0.096, 0.0, 521.54034
9yw, 20120816, 	34.1, 24.885414, 44.1, 24.516321, 0.0, 27.5, 23.4, 0.136, 0.097, 0.0, 256.4186
9zj, 20120816, 	30.8, 24.481247, 37.1, 25.009722, 0.0, 26.2, 22.9, 0.107, 0.096, 0.0, 341.9367
9yw, 20120817, 	26.4, 20.81424, 36.4, 23.572924, 0.0, 25.3, 21.2, 0.257, 0.111, 0.0, 583.66437
9zj, 20120817, 	27.3, 19.452087, 43.7, 22.796526, 0.0, 25.9, 19.8, 0.103, 0.092, 0.0, 570.2038
9yw, 20120818, 	26.3, 17.874306, 36.2, 19.410421, 0.0, 24.3, 18.8, 0.225, 0.21, 0.0, 463.0886
9zj, 20120818, 	26.4, 19.03749, 42.9, 20.115976, 0.0, 25.6, 19.1, 0.102, 0.09, 0.0, 382.3851
9yw, 20120819, 	28.1, 19.624304, 39.2, 21.639587, 0.0, 24.7, 19.7, 0.212, 0.201, 0.0, 445.7044
9zj, 20120819, 	27.9, 20.599653, 43.2, 23.268744, 0.0, 25.1, 20.3, 0.1, 0.09, 0.0, 497.4765
9yw, 20120820, 	28.2, 19.312849, 40.0, 21.05868, 0.0, 24.8, 19.3, 0.203, 0.194, 0.0, 465.2739
9zj, 20120820, 	29.9, 19.802786, 43.3, 21.785069, 0.0, 25.0, 19.1, 0.099, 0.087, 0.0, 428.45
9yw, 20120821, 	31.6, 20.281593, 41.7, 21.639582, 0.0, 25.8, 19.2, 0.195, 0.187, 0.0, 522.4167
9zj, 20120821, 	32.4, 23.179516, 46.7, 25.850002, 0.0, 27.0, 20.4, 0.1, 0.088, 0.0, 524.2484
9yw, 20120822, 	33.4, 22.389582, 42.8, 23.35764, 0.0, 27.0, 19.9, 0.188, 0.18, 0.0, 538.6987
9zj, 20120822, 	35.5, 24.590975, 50.4, 25.865623, 0.0, 26.9, 20.7, 0.098, 0.086, 0.0, 443.18988
9yw, 20120823, 	33.0, 22.690285, 41.4, 23.742018, 0.0, 27.6, 20.8, 0.182, 0.173, 0.0, 527.4805
9zj, 20120823, 	35.6, 26.062162, 46.3, 26.356606, 0.0, 27.2, 21.2, 0.097, 0.085, 0.0, 505.49677
9yw, 20120824, 	31.7, 23.021873, 39.6, 23.108337, 0.0, 26.8, 21.6, 0.175, 0.166, 0.0, 428.80768
9zj, 20120824, 	32.0, 25.73229, 44.2, 25.596523, 0.0, 26.5, 21.9, 0.092, 0.082, 0.0, 360.48386
9yw, 20120825, 	27.4, 22.50486, 33.0, 21.772919, 0.0, 26.0, 22.1, 0.168, 0.161, 0.0, 209.56494
9zj, 20120825, 	32.1, 25.4125, 43.4, 25.223951, 0.0, 26.1, 22.0, 0.092, 0.082, 0.0, 308.5
9yw, 20120826, 	28.1, 23.607983, 36.5, 23.91805, 0.0, 25.2, 22.3, 0.168, 0.164, 0.0, 291.2886
9zj, 20120826, 	26.9, 23.176754, 29.5, 23.265635, 0.0, 25.7, 23.4, 0.179, 0.086, 0.0, 166.08511
9yw, 20120827, 	28.4, 23.67535, 37.1, 25.154854, 0.0, 25.9, 23.0, 0.19, 0.164, 0.0, 349.08725
9zj, 20120827, 	32.5, 24.05277, 40.4, 25.462503, 0.0, 27.2, 21.6, 0.151, 0.135, 0.0, 495.50323
9yw, 20120828, 	30.9, 21.529512, 39.7, 23.068754, 0.0, 26.1, 20.2, 0.185, 0.174, 0.0, 527.1177
9zj, 20120828, 	33.7, 24.971878, 43.6, 26.185411, 0.0, 27.6, 21.7, 0.138, 0.124, 0.0, 483.60388
9yw, 20120829, 	31.9, 22.081245, 40.3, 23.379158, 0.0, 26.6, 20.6, 0.175, 0.166, 0.0, 525.3595
9zj, 20120829, 	34.7, 26.39965, 45.0, 26.978817, 0.0, 27.8, 22.1, 0.127, 0.114, 0.0, 477.12338
9yw, 20120830, 	33.6, 22.187157, 41.4, 23.074993, 0.0, 27.3, 20.3, 0.167, 0.157, 0.0, 508.5658
9zj, 20120830, 	36.5, 27.42118, 47.3, 28.263203, 0.0, 28.1, 22.4, 0.118, 0.106, 0.0, 496.11765
9yw, 20120831, 	28.4, 23.633675, 26.8, 23.023947, 0.0, 26.7, 23.2, 0.254, 0.154, 0.0, 105.91912
9zj, 20120831, 	33.6, 23.78611, 29.5, 21.361475, 0.0, 27.8, 22.6, 0.219, 0.1, 0.0, 61.21678
9yw, 20130801, 	29.1, 21.708675, 34.5, 22.267357, 0.0, 24.8, 20.4, 0.274, 0.246, 0.0, 530.47876
9zj, 20130801, 	29.5, 22.588884, 42.0, 24.848263, 0.0, 27.0, 20.6, 0.196, 0.183, 0.0, 533.9763
9yw, 20130802, 	27.1, 20.670835, 26.4, 19.967014, 0.0, 24.5, 20.8, 0.252, 0.238, 0.0, 180.20732
9zj, 20130802, 	27.1, 23.726038, 38.9, 25.02014, 0.0, 26.4, 22.7, 0.189, 0.177, 0.0, 348.2638
9yw, 20130803, 	28.6, 23.375008, 32.5, 23.467022, 0.0, 24.4, 21.5, 0.282, 0.247, 0.0, 410.6087
9zj, 20130803, 	29.2, 22.974653, 42.1, 25.663887, 0.0, 27.3, 22.1, 0.18, 0.167, 0.0, 483.8889
9yw, 20130804, 	26.0, 20.852085, 25.8, 20.496515, 0.0, 24.4, 21.6, 0.284, 0.264, 0.0, 119.8
9zj, 20130804, 	25.9, 20.910069, 37.7, 21.69688, 0.0, 26.6, 21.7, 0.172, 0.156, 0.0, 314.0476
9yw, 20130805, 	26.9, 21.22187, 30.5, 21.28403, 0.0, 23.1, 20.8, 0.329, 0.283, 0.0, 290.9565
9zj, 20130805, 	29.3, 23.251034, 41.7, 25.602434, 0.0, 26.6, 22.2, 0.159, 0.15, 0.0, 370.9759
9yw, 20130806, 	28.2, 22.944786, 31.5, 23.19826, 0.0, 24.3, 21.5, 0.333, 0.305, 0.0, 368.38
9zj, 20130806, 	31.4, 24.610764, 43.3, 26.835411, 0.0, 27.6, 23.0, 0.157, 0.145, 0.0, 418.75308
9yw, 20130807, 	28.4, 23.13681, 32.3, 23.296518, 0.0, 24.3, 21.5, 0.352, 0.299, 0.0, 427.60144
9zj, 20130807, 	32.0, 26.1934, 43.2, 27.436451, 0.0, 27.6, 23.8, 0.152, 0.139, 0.0, 393.69513
9yw, 20130808, 	27.4, 21.9566, 32.5, 22.126734, 0.0, 24.3, 21.5, 0.356, 0.324, 0.0, 379.65573
9zj, 20130808, 	28.2, 21.478819, 33.1, 21.926737, 0.0, 27.2, 22.3, 0.145, 0.129, 0.0, 277.90475
9yw, 20130809, 	25.2, 22.732306, 28.6, 22.738537, 0.0, 23.8, 22.3, 0.351, 0.335, 0.0, 181.23225
9zj, 20130809, 	26.2, 22.6007, 34.8, 23.737497, 0.0, 24.9, 22.3, 0.137, 0.128, 0.0, 269.18405
9yw, 20130810, 	27.8, 21.846529, 32.7, 22.808678, 0.0, 24.5, 21.3, 0.352, 0.339, 0.0, 475.82803
9zj, 20130810, 	29.1, 22.892012, 43.4, 25.642015, 0.0, 27.2, 21.6, 0.136, 0.123, 0.0, 552.3681
9yw, 20130811, 	29.4, 22.701744, 35.0, 23.13055, 0.0, 24.7, 21.2, 0.342, 0.324, 0.0, 463.99377
9zj, 20130811, 	30.6, 22.74097, 43.7, 24.840633, 0.0, 27.0, 21.4, 0.134, 0.12, 0.0, 541.3273
9yw, 20130812, 	28.0, 23.165283, 32.5, 23.27812, 0.0, 24.5, 22.5, 0.35, 0.322, 0.0, 270.94193
9zj, 20130812, 	28.0, 22.545828, 40.5, 22.582636, 0.0, 26.5, 22.5, 0.128, 0.118, 0.0, 218.69698
9yw, 20130813, 	26.0, 20.867355, 31.9, 21.10937, 0.0, 23.9, 21.2, 0.347, 0.329, 0.0, 389.33545
9zj, 20130813, 	27.9, 21.416664, 41.6, 23.302425, 0.0, 25.9, 21.0, 0.126, 0.114, 0.0, 477.04907
9yw, 20130814, 	23.0, 17.880909, 29.1, 18.664585, 0.0, 23.2, 19.6, 0.331, 0.317, 0.0, 563.06915
9zj, 20130814, 	25.5, 18.962849, 42.7, 22.065632, 0.0, 25.9, 20.4, 0.123, 0.111, 0.0, 526.3232
9yw, 20130815, 	22.7, 15.004166, 30.0, 15.956255, 0.0, 22.3, 17.8, 0.319, 0.307, 0.0, 482.53796
9zj, 20130815, 	22.7, 18.613543, 33.4, 19.666672, 0.0, 25.1, 21.0, 0.12, 0.11, 0.0, 282.7875
9yw, 20130816, 	22.1, 15.913195, 28.7, 16.64688, 0.0, 21.3, 17.8, 0.309, 0.297, 0.0, 405.325
9zj, 20130816, 	25.8, 19.472227, 42.0, 21.774649, 0.0, 24.4, 19.8, 0.119, 0.106, 0.0, 459.89874
9yw, 20130817, 	24.9, 17.476738, 30.5, 18.180553, 0.0, 21.5, 18.0, 0.298, 0.284, 0.0, 450.94937
9zj, 20130817, 	27.9, 19.612846, 44.5, 21.24931, 0.0, 25.3, 19.2, 0.117, 0.104, 0.0, 495.01227
9yw, 20130818, 	25.9, 18.76042, 32.6, 19.306944, 0.0, 22.0, 18.2, 0.286, 0.27, 0.0, 474.9114
9zj, 20130818, 	28.1, 20.487495, 44.1, 22.399994, 0.0, 25.1, 19.5, 0.114, 0.103, 0.0, 490.81482
9yw, 20130819, 	28.4, -119.018, 33.7, 21.008682, 0.0, 23.0, 18.9, 0.273, 0.257, 0.0, 502.30127
9zj, 20130819, 	29.6, 22.07744, 43.8, 23.73125, 0.0, 25.7, 20.3, 0.113, 0.102, 0.0, 490.2
9yw, 20130820, 	28.5, 21.13853, 34.6, 21.710762, 0.0, 23.5, 19.5, 0.259, 0.242, 0.0, 530.63464
9zj, 20130820, 	31.5, 24.007982, 44.4, 25.35903, 0.0, 26.4, 21.1, 0.112, 0.102, 0.0, 479.3416
9yw, 20130821, 	29.9, -152.10733, 34.3, 21.783676, 0.0, 23.7, 19.7, 0.244, 0.227, 0.0, 456.94873
9zj, 20130821, 	32.3, 25.155907, 44.0, 26.785072, 0.0, 26.9, 22.0, 0.111, 0.102, 0.0, 482.75156
9yw, 20130822, 	30.5, 23.293394, 34.0, 23.071878, 0.0, 24.1, 20.4, 0.229, 0.211, 0.0, 462.26114
9zj, 20130822, 	30.8, 25.067368, 46.0, 25.11249, 0.0, 26.6, 22.3, 0.111, 0.101, 0.0, 300.475
9yw, 20130823, 	31.2, 23.228464, 35.8, 23.525002, 0.0, 24.6, 20.6, 0.213, 0.195, 0.0, 491.41934
9zj, 20130823, 	33.7, 25.679161, 45.6, 27.806593, 0.0, 27.3, 22.7, 0.111, 0.1, 0.0, 415.6962
9yw, 20130824, 	31.4, 23.663898, 35.0, 23.871174, 0.0, 24.8, 21.0, 0.196, 0.179, 0.0, 530.42487
9zj, 20130824, 	33.8, 27.28438, 45.7, 29.189932, 0.0, 28.2, 23.4, 0.11, 0.1, 0.0, 490.11322
9yw, 20130825, 	31.5, 22.346869, 35.6, 22.407642, 0.0, 24.9, 20.4, 0.181, 0.166, 0.0, 535.7632
9zj, 20130825, 	33.8, 26.040276, 47.8, 27.604517, 0.0, 28.2, 22.9, 0.109, 0.098, 0.0, 487.8742
9yw, 20130826, 	32.0, 25.38195, 36.8, 25.2934, 0.0, 25.7, 22.1, 0.168, 0.155, 0.0, 489.84314
9zj, 20130826, 	35.2, 27.050694, 48.0, 28.611807, 0.0, 28.5, 23.2, 0.107, 0.097, 0.0, 485.52533
9yw, 20130827, 	31.8, 25.057974, 36.3, 24.431593, 0.0, 25.9, 22.1, 0.158, 0.147, 0.0, 479.28104
9zj, 20130827, 	35.5, 28.022917, 47.1, 29.460754, 0.0, 28.4, 23.9, 0.106, 0.096, 0.0, 516.10895
9yw, 20130828, 	31.8, -11.220138, 36.3, 23.46007, 0.0, 25.6, 21.5, 0.15, 0.139, 0.0, 469.72726
9zj, 20130828, 	35.0, 27.065285, 48.8, 28.535418, 0.0, 28.8, 23.3, 0.106, 0.094, 0.0, 496.0
9yw, 20130829, 	32.6, 24.321535, 37.7, 24.161121, 0.0, 25.9, 21.4, 0.141, 0.131, 0.0, 485.28104
9zj, 20130829, 	34.4, 27.420143, 52.0, 28.403133, 0.0, 28.5, 23.8, 0.103, 0.093, 0.0, 432.25323
9yw, 20130830, 	34.1, 26.141317, 38.8, 25.94999, 0.0, 26.5, 22.4, 0.133, 0.122, 0.0, 454.88815
9zj, 20130830, 	38.1, 29.448265, 49.3, 30.969103, 0.0, 29.6, 24.6, 0.103, 0.093, 0.0, 477.53204
9yw, 20130831, 	34.9, 26.884377, 38.6, 26.299305, 0.0, 27.0, 22.8, 0.127, 0.117, 0.0, 467.73026
9zj, 20130831, 	34.4, 28.174652, 46.9, 28.293049, 0.0, 29.2, 25.0, 0.102, 0.093, 0.0, 310.25323
9yw, 20140801, 	30.6, -48.645493, 41.5, 22.472216, 0.0, 24.8, 20.8, 0.083, 0.075, 0.0, 419.5122
9zj, 20140801, 	28.3, 21.419094, 38.6, 21.722227, 0.0, 23.3, 21.1, 0.145, 0.138, 0.0, 350.33334
9yw, 20140802, 	31.0, 21.712502, 41.8, 23.430553, 0.0, 25.7, 20.6, 0.081, 0.074, 0.0, 507.69278
9zj, 20140802, 	30.5, 22.232286, 40.5, 23.086805, 0.0, 24.0, 20.7, 0.143, 0.136, 0.0, 491.4386
9yw, 20140803, 	31.5, 21.133682, 41.8, 22.150349, 0.0, 25.5, 20.5, 0.081, 0.073, 0.0, 438.47903
9zj, 20140803, 	30.1, 22.994791, 41.2, 23.942364, 0.0, 24.4, 21.2, 0.142, 0.135, 0.0, 477.94705
9yw, 20140804, 	32.8, 22.447914, 43.1, 23.44445, 0.0, 25.5, 21.0, 0.079, 0.07, 0.0, 403.2622
9zj, 20140804, 	30.6, 23.284382, 35.8, 22.915972, 0.0, 24.5, 22.0, 0.142, 0.135, 0.0, 365.54166
9yw, 20140805, 	33.9, 25.138897, 43.9, 25.591316, 0.0, 26.0, 22.1, 0.079, 0.071, 0.0, 392.92593
9zj, 20140805, 	30.0, 24.048265, 36.1, 25.02848, 0.0, 25.0, 22.4, 0.17, 0.139, 0.0, 416.56885
9yw, 20140806, 	35.0, 24.798609, 45.8, 26.120132, 0.0, 26.6, 22.0, 0.078, 0.071, 0.0, 431.43292
9zj, 20140806, 	28.4, 23.751047, 31.3, 23.730894, 0.0, 25.0, 22.9, 0.153, 0.144, 0.0, 286.65854
9yw, 20140807, 	27.3, 22.887506, 30.5, 22.712503, 0.0, 26.5, 23.0, 0.176, 0.071, 0.0, 217.80646
9zj, 20140807, 	25.5, 21.571526, 32.5, 22.454865, 0.0, 24.1, 21.9, 0.388, 0.144, 0.0, 282.3464
9yw, 20140808, 	29.0, 22.793402, 35.7, 23.515976, 0.0, 24.8, 22.2, 0.193, 0.176, 0.0, 379.77017
9zj, 20140808, 	22.2, 20.637156, 26.0, 21.509377, 0.0, 23.4, 22.4, 0.348, 0.328, 0.0, 145.32704
9yw, 20140809, 	28.7, -12.079514, 37.3, 23.621176, 0.0, 24.8, 22.2, 0.188, 0.177, 0.0, 343.7875
9zj, 20140809, 	26.0, 21.806929, 31.0, 22.793413, 0.0, 23.4, 22.3, 0.33, 0.315, 0.0, 248.7255
9yw, 20140810, 	31.0, 22.834723, 37.1, 23.507639, 0.0, 24.8, 21.9, 0.202, 0.167, 0.0, 356.4695
9zj, 20140810, 	24.7, 21.301737, 27.4, 21.514923, 0.0, 23.4, 22.2, 0.32, 0.306, 0.0, 205.84146
9yw, 20140811, 	28.6, 23.135757, 33.8, 23.752426, 0.0, 24.6, 22.2, 0.237, 0.201, 0.0, 489.10898
9zj, 20140811, 	26.4, 21.930902, 32.4, 22.898262, 0.0, 23.7, 22.2, 0.31, 0.286, 0.0, 457.97562
9yw, 20140812, 	26.9, 21.06389, 33.2, 21.734718, 0.0, 24.5, 21.0, 0.216, 0.196, 0.0, 541.7485
9zj, 20140812, 	25.6, 19.590633, 33.4, 20.177082, 0.0, 23.7, 21.4, 0.29, 0.26, 0.0, 511.56363
9yw, 20140813, 	26.8, 18.509027, 33.9, 19.456947, 0.0, 23.6, 19.3, 0.198, 0.18, 0.0, 539.5901
9zj, 20140813, 	26.6, 19.504175, 32.5, 19.240623, 0.0, 23.0, 20.4, 0.264, 0.231, 0.0, 551.0182
9yw, 20140814, 	29.2, 19.6559, 36.1, 20.48646, 0.0, 23.6, 19.3, 0.181, 0.162, 0.0, 524.913
9zj, 20140814, 	27.3, 20.531597, 33.3, 20.406597, 0.0, 23.1, 20.6, 0.235, 0.21, 0.0, 536.4268
9yw, 20140815, 	30.4, 21.475344, 36.3, 21.592007, 0.0, 23.8, 20.1, 0.164, 0.147, 0.0, 397.6605
9zj, 20140815, 	25.8, 20.078833, 28.0, 19.570486, 0.0, 23.1, 21.5, 0.212, 0.206, 0.0, 69.01227
9yw, 20140816, 	30.0, 23.761803, 33.6, 23.31354, 0.0, 24.2, 21.8, 0.15, 0.138, 0.0, 323.37012
9zj, 20140816, 	24.4, 21.273623, 27.5, 21.42327, 0.0, 22.1, 20.9, 0.412, 0.208, 0.0, 161.18977
9yw, 20140817, 	26.8, 23.28611, 29.9, 23.217705, 0.0, 24.1, 22.3, 0.145, 0.137, 0.0, 225.53595
9zj, 20140817, 	26.2, 21.961798, 30.3, 23.055546, 0.0, 22.7, 21.6, 0.36, 0.337, 0.0, 276.96857
9yw, 20140818, 	30.0, -13.053123, 36.4, 22.680553, 0.0, 24.4, 20.9, 0.144, 0.134, 0.0, 435.1875
9zj, 20140818, 	27.7, -46.81875, 31.5, 23.279163, 0.0, 23.4, 21.9, 0.342, 0.32, 0.0, 377.91772
9yw, 20140819, 	32.9, 24.052082, 38.5, 24.098608, 0.0, 25.2, 21.2, 0.138, 0.123, 0.0, 472.07452
9zj, 20140819, 	29.9, 23.757635, 33.5, 24.089931, 0.0, 24.1, 22.0, 0.324, 0.301, 0.0, 517.41895
9yw, 20140820, 	35.0, 26.176044, 39.4, 25.4625, 0.0, 25.9, 22.0, 0.126, 0.113, 0.0, 458.38608
9zj, 20140820, 	30.8, 25.246874, 32.3, 25.066322, 0.0, 24.5, 23.0, 0.306, 0.286, 0.0, 427.4258
9yw, 20140821, 	35.5, 27.248268, 39.9, 26.324656, 0.0, 26.5, 22.6, 0.115, 0.105, 0.0, 474.59747
9zj, 20140821, 	30.9, 26.421877, 32.7, 26.103134, 0.0, 25.0, 23.4, 0.291, 0.262, 0.0, 454.70624
9yw, 20140822, 	36.1, 27.800005, 41.4, 26.812847, 0.0, 26.6, 23.1, 0.108, 0.098, 0.0, 412.23566
9zj, 20140822, 	31.3, 27.692715, 34.7, 27.626057, 0.0, 25.8, 24.1, 0.267, 0.246, 0.0, 436.7097
9yw, 20140823, 	37.2, 28.423262, 43.9, 27.815624, 0.0, 27.4, 23.3, 0.101, 0.09, 0.0, 478.49683
9zj, 20140823, 	31.8, 27.627096, 33.3, 27.462843, 0.0, 26.1, 24.6, 0.25, 0.227, 0.0, 493.96796
9yw, 20140824, 	37.5, 27.431944, 44.1, 27.41389, 0.0, 27.8, 23.3, 0.094, 0.085, 0.0, 509.3312
9zj, 20140824, 	32.8, 27.00313, 33.7, 26.107994, 0.0, 26.1, 24.0, 0.23, 0.21, 0.0, 490.78616
9yw, 20140825, 	36.6, 27.992022, 45.7, 27.385767, 0.0, 27.7, 23.9, 0.089, 0.08, 0.0, 415.28204
9zj, 20140825, 	32.9, 27.178484, 35.3, 26.586802, 0.0, 26.1, 24.0, 0.212, 0.198, 0.0, 480.24374
9yw, 20140826, 	35.7, 25.731245, 44.7, 25.826048, 0.0, 27.2, 23.3, 0.084, 0.078, 0.0, 378.32706
9zj, 20140826, 	30.3, 25.713194, 33.8, 25.63159, 0.0, 26.1, 24.2, 0.202, 0.19, 0.0, 448.6346
9yw, 20140827, 	34.3, 24.793755, 43.9, 25.241676, 0.0, 26.7, 23.0, 0.082, 0.075, 0.0, 385.7255
9zj, 20140827, 	27.2, 22.691317, 28.7, 22.558325, 0.0, 25.7, 23.7, 0.207, 0.188, 0.0, 208.45161
9yw, 20140828, 	34.1, 25.450695, 44.4, 26.443062, 0.0, 27.2, 23.0, 0.08, 0.074, 0.0, 444.9304
9zj, 20140828, 	30.1, 24.012154, 33.2, 24.31633, 0.0, 24.9, 23.7, 0.211, 0.205, 0.0, 330.86093
9yw, 20140829, 	33.7, 24.896889, 42.5, 24.531597, 0.0, 27.1, 22.9, 0.079, 0.072, 0.0, 391.4935
9zj, 20140829, 	28.3, 24.396524, 30.3, 24.010763, 0.0, 25.0, 23.8, 0.211, 0.204, 0.0, 331.293
9yw, 20140830, 	29.2, 22.93785, 38.9, 23.172915, 0.0, 26.1, 23.2, 0.145, 0.07, 0.0, 249.42465
9zj, 20140830, 	28.5, 23.30452, 32.5, 23.652435, 0.0, 24.7, 23.0, 0.246, 0.204, 0.0, 482.01935
9yw, 20140831, 	33.0, 25.03368, 37.8, 25.44132, 0.0, 26.1, 22.7, 0.156, 0.144, 0.0, 489.05194
9zj, 20140831, 	30.9, 23.869095, 32.6, 23.061113, 0.0, 24.7, 22.6, 0.239, 0.222, 0.0, 474.81412
9yw, 20150801, 	30.8, 22.402086, 34.3, 21.968758, 0.0, 24.6, 21.2, 0.208, 0.192, 0.0, 472.14545
9zj, 20150801, 	30.8, 25.271523, 34.1, 24.931953, 0.0, 24.9, 23.2, 0.433, 0.408, 0.0, 488.81097
9yw, 20150802, 	31.8, 24.266665, 34.7, 23.957298, 0.0, 25.3, 21.7, 0.194, 0.176, 0.0, 518.9578
9zj, 20150802, 	31.3, 24.048615, 32.6, 23.227428, 0.0, 24.9, 22.7, 0.413, 0.384, 0.0, 553.89746
9yw, 20150803, 	31.3, 25.22847, 34.2, 24.326399, 0.0, 25.6, 22.3, 0.178, 0.162, 0.0, 501.9816
9zj, 20150803, 	29.3, 23.51632, 30.6, 22.478477, 0.0, 24.7, 23.0, 0.388, 0.369, 0.0, 361.48486
9yw, 20150804, 	31.5, 24.547226, 34.9, 23.96284, 0.0, 25.4, 22.5, 0.164, 0.152, 0.0, 365.64633
9zj, 20150804, 	26.3, 22.134377, 28.7, 22.143393, 0.0, 23.9, 22.8, 0.385, 0.367, 0.0, 312.15823
9yw, 20150805, 	25.1, 21.487854, 28.4, 21.32882, 0.0, 24.9, 22.6, 0.324, 0.151, 0.0, 147.04666
9zj, 20150805, 	24.6, 21.830553, 28.8, 21.717705, 0.0, 23.6, 22.4, 0.375, 0.366, 0.0, 174.15952
9yw, 20150806, 	27.9, 22.75313, 30.8, 22.85035, 0.0, 24.2, 22.2, 0.317, 0.276, 0.0, 406.15338
9zj, 20150806, 	27.8, 22.320135, 32.0, 22.607994, 0.0, 23.6, 21.8, 0.387, 0.368, 0.0, 454.28394
9yw, 20150807, 	29.2, 22.814583, 32.7, 22.916674, 0.0, 24.4, 21.9, 0.277, 0.259, 0.0, 346.56885
9zj, 20150807, 	30.7, 24.40035, 34.3, 24.267365, 0.0, 24.1, 22.2, 0.377, 0.359, 0.0, 440.33334
9yw, 20150808, 	29.4, 23.989231, 33.0, 23.759727, 0.0, 24.5, 22.6, 0.261, 0.248, 0.0, 289.1677
9zj, 20150808, 	29.8, 24.907282, 32.7, 23.898266, 0.0, 24.2, 23.0, 0.363, 0.35, 0.0, 315.53644
9yw, 20150809, 	33.0, 26.15625, 36.1, 25.966316, 0.0, 25.9, 22.8, 0.249, 0.23, 0.0, 462.90125
9zj, 20150809, 	29.0, 24.954493, 33.2, 25.087152, 0.0, 24.2, 23.2, 0.569, 0.348, 0.0, 351.72415
9yw, 20150810, 	29.5, 25.220837, 31.7, 24.726036, 0.0, 25.8, 23.0, 0.324, 0.228, 0.0, 447.6846
9zj, 20150810, 	29.0, 25.124645, 33.0, 24.942009, 0.0, 24.3, 23.1, 0.523, 0.464, 0.0, 444.73914
9yw, 20150811, 	27.0, 23.57153, 31.2, 23.359713, 0.0, 24.8, 23.0, 0.321, 0.296, 0.0, 506.14725
9zj, 20150811, 	27.7, 22.848265, 31.0, 22.59861, 0.0, 24.3, 22.7, 0.468, 0.43, 0.0, 543.86584
9yw, 20150812, 	27.4, 20.522219, 31.8, 20.390621, 0.0, 24.3, 20.8, 0.298, 0.281, 0.0, 515.47205
9zj, 20150812, 	28.3, 22.654512, 32.9, 21.66284, 0.0, 23.8, 21.7, 0.434, 0.407, 0.0, 497.79755
9yw, 20150813, 	28.3, 20.883684, 33.0, 20.884039, 0.0, 23.6, 20.4, 0.283, 0.265, 0.0, 501.12424
9zj, 20150813, 	28.6, 22.665974, 31.7, 21.564245, 0.0, 23.4, 21.2, 0.411, 0.383, 0.0, 511.09375
9yw, 20150814, 	28.8, 21.326042, 33.0, 21.260422, 0.0, 23.5, 20.6, 0.267, 0.25, 0.0, 460.31012
9zj, 20150814, 	29.5, 24.077085, 32.3, 23.270155, 0.0, 23.8, 21.9, 0.388, 0.36, 0.0, 489.5125
9yw, 20150815, 	29.6, 21.83333, 33.4, 21.754524, 0.0, 23.6, 20.4, 0.253, 0.237, 0.0, 505.64374
9zj, 20150815, 	30.1, 23.97396, 32.7, 22.990973, 0.0, 23.8, 21.6, 0.362, 0.334, 0.0, 503.40372
9yw, 20150816, 	30.0, 21.964231, 34.7, 22.477097, 0.0, 24.0, 20.7, 0.239, 0.225, 0.0, 491.4375
9zj, 20150816, 	30.6, 24.401741, 33.2, 22.796532, 0.0, 23.8, 21.6, 0.339, 0.312, 0.0, 495.03726
9yw, 20150817, 	30.7, 23.367714, 36.1, 22.965271, 0.0, 24.1, 21.3, 0.228, 0.215, 0.0, 399.225
9zj, 20150817, 	29.3, 24.1302, 33.3, 23.11805, 0.0, 23.7, 22.0, 0.316, 0.301, 0.0, 341.48126
9yw, 20150818, 	30.0, 23.485415, 35.3, 23.163536, 0.0, 24.1, 21.9, 0.218, 0.211, 0.0, 340.44025
9zj, 20150818, 	25.5, 22.034721, 26.4, 21.622915, 0.0, 23.5, 22.2, 0.304, 0.298, 0.0, 202.17722
9yw, 20150819, 	23.7, 19.327429, 22.4, 18.789238, 0.0, 23.8, 21.4, 0.248, 0.209, 0.0, 119.196075
9zj, 20150819, 	23.6, 17.654171, 22.6, 17.272213, 0.0, 23.0, 21.2, 0.302, 0.292, 0.0, 310.91217
9yw, 20150820, 	25.5, 17.067015, 29.2, 16.825695, 0.0, 21.7, 18.3, 0.25, 0.24, 0.0, 527.22644
9zj, 20150820, 	26.8, 18.267706, 30.5, 17.709726, 0.0, 21.5, 18.8, 0.295, 0.277, 0.0, 507.6
9yw, 20150821, 	25.2, 17.936462, 29.2, 17.776396, 0.0, 21.7, 18.3, 0.24, 0.227, 0.0, 463.7595
9zj, 20150821, 	27.2, 20.594091, 29.7, 19.236107, 0.0, 21.4, 19.4, 0.28, 0.26, 0.0, 517.9625
9yw, 20150822, 	25.9, 20.51423, 29.5, 19.963188, 0.0, 21.5, 19.9, 0.315, 0.223, 0.0, 223.61783
9zj, 20150822, 	28.4, 21.745142, 31.2, 21.345833, 0.0, 21.9, 20.2, 0.262, 0.25, 0.0, 373.02548
9yw, 20150823, 	24.9, 21.8014, 27.5, 21.355566, 0.0, 22.1, 20.8, 0.304, 0.279, 0.0, 368.9
9zj, 20150823, 	25.8, 21.042707, 28.2, 21.245832, 0.0, 21.9, 20.6, 0.254, 0.242, 0.0, 528.3245
9yw, 20150824, 	24.4, 17.37153, 27.8, 16.920143, 0.0, 21.9, 18.5, 0.281, 0.261, 0.0, 525.8344
9zj, 20150824, 	25.7, 17.248957, 30.8, 16.016321, 0.0, 21.6, 17.9, 0.247, 0.234, 0.0, 540.5786
9yw, 20150825, 	25.6, 16.60451, 29.0, 16.293753, 0.0, 21.0, 17.3, 0.262, 0.245, 0.0, 525.4516
9zj, 20150825, 	25.2, 18.04514, 31.5, 16.901049, 0.0, 20.4, 17.5, 0.237, 0.226, 0.0, 533.5886
9yw, 20150826, 	25.3, 17.316315, 29.3, 17.023962, 0.0, 20.8, 17.3, 0.247, 0.231, 0.0, 510.6433
9zj, 20150826, 	25.6, 18.252434, 31.7, 17.186102, 0.0, 20.2, 17.4, 0.228, 0.217, 0.0, 496.5414
9yw, 20150827, 	25.2, 16.645483, 29.4, 16.737848, 0.0, 20.6, 17.2, 0.234, 0.222, 0.0, 421.7226
9zj, 20150827, 	24.5, 18.455214, 26.8, 16.773958, 0.0, 20.0, 17.8, 0.219, 0.213, 0.0, 271.19354
9yw, 20150828, 	26.6, 18.04167, 31.6, 17.861105, 0.0, 20.9, 17.6, 0.223, 0.213, 0.0, 379.46753
9zj, 20150828, 	23.7, 19.806253, 25.9, 19.084023, 0.0, 19.8, 18.7, 0.247, 0.211, 0.0, 168.08609
9yw, 20150829, 	26.9, 20.841322, 31.0, 20.303476, 0.0, 21.6, 19.3, 0.216, 0.207, 0.0, 336.5036
9zj, 20150829, 	25.2, 21.744804, 29.0, 21.870132, 0.0, 20.8, 19.5, 0.243, 0.228, 0.0, 171.02
9yw, 20150830, 	29.7, 22.60347, 34.2, 22.606594, 0.0, 22.7, 19.6, 0.21, 0.199, 0.0, 403.4935
9zj, 20150830, 	28.8, 22.452768, 33.7, 22.743412, 0.0, 21.7, 20.0, 0.232, 0.222, 0.0, 359.42
9yw, 20150831, 	31.3, 24.10834, 35.4, 23.808327, 0.0, 23.5, 20.4, 0.203, 0.19, 0.0, 444.82666
9zj, 20150831, 	31.9, 24.901031, 35.4, 24.75694, 0.0, 22.8, 20.5, 0.224, 0.213, 0.0, 464.60132
9yw, 20160801, 	27.0, 23.187841, 30.2, 23.025002, 0.0, 24.0, 22.5, 0.319, 0.304, 0.0, 258.5
9zj, 20160801, 	25.0, 21.545149, 25.6, 21.6625, 0.0, 25.1, 23.4, 0.43, 0.204, 0.0, 121.526665
9yw, 20160802, 	32.5, 25.501043, 37.2, 25.95139, 0.0, 25.4, 22.6, 0.306, 0.285, 0.0, 472.65854
9zj, 20160802, 	29.1, 23.51319, 35.6, 24.49999, 0.0, 25.4, 23.3, 0.39, 0.351, 0.0, 334.18405
9yw, 20160803, 	31.4, 25.845482, 36.4, 25.870829, 0.0, 25.9, 23.1, 0.353, 0.284, 0.0, 491.6928
9zj, 20160803, 	30.6, 25.232988, 38.0, 27.045143, 0.0, 26.6, 24.1, 0.356, 0.309, 0.0, 502.84848
9yw, 20160804, 	33.9, 25.298264, 38.3, 25.760063, 0.0, 26.2, 23.0, 0.311, 0.289, 0.0, 494.69644
9zj, 20160804, 	33.2, 27.229168, 38.4, 28.196884, 0.0, 27.3, 24.9, 0.314, 0.269, 0.0, 505.86227
9yw, 20160805, 	32.8, 26.568398, 36.8, 26.78923, 0.0, 26.4, 23.8, 0.292, 0.274, 0.0, 466.17178
9zj, 20160805, 	31.3, 24.499975, 34.6, 25.304508, 0.0, 27.3, 24.3, 0.519, 0.268, 0.0, 264.18622
9yw, 20160806, 	29.4, 23.629864, 29.7, 24.003119, 0.0, 26.3, 24.2, 0.324, 0.273, 0.0, 263.61008
9zj, 20160806, 	26.3, 21.534021, 36.5, 23.674303, 0.0, 25.7, 23.6, 0.459, 0.397, 0.0, 509.097
9yw, 20160807, 	29.0, 23.74374, 35.8, 24.33715, 0.0, 25.1, 23.3, 0.303, 0.287, 0.0, 369.83124
9zj, 20160807, 	25.7, 20.864235, 34.6, 21.726744, 0.0, 25.6, 23.6, 0.405, 0.381, 0.0, 282.9881
9yw, 20160808, 	28.1, 23.019094, 34.5, 23.683681, 0.0, 25.0, 23.2, 0.289, 0.282, 0.0, 363.225
9zj, 20160808, 	26.2, 22.475002, 32.9, 23.206242, 0.0, 24.8, 23.7, 0.385, 0.362, 0.0, 231.03105
9yw, 20160809, 	31.5, 24.031252, 38.0, 24.759027, 0.0, 25.4, 22.6, 0.283, 0.269, 0.0, 434.74847
9zj, 20160809, 	30.4, 24.841671, 38.1, 26.81667, 0.0, 26.3, 24.0, 0.366, 0.328, 0.0, 460.2548
9yw, 20160810, 	31.9, 25.841667, 39.6, 26.158323, 0.0, 25.6, 23.2, 0.271, 0.255, 0.0, 378.39633
9zj, 20160810, 	32.2, 26.736109, 39.3, 27.884039, 0.0, 27.0, 24.8, 0.333, 0.297, 0.0, 435.47272
9yw, 20160811, 	33.2, 26.368061, 39.4, 26.713543, 0.0, 26.1, 23.3, 0.257, 0.238, 0.0, 469.8375
9zj, 20160811, 	32.8, 27.492006, 38.7, 28.223618, 0.0, 27.4, 25.5, 0.302, 0.27, 0.0, 463.79395
9yw, 20160812, 	32.4, 26.62431, 38.6, 26.493746, 0.0, 26.2, 24.0, 0.24, 0.227, 0.0, 380.02615
9zj, 20160812, 	30.9, 25.569801, 32.4, 26.03785, 0.0, 27.4, 25.6, 0.479, 0.268, 0.0, 204.61147
9yw, 20160813, 	28.0, 23.788538, 31.5, 23.970482, 0.0, 25.8, 24.0, 0.251, 0.229, 0.0, 359.17648
9zj, 20160813, 	28.3, 23.6493, 36.0, 25.305904, 0.0, 26.6, 24.7, 0.415, 0.365, 0.0, 520.4303
9yw, 20160814, 	25.5, 19.869078, 24.8, 19.552088, 0.0, 25.2, 22.8, 0.318, 0.246, 0.0, 118.6625
9zj, 20160814, 	28.9, 23.197924, 38.4, 25.169102, 0.0, 26.2, 24.1, 0.369, 0.324, 0.0, 492.73334
9yw, 20160815, 	23.0, 20.077429, 25.7, 20.08751, 0.0, 23.0, 22.1, 0.324, 0.31, 0.0, 135.22078
9zj, 20160815, 	26.0, 22.455214, 35.4, 23.869095, 0.0, 26.1, 24.5, 0.327, 0.306, 0.0, 279.15094
9yw, 20160816, 	27.8, 22.038181, 33.6, 22.816315, 0.0, 24.0, 21.8, 0.318, 0.301, 0.0, 432.23718
9zj, 20160816, 	28.5, -221.09561, 36.4, 24.122917, 0.0, 26.0, 23.8, 0.312, 0.277, 0.0, 482.11044
9yw, 20160817, 	29.1, 22.34931, 34.8, 22.69688, 0.0, 24.1, 21.7, 0.302, 0.288, 0.0, 409.9434
9zj, 20160817, 	30.0, 23.774992, 35.1, 24.26667, 0.0, 26.0, 23.9, 0.318, 0.263, 0.0, 487.1761
9yw, 20160818, 	29.6, 23.387846, 37.0, 24.083675, 0.0, 24.7, 21.9, 0.29, 0.274, 0.0, 453.53705
9zj, 20160818, 	30.7, 25.077774, 36.1, 25.783337, 0.0, 26.4, 24.2, 0.27, 0.244, 0.0, 500.93167
9yw, 20160819, 	30.1, 23.445824, 36.8, 24.115974, 0.0, 24.7, 22.7, 0.276, 0.264, 0.0, 341.125
9zj, 20160819, 	28.7, 24.018393, 35.8, 24.66875, 0.0, 26.2, 24.4, 0.255, 0.233, 0.0, 346.3851
9yw, 20160820, 	26.2, 23.157293, 31.9, 23.05001, 0.0, 24.5, 23.0, 0.265, 0.255, 0.0, 313.59616
9zj, 20160820, 	25.9, 21.80625, 29.4, 22.71875, 0.0, 26.0, 24.3, 0.327, 0.232, 0.0, 393.31818
9yw, 20160821, 	25.5, 19.890976, 31.1, 20.325346, 0.0, 24.0, 21.2, 0.257, 0.24, 0.0, 508.38364
9zj, 20160821, 	24.9, 18.583681, 32.4, 19.36388, 0.0, 24.8, 22.3, 0.272, 0.237, 0.0, 529.09937
9yw, 20160822, 	27.2, 18.045137, 34.8, 18.883675, 0.0, 23.3, 19.6, 0.242, 0.226, 0.0, 527.62177
9zj, 20160822, 	26.7, 19.834724, 32.8, 19.782639, 0.0, 24.1, 21.5, 0.242, 0.221, 0.0, 511.70807
9yw, 20160823, 	27.3, 19.577782, 29.9, 18.990974, 0.0, 22.7, 20.4, 0.233, 0.224, 0.0, 160.65584
9zj, 20160823, 	25.4, 20.947918, 30.4, 20.288544, 0.0, 24.0, 22.2, 0.225, 0.213, 0.0, 204.8375
9yw, 20160824, 	32.1, 26.38819, 36.6, 26.212847, 0.0, 24.5, 21.7, 0.237, 0.226, 0.0, 435.21655
9zj, 20160824, 	27.9, 24.573603, 34.1, 24.811115, 0.0, 24.5, 23.0, 0.449, 0.216, 0.0, 300.31543
9yw, 20160825, 	31.9, 25.581594, 36.7, 24.790628, 0.0, 24.7, 21.9, 0.229, 0.213, 0.0, 417.35257
9zj, 20160825, 	26.3, 22.385426, 30.9, 23.4125, 0.0, 24.6, 23.4, 0.485, 0.357, 0.0, 238.95364
9yw, 20160826, 	29.6, 24.235771, 34.4, 23.95278, 0.0, 24.6, 22.5, 0.219, 0.21, 0.0, 232.0
9zj, 20160826, 	25.3, 21.406242, 31.3, 22.506945, 0.0, 24.4, 23.2, 0.492, 0.418, 0.0, 294.79865
9yw, 20160827, 	30.9, 24.138891, 36.4, 24.505907, 0.0, 24.5, 22.2, 0.213, 0.2, 0.0, 376.28387
9zj, 20160827, 	29.4, 22.925001, 36.6, 24.838202, 0.0, 25.6, 23.0, 0.485, 0.425, 0.0, 443.2434
9yw, 20160828, 	32.2, -10.292014, 37.7, 25.057648, 0.0, 24.9, 22.0, 0.201, 0.185, 0.0, 481.69934
9zj, 20160828, 	31.1, 25.02082, 38.3, 26.51076, 0.0, 26.2, 23.9, 0.432, 0.406, 0.0, 402.76923
9yw, 20160829, 	32.7, 24.700352, 38.4, 25.00313, 0.0, 24.9, 22.1, 0.187, 0.17, 0.0, 461.17532
9zj, 20160829, 	31.8, 25.370836, 39.1, 27.139585, 0.0, 26.5, 24.3, 0.412, 0.376, 0.0, 398.55484
9yw, 20160830, 	32.9, 23.81215, 38.1, 24.270136, 0.0, 25.0, 22.0, 0.173, 0.157, 0.0, 454.39215
9zj, 20160830, 	28.7, 24.070501, 36.9, 25.85208, 0.0, 26.6, 24.1, 0.545, 0.383, 0.0, 418.274
9yw, 20160831, 	27.9, 21.807985, 33.5, 22.127089, 0.0, 24.5, 22.1, 0.158, 0.149, 0.0, 307.38562
9zj, 20160831, 	26.9, 23.036459, 33.4, 24.0875, 0.0, 26.2, 24.8, 0.527, 0.476, 0.0, 318.0
9yw, 20170801, 	29.8, 23.137505, 47.1, 24.857296, 0.0, 27.1, 23.5, 0.135, 0.127, 0.0, 301.4969
9zj, 20170801, 	28.8, 22.277426, 40.8, 24.395483, 0.0, 27.0, 23.5, 0.194, 0.188, 0.0, 470.3466
9yw, 20170802, 	30.1, 22.366669, 51.4, 25.520832, 0.0, 27.1, 22.6, 0.131, 0.124, 0.0, 402.4759
9zj, 20170802, 	30.1, 23.513542, 38.1, 24.11076, 0.0, 27.0, 23.8, 0.191, 0.182, 0.0, 443.49426
9yw, 20170803, 	32.9, 22.434029, 50.6, 25.326733, 0.0, 28.1, 22.6, 0.126, 0.119, 0.0, 413.94547
9zj, 20170803, 	28.4, 22.452082, 36.4, 22.702076, 0.0, 27.0, 24.1, 0.186, 0.178, 0.0, 323.44827
9yw, 20170804, 	26.2, 21.433336, 45.1, 25.84305, 0.0, 27.9, 23.0, 0.122, 0.116, 0.0, 555.439
9zj, 20170804, 	24.9, 18.369799, 37.5, 19.96354, 0.0, 25.5, 22.0, 0.181, 0.173, 0.0, 491.04572
9yw, 20170805, 	24.1, 14.675001, 32.8, 14.52257, 0.0, 27.2, 21.0, 0.145, 0.11, 0.0, 156.61491
9zj, 20170805, 	23.5, 16.8566, 26.1, 15.860765, 0.0, 24.9, 21.4, 0.177, 0.168, 0.0, 178.45143
9yw, 20170806, 	21.8, 18.290283, 24.2, 18.604862, 0.0, 21.9, 19.5, 0.312, 0.145, 0.0, 153.67123
9zj, 20170806, 	23.6, 19.309715, 34.3, 20.726395, 0.0, 23.5, 21.7, 0.227, 0.168, 0.0, 194.18562
9yw, 20170807, 	26.6, 21.010405, 38.4, 23.215622, 0.0, 24.1, 21.0, 0.3, 0.282, 0.0, 318.9441
9zj, 20170807, 	25.7, 20.81389, 34.8, 23.109377, 0.0, 24.6, 22.3, 0.205, 0.185, 0.0, 370.62943
9yw, 20170808, 	27.1, 21.29861, 42.2, 24.287151, 0.0, 25.0, 21.2, 0.283, 0.264, 0.0, 504.06134
9zj, 20170808, 	26.5, 20.188202, 37.6, 22.1566, 0.0, 24.9, 21.6, 0.188, 0.177, 0.0, 486.5607
9yw, 20170809, 	28.3, 19.767357, 44.4, 22.502779, 0.0, 24.8, 20.4, 0.265, 0.248, 0.0, 458.5247
9zj, 20170809, 	28.0, 20.19132, 36.3, 20.264927, 0.0, 24.8, 21.2, 0.18, 0.17, 0.0, 420.61987
9yw, 20170810, 	27.4, 20.482632, 35.4, 21.048967, 0.0, 24.4, 21.4, 0.25, 0.243, 0.0, 216.025
9zj, 20170810, 	30.1, 23.520836, 39.6, 24.790277, 0.0, 25.9, 22.4, 0.174, 0.168, 0.0, 409.43274
9yw, 20170811, 	26.1, 21.834377, 32.5, 22.150684, 0.0, 24.0, 21.7, 0.292, 0.242, 0.0, 199.81529
9zj, 20170811, 	27.6, 23.05139, 38.9, 25.321877, 0.0, 25.7, 23.2, 0.172, 0.163, 0.0, 489.83334
9yw, 20170812, 	24.8, 20.807297, 35.6, 22.472912, 0.0, 24.1, 21.2, 0.284, 0.266, 0.0, 385.5
9zj, 20170812, 	26.8, 20.047218, 38.4, 21.604862, 0.0, 25.2, 21.7, 0.167, 0.158, 0.0, 491.269
9yw, 20170813, 	25.3, 18.527779, 39.2, 20.279858, 0.0, 23.7, 20.2, 0.266, 0.252, 0.0, 299.90063
9zj, 20170813, 	27.5, 20.186104, 38.4, 21.1816, 0.0, 25.0, 21.5, 0.162, 0.154, 0.0, 473.40237
9yw, 20170814, 	26.2, 21.572222, 35.5, 22.878819, 0.0, 24.0, 21.6, 0.256, 0.249, 0.0, 211.53947
9zj, 20170814, 	28.6, 21.031599, 38.9, 22.340626, 0.0, 25.3, 22.0, 0.159, 0.152, 0.0, 391.9643
9yw, 20170815, 	30.1, -12.833341, 43.5, 24.891315, 0.0, 25.5, 21.1, 0.255, 0.244, 0.0, 448.68518
9zj, 20170815, 	31.5, 24.401733, 42.8, 25.913195, 0.0, 26.5, 22.9, 0.159, 0.151, 0.0, 407.06433
9yw, 20170816, 	30.2, 24.45279, 43.1, 25.675003, 0.0, 25.7, 23.1, 0.323, 0.237, 0.0, 360.64615
9zj, 20170816, 	29.0, 23.786121, 34.1, 23.635763, 0.0, 26.2, 23.8, 0.186, 0.151, 0.0, 285.6726
9yw, 20170817, 	28.6, 22.46702, 40.8, 24.263203, 0.0, 24.8, 22.0, 0.333, 0.316, 0.0, 451.4591
9zj, 20170817, 	27.4, 22.920488, 33.3, 24.263548, 0.0, 25.8, 23.6, 0.173, 0.166, 0.0, 484.77914
9yw, 20170818, 	29.3, 21.266323, 40.7, 22.092361, 0.0, 24.7, 21.3, 0.317, 0.298, 0.0, 408.66876
9zj, 20170818, 	30.4, 22.128126, 35.8, 21.38993, 0.0, 25.6, 22.2, 0.169, 0.162, 0.0, 370.9107
9yw, 20170819, 	32.0, 23.837152, 43.9, 25.738892, 0.0, 25.7, 21.9, 0.313, 0.295, 0.0, 512.4658
9zj, 20170819, 	31.0, 23.170828, 36.4, 23.750353, 0.0, 26.1, 22.4, 0.167, 0.161, 0.0, 480.46707
9yw, 20170820, 	30.4, 24.048958, 43.9, 24.701735, 0.0, 25.6, 22.7, 0.295, 0.284, 0.0, 352.93082
9zj, 20170820, 	29.6, 22.941673, 34.7, 21.87188, 0.0, 25.9, 22.9, 0.396, 0.161, 0.0, 259.5
9yw, 20170821, 	32.3, 26.118742, 42.2, 27.375696, 0.0, 25.9, 23.4, 0.286, 0.272, 0.0, 446.61038
9zj, 20170821, 	26.0, 22.234377, 31.8, 21.977083, 0.0, 24.5, 23.2, 0.379, 0.316, 0.0, 131.86504
9yw, 20170822, 	29.1, 24.095478, 34.8, 24.051735, 0.0, 25.9, 23.6, 0.32, 0.269, 0.0, 335.91367
9zj, 20170822, 	25.7, 21.926727, 31.9, 23.229858, 0.0, 24.4, 22.7, 0.46, 0.37, 0.0, 480.62265
9yw, 20170823, 	25.1, 19.684725, 37.9, 21.733334, 0.0, 24.8, 21.6, 0.303, 0.282, 0.0, 552.44305
9zj, 20170823, 	25.1, 18.515272, 33.6, 19.085413, 0.0, 24.3, 21.2, 0.376, 0.347, 0.0, 489.71686
9yw, 20170824, 	26.7, 17.319101, 39.4, 19.72812, 0.0, 23.7, 20.1, 0.283, 0.268, 0.0, 524.3185
9zj, 20170824, 	26.0, 19.336107, 32.4, 19.650694, 0.0, 23.9, 21.2, 0.35, 0.327, 0.0, 435.39395
9yw, 20170825, 	26.6, 18.814232, 39.0, 20.910759, 0.0, 23.3, 20.4, 0.268, 0.255, 0.0, 472.43872
9zj, 20170825, 	26.0, 20.378477, 32.3, 20.431252, 0.0, 23.9, 21.5, 0.331, 0.304, 0.0, 421.89026
9yw, 20170826, 	27.3, 20.610071, 43.9, 22.539223, 0.0, 23.6, 21.0, 0.258, 0.246, 0.0, 439.7143
9zj, 20170826, 	28.0, 21.11597, 32.8, 21.145485, 0.0, 24.0, 21.5, 0.307, 0.281, 0.0, 452.79877
9yw, 20170827, 	29.1, 20.201744, 41.6, 21.904505, 0.0, 23.9, 20.5, 0.247, 0.235, 0.0, 482.19873
9zj, 20170827, 	24.6, 19.869795, 25.5, 18.968409, 0.0, 23.9, 22.0, 0.284, 0.272, 0.0, 95.386505
9yw, 20170828, 	26.7, 21.744104, 37.7, 23.196175, 0.0, 24.1, 21.8, 0.242, 0.235, 0.0, 421.6424
9zj, 20170828, 	25.7, -14.389574, 34.5, 22.11736, 0.0, 23.4, 21.5, 0.28, 0.264, 0.0, 443.54657
9yw, 20170829, 	26.3, 19.023262, 40.2, 20.931597, 0.0, 23.9, 20.9, 0.24, 0.234, 0.0, 389.58066
9zj, 20170829, 	25.6, 19.26111, 35.6, 20.397573, 0.0, 23.5, 21.2, 0.268, 0.253, 0.0, 377.2439
9yw, 20170830, 	26.8, 19.371525, 38.5, 21.011105, 0.0, 23.1, 20.4, 0.235, 0.224, 0.0, 476.24677
9zj, 20170830, 	26.4, 20.394798, 35.8, 21.172922, 0.0, 23.9, 21.2, 0.256, 0.241, 0.0, 439.15433
9yw, 20170831, 	23.9, 19.571184, 30.3, 19.401041, 0.0, 22.9, 20.7, 0.227, 0.218, 0.0, 268.549
9zj, 20170831, 	26.6, 20.504864, 34.1, 20.515968, 0.0, 23.9, 21.2, 0.243, 0.232, 0.0, 420.12424
9yw, 20180801, 	30.2, 20.12396, 45.3, 22.900352, 0.0, 1.4E-45, 0.0, 1.4E-45, 0.0, 0.0, 461.82352
9zj, 20180801, 	31.0, 22.795835, 44.7, 24.509031, 0.0, 1.4E-45, 0.0, 1.4E-45, 0.0, 0.0, 492.65088
9yw, 20180802, 	33.3, 22.593746, 46.2, 25.376038, 0.0, 1.4E-45, 0.0, 1.4E-45, 0.0, 0.0, 506.45883
9zj, 20180802, 	31.0, 23.249657, 42.7, 23.630562, 0.0, 1.4E-45, 0.0, 1.4E-45, 0.0, 0.0, 352.81927
9yw, 20180803, 	35.1, 24.568056, 51.6, 27.56042, 0.0, 1.4E-45, 0.0, 1.4E-45, 0.0, 0.0, 481.142
9zj, 20180803, 	33.7, 25.83646, 44.8, 26.715967, 0.0, 1.4E-45, 0.0, 1.4E-45, 0.0, 0.0, 520.0239
9yw, 20180804, 	33.8, 25.102076, 49.3, 27.471882, 0.0, 1.4E-45, 0.0, 1.4E-45, 0.0, 0.0, 447.62943
9zj, 20180804, 	32.0, 25.960054, 39.6, 25.203472, 0.0, 1.4E-45, 0.0, 1.4E-45, 0.0, 0.0, 367.625
9yw, 20180805, 	34.8, 26.599304, 49.8, 28.977085, 0.0, 1.4E-45, 0.0, 1.4E-45, 0.0, 0.0, 434.3869
9zj, 20180805, 	35.5, 27.514584, 44.5, 28.221869, 0.0, 1.4E-45, 0.0, 1.4E-45, 0.0, 0.0, 473.64026
9yw, 20180806, 	34.6, 27.561113, 48.2, 28.746193, 0.0, 1.4E-45, 0.0, 1.4E-45, 0.0, 0.0, 327.00595
9zj, 20180806, 	33.7, 27.79827, 42.7, 27.964577, 0.0, 1.4E-45, 0.0, 1.4E-45, 0.0, 0.0, 344.92593
9yw, 20180807, 	32.4, 26.326736, 45.5, 26.593403, 0.0, 1.4E-45, 0.0, 1.4E-45, 0.0, 0.0, 265.5432
9zj, 20180807, 	31.7, 23.635426, 38.0, 25.165981, 0.0, 1.4E-45, 0.0, 1.4E-45, 0.0, 0.0, 365.06622
9yw, 20180808, 	33.3, -114.11496, 46.7, 26.930565, 0.0, 1.4E-45, 0.0, 1.4E-45, 0.0, 0.0, 347.5
9zj, 20180808, 	30.8, 24.45625, 40.3, 26.270836, 0.0, 1.4E-45, 0.0, 1.4E-45, 0.0, 0.0, 504.4788
9yw, 20180809, 	31.8, 24.060417, 48.9, 28.065275, 0.0, 1.4E-45, 0.0, 1.4E-45, 0.0, 0.0, 482.64633
9zj, 20180809, 	32.7, 25.252422, 43.1, 26.652082, 0.0, 1.4E-45, 0.0, 1.4E-45, 0.0, 0.0, 501.93375
9yw, 20180810, 	35.8, 24.84306, 51.9, 27.921173, 0.0, 1.4E-45, 0.0, 1.4E-45, 0.0, 0.0, 421.0485
9zj, 20180810, 	31.7, 25.9757, 42.2, 27.511803, 0.0, 1.4E-45, 0.0, 1.4E-45, 0.0, 0.0, 496.7622
9yw, 20180811, 	33.9, 25.637844, 48.9, 28.453129, 0.0, 1.4E-45, 0.0, 1.4E-45, 0.0, 0.0, 406.06024
9zj, 20180811, 	31.2, 24.987494, 42.2, 26.354511, 0.0, 1.4E-45, 0.0, 1.4E-45, 0.0, 0.0, 441.20123
9yw, 20180812, 	34.0, 24.926733, 49.7, 27.979517, 0.0, 1.4E-45, 0.0, 1.4E-45, 0.0, 0.0, 440.375
9zj, 20180812, 	32.2, 25.079508, 43.0, 26.407639, 0.0, 1.4E-45, 0.0, 1.4E-45, 0.0, 0.0, 502.6625
9yw, 20180813, 	33.8, 23.730204, 49.3, 26.72535, 0.0, 1.4E-45, 0.0, 1.4E-45, 0.0, 0.0, 455.17682
9zj, 20180813, 	33.7, 25.872221, 46.2, 26.840979, 0.0, 1.4E-45, 0.0, 1.4E-45, 0.0, 0.0, 468.80746
9yw, 20180814, 	28.1, 22.679173, 33.4, 22.681953, 0.0, 1.4E-45, 0.0, 1.4E-45, 0.0, 0.0, 178.88484
9zj, 20180814, 	29.4, 23.331596, 29.1, 22.836462, 0.0, 1.4E-45, 0.0, 1.4E-45, 0.0, 0.0, 158.70552
9yw, 20180815, 	25.9, 22.314236, 29.7, 21.902433, 0.0, 1.4E-45, 0.0, 1.4E-45, 0.0, 0.0, 148.45161
9zj, 20180815, 	28.2, 22.488197, 38.8, 24.200687, 0.0, 1.4E-45, 0.0, 1.4E-45, 0.0, 0.0, 278.57596
9yw, 20180816, 	31.9, 24.699303, 37.9, 25.19132, 0.0, 1.4E-45, 0.0, 1.4E-45, 0.0, 0.0, 367.908
9zj, 20180816, 	31.7, 25.139582, 40.8, 26.51597, 0.0, 1.4E-45, 0.0, 1.4E-45, 0.0, 0.0, 435.65216
9yw, 20180817, 	30.2, 24.25174, 37.7, 25.206253, 0.0, 1.4E-45, 0.0, 1.4E-45, 0.0, 0.0, 403.25308
9zj, 20180817, 	29.7, 24.364937, 41.8, 26.657295, 0.0, 1.4E-45, 0.0, 1.4E-45, 0.0, 0.0, 465.65216
9yw, 20180818, 	29.5, 23.116314, 38.2, 24.350351, 0.0, 1.4E-45, 0.0, 1.4E-45, 0.0, 0.0, 401.57056
9zj, 20180818, 	29.4, 23.45799, 35.4, 24.005201, 0.0, 1.4E-45, 0.0, 1.4E-45, 0.0, 0.0, 339.94376
9yw, 20180819, 	28.4, 21.44827, 35.1, 22.10869, 0.0, 1.4E-45, 0.0, 1.4E-45, 0.0, 0.0, 285.9321
9zj, 20180819, 	28.6, 23.604855, 33.7, 23.518751, 0.0, 1.4E-45, 0.0, 1.4E-45, 0.0, 0.0, 263.55624
9yw, 20180820, 	27.6, 22.996878, 32.0, 22.94618, 0.0, 1.4E-45, 0.0, 1.4E-45, 0.0, 0.0, 328.49677
9zj, 20180820, 	24.3, 21.807287, 26.2, 21.888891, 0.0, 1.4E-45, 0.0, 1.4E-45, 0.0, 0.0, 209.47682
9yw, 20180821, 	26.5, 21.476397, 30.9, 21.565277, 0.0, 1.4E-45, 0.0, 1.4E-45, 0.0, 0.0, 286.84473
9zj, 20180821, 	28.2, 22.239243, 32.4, 23.167376, 0.0, 1.4E-45, 0.0, 1.4E-45, 0.0, 0.0, 456.6329
9yw, 20180822, 	24.5, 19.930214, 31.2, 20.710062, 0.0, 1.4E-45, 0.0, 1.4E-45, 0.0, 0.0, 385.72223
9zj, 20180822, 	26.4, 20.315277, 33.5, 21.752075, 0.0, 1.4E-45, 0.0, 1.4E-45, 0.0, 0.0, 460.19498
9yw, 20180823, 	23.4, 16.941315, 29.0, 17.555555, 0.0, 1.4E-45, 0.0, 1.4E-45, 0.0, 0.0, 241.38037
9zj, 20180823, 	23.1, 18.309378, 24.9, 17.388195, 0.0, 1.4E-45, 0.0, 1.4E-45, 0.0, 0.0, 187.10063
9yw, 20180824, 	26.7, 19.759726, 31.9, 19.642365, 0.0, 1.4E-45, 0.0, 1.4E-45, 0.0, 0.0, 206.11613
9zj, 20180824, 	30.5, 21.837841, 33.3, 22.443394, 0.0, 1.4E-45, 0.0, 1.4E-45, 0.0, 0.0, 359.08725
9yw, 20180825, 	32.6, 25.450697, 38.0, 25.012852, 0.0, 1.4E-45, 0.0, 1.4E-45, 0.0, 0.0, 334.775
9zj, 20180825, 	34.1, 27.776741, 37.4, 27.98229, 0.0, 1.4E-45, 0.0, 1.4E-45, 0.0, 0.0, 489.414
9yw, 20180826, 	33.1, 26.456245, 39.8, 26.650692, 0.0, 1.4E-45, 0.0, 1.4E-45, 0.0, 0.0, 432.46875
9zj, 20180826, 	33.4, 27.646177, 36.8, 27.168404, 0.0, 1.4E-45, 0.0, 1.4E-45, 0.0, 0.0, 330.78204
9yw, 20180827, 	33.3, 27.130562, 39.3, 27.007635, 0.0, 1.4E-45, 0.0, 1.4E-45, 0.0, 0.0, 439.18634
9zj, 20180827, 	35.0, 28.291672, 40.6, 27.96493, 0.0, 1.4E-45, 0.0, 1.4E-45, 0.0, 0.0, 409.60626
9yw, 20180828, 	33.8, 27.618053, 40.0, 27.700003, 0.0, 1.4E-45, 0.0, 1.4E-45, 0.0, 0.0, 465.53125
9zj, 20180828, 	35.7, 29.27534, 44.1, 29.310415, 0.0, 1.4E-45, 0.0, 1.4E-45, 0.0, 0.0, 387.09616
9yw, 20180829, 	29.6, 23.011824, 27.5, 21.689587, 0.0, 1.4E-45, 0.0, 1.4E-45, 0.0, 0.0, 101.52349
9zj, 20180829, 	32.2, 21.203817, 30.3, 22.61354, 0.0, 1.4E-45, 0.0, 1.4E-45, 0.0, 0.0, 269.125
9yw, 20180830, 	24.7, 19.542007, 26.5, 19.261808, 0.0, 1.4E-45, 0.0, 1.4E-45, 0.0, 0.0, 126.55625
9zj, 20180830, 	26.4, 20.405207, 32.3, 21.079157, 0.0, 1.4E-45, 0.0, 1.4E-45, 0.0, 0.0, 299.33334
9yw, 20180831, 	30.3, 22.739586, 33.5, 22.936113, 0.0, 1.4E-45, 0.0, 1.4E-45, 0.0, 0.0, 368.50317
9zj, 20180831, 	27.5, 21.681244, 29.7, 21.113535, 0.0, 1.4E-45, 0.0, 1.4E-45, 0.0, 0.0, 234.04167
