9xp, 20120801, 	34.9, 27.167711, 1.4E-45, -9999.0, 0.0, 1.4E-45, 0.0, 1.4E-45, 0.0, 0.0, 0.0
9xr, 20120801, 	35.8, 26.489235, 51.2, 30.575344, 0.0, 34.8, 27.0, 0.018, 0.009, 0.0, 458.2456
9xw, 20120801, 	34.7, 27.218052, 58.9, 33.07014, 0.0, 38.1, 24.6, 0.038, 0.012, 0.0, 454.74707
9z5, 20120801, 	37.0, 28.506248, 53.2, 31.578133, 0.0, 29.1, 24.3, 0.127, 0.119, 0.0, 445.26746
9z7, 20120801, 	36.9, 28.013887, 49.8, 30.174307, 0.0, 32.4, 25.6, 0.132, 0.119, 0.0, 477.37726
9xp, 20120802, 	34.0, 24.989586, 1.4E-45, -9999.0, 0.0, 1.4E-45, 0.0, 1.4E-45, 0.0, 0.0, 0.0
9xr, 20120802, 	32.4, 22.950697, 47.5, 27.541666, 0.0, 33.8, 25.6, 0.017, 0.009, 0.0, 458.35883
9xw, 20120802, 	33.3, 23.675348, 56.8, 31.293406, 0.0, 37.1, 23.6, 0.038, 0.01, 0.0, 513.1462
9z5, 20120802, 	35.3, 27.50208, 53.3, 31.60416, 0.0, 28.6, 24.3, 0.125, 0.117, 0.0, 514.29266
9z7, 20120802, 	35.2, 27.483332, 47.0, 29.926039, 0.0, 31.9, 25.8, 0.13, 0.118, 0.0, 516.2671
9xp, 20120803, 	35.0, 25.140617, 1.4E-45, -9999.0, 0.0, 1.4E-45, 0.0, 1.4E-45, 0.0, 0.0, 0.0
9xr, 20120803, 	36.7, 26.21597, 50.4, 30.213541, 0.0, 33.5, 25.8, 0.017, 0.009, 0.0, 543.70416
9xw, 20120803, 	35.0, 23.2434, 59.5, 29.328474, 0.0, 36.5, 21.8, 0.038, 0.008, 0.0, 547.9048
9z5, 20120803, 	36.2, 27.219439, 51.1, 30.260063, 0.0, 28.6, 23.6, 0.126, 0.117, 0.0, 485.77438
9z7, 20120803, 	36.3, 26.704865, 48.7, 29.64896, 0.0, 31.9, 25.0, 0.13, 0.118, 0.0, 501.092
9xp, 20120804, 	33.3, 20.898266, 1.4E-45, -9999.0, 0.0, 1.4E-45, 0.0, 1.4E-45, 0.0, 0.0, 0.0
9xr, 20120804, 	28.9, 20.101044, 39.2, 24.46215, 0.0, 33.6, 24.6, 0.017, 0.008, 0.0, 556.5238
9xw, 20120804, 	27.2, 17.49375, 51.5, 25.592356, 0.0, 34.7, 19.8, 0.037, 0.008, 0.0, 578.0301
9z5, 20120804, 	33.6, 24.11562, 48.9, 27.725695, 0.0, 28.3, 23.3, 0.126, 0.115, 0.0, 412.60376
9z7, 20120804, 	34.4, 24.634026, 44.4, 27.449306, 0.0, 31.3, 25.4, 0.128, 0.117, 0.0, 465.9452
9xp, 20120805, 	31.7, 21.00243, 1.4E-45, -9999.0, 0.0, 1.4E-45, 0.0, 1.4E-45, 0.0, 0.0, 0.0
9xr, 20120805, 	32.3, 20.849659, 43.0, 24.175697, 0.0, 30.8, 22.7, 0.014, 0.008, 0.0, 558.35675
9xw, 20120805, 	33.6, 19.930212, 58.1, 27.157991, 0.0, 35.6, 19.2, 0.038, 0.008, 0.0, 585.9756
9z5, 20120805, 	30.6, 21.719446, 51.8, 26.074999, 0.0, 26.6, 20.6, 0.121, 0.111, 0.0, 533.74554
9z7, 20120805, 	31.2, 20.358332, 45.7, 24.105217, 0.0, 30.1, 22.6, 0.127, 0.114, 0.0, 566.4329
9xp, 20120806, 	37.1, 25.735424, 1.4E-45, -9999.0, 0.0, 1.4E-45, 0.0, 1.4E-45, 0.0, 0.0, 0.0
9xr, 20120806, 	37.7, 26.305206, 53.7, 30.540964, 0.0, 33.1, 24.3, 0.017, 0.009, 0.0, 543.5179
9xw, 20120806, 	36.2, 25.054512, 60.3, 31.321878, 0.0, 36.4, 21.8, 0.028, 0.01, 0.0, 500.33734
9z5, 20120806, 	35.0, 25.021183, 49.1, 27.600693, 0.0, 27.8, 21.8, 0.121, 0.11, 0.0, 531.46106
9z7, 20120806, 	36.1, 24.401396, 49.0, 26.447224, 0.0, 30.4, 23.0, 0.126, 0.114, 0.0, 555.4785
9xp, 20120807, 	33.7, 27.181252, 1.4E-45, -9999.0, 0.0, 1.4E-45, 0.0, 1.4E-45, 0.0, 0.0, 0.0
9xr, 20120807, 	35.3, 26.546883, 48.5, 28.977095, 0.0, 33.4, 26.3, 0.017, 0.009, 0.0, 335.33334
9xw, 20120807, 	34.9, 25.84896, 55.2, 30.676395, 0.0, 35.6, 22.8, 0.024, 0.01, 0.0, 525.62665
9z5, 20120807, 	37.6, 29.352089, 55.9, 33.193752, 0.0, 29.7, 23.5, 0.121, 0.111, 0.0, 497.74545
9z7, 20120807, 	38.4, 28.594099, 51.4, 30.26389, 0.0, 31.7, 24.2, 0.127, 0.112, 0.0, 532.79877
9xp, 20120808, 	34.7, 24.147224, 1.4E-45, -9999.0, 0.0, 1.4E-45, 0.0, 1.4E-45, 0.0, 0.0, 0.0
9xr, 20120808, 	33.7, 26.305202, 46.0, 29.484379, 0.0, 31.4, 24.4, 0.015, 0.009, 0.0, 554.0893
9xw, 20120808, 	35.5, 22.3007, 59.7, 28.934021, 0.0, 36.0, 20.1, 0.024, 0.009, 0.0, 562.83636
9z5, 20120808, 	37.5, 28.182634, 54.8, 31.959024, 0.0, 29.7, 24.1, 0.12, 0.111, 0.0, 522.8944
9z7, 20120808, 	38.5, 27.532295, 51.2, 29.97916, 0.0, 31.8, 25.1, 0.125, 0.113, 0.0, 502.8365
9xp, 20120809, 	33.5, 21.924309, 1.4E-45, -9999.0, 0.0, 1.4E-45, 0.0, 1.4E-45, 0.0, 0.0, 0.0
9xr, 20120809, 	29.5, 21.122574, 45.0, 26.105215, 0.0, 31.6, 23.3, 0.015, 0.008, 0.0, 533.8443
9xw, 20120809, 	31.3, 21.08889, 52.2, 27.16284, 0.0, 35.7, 20.7, 0.021, 0.009, 0.0, 515.5889
9z5, 20120809, 	34.6, 24.200699, 49.7, 29.006247, 0.0, 29.1, 23.9, 0.119, 0.108, 0.0, 495.95883
9z7, 20120809, 	31.7, 23.136452, 46.0, 26.98854, 0.0, 30.9, 24.7, 0.141, 0.112, 0.0, 508.3
9xp, 20120810, 	30.8, 22.119452, 1.4E-45, -9999.0, 0.0, 1.4E-45, 0.0, 1.4E-45, 0.0, 0.0, 0.0
9xr, 20120810, 	31.2, 22.535072, 44.4, 26.67882, 0.0, 31.4, 23.6, 0.015, 0.008, 0.0, 529.454
9xw, 20120810, 	32.3, 23.073265, 50.8, 28.523262, 0.0, 34.6, 21.4, 0.019, 0.01, 0.0, 520.0062
9z5, 20120810, 	28.3, 20.93576, 49.0, 25.481256, 0.0, 27.1, 21.5, 0.114, 0.103, 0.0, 534.5273
9z7, 20120810, 	28.6, 20.043755, 43.8, 23.676735, 0.0, 30.1, 22.8, 0.158, 0.114, 0.0, 561.7143
9xp, 20120811, 	33.6, 23.553461, 1.4E-45, -9999.0, 0.0, 1.4E-45, 0.0, 1.4E-45, 0.0, 0.0, 0.0
9xr, 20120811, 	29.8, 20.953121, 38.5, 22.884378, 0.0, 31.5, 24.0, 0.015, 0.008, 0.0, 332.7226
9xw, 20120811, 	31.0, 22.7375, 45.9, 26.254862, 0.0, 34.1, 23.3, 0.018, 0.01, 0.0, 342.36478
9z5, 20120811, 	29.3, 19.80451, 47.0, 22.022917, 0.0, 26.2, 20.4, 0.111, 0.101, 0.0, 407.81818
9z7, 20120811, 	28.8, 18.501389, 43.4, 20.509037, 0.0, 29.0, 21.8, 0.156, 0.14, 0.0, 422.7647
9xp, 20120812, 	30.6, 22.018398, 1.4E-45, -9999.0, 0.0, 1.4E-45, 0.0, 1.4E-45, 0.0, 0.0, 0.0
9xr, 20120812, 	26.8, 20.059721, 35.6, 22.48507, 0.0, 27.1, 21.0, 0.014, 0.008, 0.0, 532.66266
9xw, 20120812, 	29.6, 19.567707, 51.8, 24.670837, 0.0, 32.0, 18.2, 0.024, 0.008, 0.0, 545.4877
9z5, 20120812, 	28.6, 22.78784, 46.4, 26.319801, 0.0, 25.8, 22.0, 0.11, 0.102, 0.0, 431.7875
9z7, 20120812, 	28.6, 22.568392, 43.4, 24.599659, 0.0, 27.3, 22.6, 0.156, 0.143, 0.0, 416.81937
9xp, 20120813, 	28.8, 19.774307, 1.4E-45, -9999.0, 0.0, 1.4E-45, 0.0, 1.4E-45, 0.0, 0.0, 0.0
9xr, 20120813, 	27.9, 18.83507, 42.5, 22.655554, 0.0, 28.2, 20.1, 0.016, 0.008, 0.0, 464.33334
9xw, 20120813, 	27.7, 19.315626, 49.1, 24.17812, 0.0, 31.9, 19.6, 0.022, 0.008, 0.0, 444.45062
9z5, 20120813, 	26.3, 20.009384, 46.3, 25.428482, 0.0, 25.4, 21.5, 0.109, 0.101, 0.0, 401.56412
9z7, 20120813, 	25.7, 19.906588, 40.4, 23.987495, 0.0, 27.5, 22.9, 0.155, 0.144, 0.0, 377.51315
9xp, 20120814, 	31.3, 19.677776, 1.4E-45, -9999.0, 0.0, 1.4E-45, 0.0, 1.4E-45, 0.0, 0.0, 0.0
9xr, 20120814, 	33.4, 22.008333, 47.8, 26.313887, 0.0, 30.2, 21.5, 0.016, 0.008, 0.0, 533.63354
9xw, 20120814, 	33.8, 22.598955, 57.3, 28.868748, 0.0, 34.3, 19.8, 0.035, 0.008, 0.0, 507.13043
9z5, 20120814, 	29.1, 20.949656, 45.0, 23.59549, 0.0, 26.3, 20.6, 0.109, 0.099, 0.0, 476.56442
9z7, 20120814, 	29.8, 19.63681, 43.9, 22.582285, 0.0, 28.3, 21.1, 0.156, 0.141, 0.0, 512.2531
9xp, 20120815, 	36.0, 24.944094, 1.4E-45, -9999.0, 0.0, 1.4E-45, 0.0, 1.4E-45, 0.0, 0.0, 0.0
9xr, 20120815, 	32.4, 23.432281, 40.1, 25.743761, 0.0, 30.3, 23.5, 0.016, 0.008, 0.0, 446.9441
9xw, 20120815, 	31.9, 18.680214, 41.3, 23.38889, 0.0, 33.5, 19.4, 0.024, 0.008, 0.0, 468.49057
9z5, 20120815, 	33.8, 22.878136, 42.9, 25.3559, 0.0, 26.8, 21.6, 0.109, 0.099, 0.0, 468.08588
9z7, 20120815, 	33.8, 23.340277, 45.0, 25.65487, 0.0, 28.9, 22.0, 0.156, 0.142, 0.0, 491.09375
9xp, 20120816, 	28.9, 17.759026, 1.4E-45, -9999.0, 0.0, 1.4E-45, 0.0, 1.4E-45, 0.0, 0.0, 0.0
9xr, 20120816, 	21.0, 14.9256935, 32.7, 18.528467, 0.0, 27.3, 20.7, 0.013, 0.008, 0.0, 349.02484
9xw, 20120816, 	21.9, 14.724308, 40.3, 20.793741, 0.0, 29.5, 19.4, 0.017, 0.008, 0.0, 316.21155
9z5, 20120816, 	32.3, 22.201385, 42.7, 25.395124, 0.0, 26.7, 21.8, 0.107, 0.1, 0.0, 362.66666
9z7, 20120816, 	32.2, 22.109716, 39.8, 24.925695, 0.0, 28.3, 23.5, 0.155, 0.142, 0.0, 399.4557
9xp, 20120817, 	27.4, 17.035759, 1.4E-45, -9999.0, 0.0, 1.4E-45, 0.0, 1.4E-45, 0.0, 0.0, 0.0
9xr, 20120817, 	26.1, 17.275, 40.7, 20.787157, 0.0, 27.2, 18.7, 0.016, 0.007, 0.0, 517.7963
9xw, 20120817, 	29.1, 16.307985, 54.6, 23.620144, 0.0, 32.4, 15.8, 0.025, 0.008, 0.0, 556.5125
9z5, 20120817, 	27.3, 17.54549, 48.0, 21.785765, 0.0, 24.6, 18.1, 0.104, 0.094, 0.0, 531.87036
9z7, 20120817, 	27.2, 16.130554, 43.3, 19.848616, 0.0, 27.5, 19.8, 0.153, 0.137, 0.0, 561.0126
9xp, 20120818, 	27.1, 20.02744, 1.4E-45, -9999.0, 0.0, 1.4E-45, 0.0, 1.4E-45, 0.0, 0.0, 0.0
9xr, 20120818, 	25.0, 19.127087, 36.1, 22.411108, 0.0, 27.3, 20.5, 0.014, 0.008, 0.0, 548.7673
9xw, 20120818, 	27.6, 16.823265, 50.0, 23.55903, 0.0, 32.2, 16.7, 0.023, 0.008, 0.0, 572.3774
9z5, 20120818, 	25.5, 17.051397, 39.1, 16.770485, 0.0, 24.2, 18.7, 0.104, 0.094, 0.0, 287.65433
9z7, 20120818, 	24.9, 14.774662, 32.1, 14.843408, 0.0, 26.9, 19.8, 0.151, 0.137, 0.0, 271.64557
9xp, 20120819, 	26.3, 16.76944, 1.4E-45, -9999.0, 0.0, 1.4E-45, 0.0, 1.4E-45, 0.0, 0.0, 0.0
9xr, 20120819, 	26.5, 17.971178, 43.0, 22.52292, 0.0, 27.3, 19.2, 0.016, 0.007, 0.0, 536.4969
9xw, 20120819, 	26.9, 14.702083, 54.6, 23.595495, 0.0, 32.9, 15.2, 0.018, 0.007, 0.0, 569.3396
9z5, 20120819, 	27.2, 17.960762, 47.7, 23.00139, 0.0, 23.4, 18.0, 0.103, 0.092, 0.0, 488.18634
9z7, 20120819, 	27.5, 17.23577, 42.4, 21.217705, 0.0, 25.9, 18.4, 0.151, 0.136, 0.0, 544.1772
9xp, 20120820, 	26.7, 18.368408, 1.4E-45, -9999.0, 0.0, 1.4E-45, 0.0, 1.4E-45, 0.0, 0.0, 0.0
9xr, 20120820, 	29.2, 20.862495, 44.7, 23.376745, 0.0, 27.4, 20.0, 0.017, 0.008, 0.0, 428.83435
9xw, 20120820, 	28.5, 17.802427, 46.1, 21.663538, 0.0, 32.4, 18.0, 0.018, 0.009, 0.0, 309.44376
9z5, 20120820, 	31.1, 20.89965, 48.5, 23.388542, 0.0, 25.1, 18.7, 0.104, 0.093, 0.0, 499.54037
9z7, 20120820, 	31.7, 19.156248, 46.3, 21.732983, 0.0, 26.9, 19.0, 0.154, 0.136, 0.0, 516.03796
9xp, 20120821, 	31.3, 20.247221, 1.4E-45, -9999.0, 0.0, 1.4E-45, 0.0, 1.4E-45, 0.0, 0.0, 0.0
9xr, 20120821, 	33.5, 23.354166, 47.7, 27.20381, 0.0, 29.8, 21.1, 0.016, 0.008, 0.0, 522.9363
9xw, 20120821, 	33.2, 18.164587, 56.1, 24.78125, 0.0, 32.7, 15.7, 0.018, 0.008, 0.0, 524.4099
9z5, 20120821, 	34.4, 22.197567, 51.3, 25.048956, 0.0, 26.2, 19.2, 0.104, 0.092, 0.0, 496.38126
9z7, 20120821, 	34.3, 21.662153, 48.0, 24.254162, 0.0, 27.9, 19.9, 0.154, 0.138, 0.0, 530.80255
9xp, 20120822, 	34.5, 23.632982, 1.4E-45, -9999.0, 0.0, 1.4E-45, 0.0, 1.4E-45, 0.0, 0.0, 0.0
9xr, 20120822, 	34.8, 25.393742, 43.5, 27.540285, 0.0, 30.0, 23.0, 0.014, 0.008, 0.0, 482.3585
9xw, 20120822, 	34.4, 22.262154, 58.4, 26.594444, 0.0, 32.5, 18.8, 0.018, 0.009, 0.0, 409.53458
9z5, 20120822, 	32.9, 25.781248, 43.6, 26.615635, 0.0, 25.8, 21.4, 0.104, 0.095, 0.0, 428.23126
9z7, 20120822, 	33.1, 24.503122, 44.7, 24.538193, 0.0, 27.4, 21.0, 0.151, 0.137, 0.0, 457.0
9xp, 20120823, 	29.6, 22.755209, 1.4E-45, -9999.0, 0.0, 1.4E-45, 0.0, 1.4E-45, 0.0, 0.0, 0.0
9xr, 20120823, 	32.2, 24.618742, 46.3, 27.634022, 0.0, 29.6, 23.5, 0.015, 0.008, 0.0, 397.52902
9xw, 20120823, 	31.7, 24.23923, 53.1, 30.605553, 0.0, 34.3, 21.6, 0.017, 0.009, 0.0, 532.5526
9z5, 20120823, 	32.8, 26.242018, 42.2, 26.862156, 0.0, 25.8, 22.1, 0.103, 0.095, 0.0, 328.55
9z7, 20120823, 	32.8, 26.497217, 43.9, 26.445826, 0.0, 26.8, 21.8, 0.15, 0.139, 0.0, 331.9371
9xp, 20120824, 	28.3, 20.787844, 1.4E-45, -9999.0, 0.0, 1.4E-45, 0.0, 1.4E-45, 0.0, 0.0, 0.0
9xr, 20120824, 	29.2, 20.977772, 39.6, 24.16285, 0.0, 29.2, 23.5, 0.014, 0.008, 0.0, 364.41934
9xw, 20120824, 	35.6, 23.836473, 59.1, 30.521536, 0.0, 36.4, 21.5, 0.02, 0.009, 0.0, 541.4114
9z5, 20120824, 	30.1, 22.19201, 30.8, 22.622566, 0.0, 25.6, 22.7, 0.102, 0.095, 0.0, 168.80263
9z7, 20120824, 	30.0, 22.52049, 30.8, 22.258675, 0.0, 26.2, 22.6, 0.155, 0.139, 0.0, 139.89873
9xp, 20120825, 	26.5, 18.877432, 1.4E-45, -9999.0, 0.0, 1.4E-45, 0.0, 1.4E-45, 0.0, 0.0, 0.0
9xr, 20120825, 	26.0, 20.06771, 38.2, 24.15417, 0.0, 28.3, 22.6, 0.014, 0.008, 0.0, 529.36945
9xw, 20120825, 	33.7, 21.271877, 49.9, 28.142717, 0.0, 35.8, 21.9, 0.02, 0.009, 0.0, 522.526
9z5, 20120825, 	23.1, 21.135412, 26.2, 21.080553, 0.0, 23.4, 21.5, 0.1, 0.094, 0.0, 126.4902
9z7, 20120825, 	23.4, 20.719086, 26.7, 20.994799, 0.0, 23.5, 21.5, 0.155, 0.145, 0.0, 110.4069
9xp, 20120826, 	34.2, 21.812143, 1.4E-45, -9999.0, 0.0, 1.4E-45, 0.0, 1.4E-45, 0.0, 0.0, 0.0
9xr, 20120826, 	32.3, 21.83472, 45.1, 25.22638, 0.0, 29.4, 21.0, 0.016, 0.008, 0.0, 512.88605
9xw, 20120826, 	31.6, 20.85972, 55.4, 27.423613, 0.0, 34.3, 19.7, 0.017, 0.009, 0.0, 518.1859
9z5, 20120826, 	28.8, 21.603819, 43.0, 23.739931, 0.0, 23.6, 21.2, 0.101, 0.094, 0.0, 259.03204
9z7, 20120826, 	28.8, 21.771172, 36.6, 23.191319, 0.0, 25.4, 21.6, 0.161, 0.149, 0.0, 254.45454
9xp, 20120827, 	35.5, 24.621529, 1.4E-45, -9999.0, 0.0, 1.4E-45, 0.0, 1.4E-45, 0.0, 0.0, 0.0
9xr, 20120827, 	35.3, 24.037153, 43.0, 26.16667, 0.0, 29.6, 22.0, 0.015, 0.008, 0.0, 543.85034
9xw, 20120827, 	35.9, 23.063543, 59.3, 28.32882, 0.0, 34.2, 20.6, 0.018, 0.009, 0.0, 451.6051
9z5, 20120827, 	33.5, -11.557636, 48.1, 25.9125, 0.0, 25.6, 19.7, 0.104, 0.094, 0.0, 477.71338
9z7, 20120827, 	33.3, 22.418755, 44.0, 24.754864, 0.0, 27.3, 20.2, 0.168, 0.151, 0.0, 487.74677
9xp, 20120828, 	36.5, 25.858337, 1.4E-45, -9999.0, 0.0, 1.4E-45, 0.0, 1.4E-45, 0.0, 0.0, 0.0
9xr, 20120828, 	38.6, 28.020132, 50.5, 30.57292, 0.0, 30.8, 22.2, 0.019, 0.009, 0.0, 502.183
9xw, 20120828, 	36.7, 24.778126, 62.1, 29.641666, 0.0, 33.9, 21.2, 0.018, 0.009, 0.0, 401.44806
9z5, 20120828, 	35.3, 25.88472, 46.6, 27.021526, 0.0, 25.9, 21.1, 0.105, 0.096, 0.0, 479.57693
9z7, 20120828, 	34.7, 25.224659, 44.7, 25.803823, 0.0, 27.4, 20.9, 0.169, 0.153, 0.0, 498.26797
9xp, 20120829, 	36.1, 25.909725, 1.4E-45, -9999.0, 0.0, 1.4E-45, 0.0, 1.4E-45, 0.0, 0.0, 0.0
9xr, 20120829, 	38.2, 30.060425, 45.6, 31.593058, 0.0, 30.9, 24.1, 0.019, 0.009, 0.0, 509.42
9xw, 20120829, 	38.0, 24.76667, 60.6, 29.799309, 0.0, 35.2, 21.0, 0.018, 0.009, 0.0, 468.5742
9z5, 20120829, 	36.3, 26.964241, 46.1, 28.084717, 0.0, 26.2, 21.8, 0.106, 0.096, 0.0, 432.3376
9z7, 20120829, 	35.4, 27.15104, 45.4, 27.453133, 0.0, 27.8, 21.4, 0.171, 0.156, 0.0, 505.8543
9xp, 20120830, 	35.8, 25.776392, 1.4E-45, -9999.0, 0.0, 1.4E-45, 0.0, 1.4E-45, 0.0, 0.0, 0.0
9xr, 20120830, 	35.7, 26.706593, 40.9, 28.989939, 0.0, 30.5, 24.5, 0.018, 0.009, 0.0, 413.75323
9xw, 20120830, 	33.1, 23.558332, 46.7, 27.328127, 0.0, 34.6, 22.7, 0.018, 0.009, 0.0, 405.8212
9z5, 20120830, 	36.6, 28.79757, 49.1, 30.488546, 0.0, 27.5, 22.6, 0.107, 0.097, 0.0, 480.8718
9z7, 20120830, 	36.6, 28.243752, 46.8, 28.418402, 0.0, 28.7, 22.0, 0.172, 0.157, 0.0, 500.06494
9xp, 20120831, 	34.2, 24.431938, 1.4E-45, -9999.0, 0.0, 1.4E-45, 0.0, 1.4E-45, 0.0, 0.0, 0.0
9xr, 20120831, 	35.2, 22.930552, 47.0, 26.566315, 0.0, 29.9, 22.1, 0.015, 0.008, 0.0, 526.098
9xw, 20120831, 	32.9, 21.276382, 50.5, 26.99652, 0.0, 33.0, 20.7, 0.016, 0.009, 0.0, 503.61487
9z5, 20120831, 	36.4, 25.789589, 53.8, 28.354515, 0.0, 27.2, 21.6, 0.106, 0.095, 0.0, 466.74838
9z7, 20120831, 	35.8, 24.842365, 51.1, 26.315262, 0.0, 28.1, 21.6, 0.171, 0.154, 0.0, 460.20395
9xp, 20130801, 	33.1, 23.978127, 1.4E-45, -9999.0, 0.0, 1.4E-45, 0.0, 1.4E-45, 0.0, 0.0, 0.0
9xr, 20130801, 	30.4, 22.479507, 46.1, 27.003822, 0.0, 30.2, 21.8, 0.04, 0.03, 0.0, 517.1807
9xw, 20130801, 	30.2, 21.277079, 34.2, 22.027777, 0.0, 33.2, 17.3, 0.221, 0.135, 0.0, 583.22
9z5, 20130801, 	30.3, 23.810078, 38.9, 24.493406, 0.0, 25.8, 20.5, 0.23, 0.192, 0.0, 535.81067
9z7, 20130801, 	31.0, 22.590279, 35.1, 22.59652, 0.0, 26.2, 19.3, 0.219, 0.202, 0.0, 409.84567
9xp, 20130802, 	33.5, 22.99444, 1.4E-45, -9999.0, 0.0, 1.4E-45, 0.0, 1.4E-45, 0.0, 0.0, 0.0
9xr, 20130802, 	28.7, 20.213203, 40.8, 24.012154, 0.0, 30.0, 22.4, 0.038, 0.028, 0.0, 408.40765
9xw, 20130802, 	26.0, 18.36319, 26.2, 19.621178, 0.0, 29.4, 17.1, 0.19, 0.173, 0.0, 464.82208
9z5, 20130802, 	27.4, 22.423948, 33.9, 23.357647, 0.0, 25.3, 21.2, 0.332, 0.191, 0.0, 491.4258
9z7, 20130802, 	28.5, 22.52257, 33.3, 23.002771, 0.0, 25.6, 20.6, 0.323, 0.204, 0.0, 472.61642
9xp, 20130803, 	31.8, 21.087145, 1.4E-45, -9999.0, 0.0, 1.4E-45, 0.0, 1.4E-45, 0.0, 0.0, 0.0
9xr, 20130803, 	22.9, 18.457636, 33.0, 20.8986, 0.0, 27.6, 20.0, 0.084, 0.026, 0.0, 328.12057
9xw, 20130803, 	23.9, 19.065973, 25.1, 19.651737, 0.0, 26.4, 18.7, 0.177, 0.159, 0.0, 375.03897
9z5, 20130803, 	26.2, 21.333334, 33.3, 22.165277, 0.0, 24.7, 21.2, 0.274, 0.24, 0.0, 394.6154
9z7, 20130803, 	27.2, 21.000706, 32.2, 21.168747, 0.0, 25.2, 20.4, 0.305, 0.28, 0.0, 310.68484
9xp, 20130804, 	30.2, 20.915627, 1.4E-45, -9999.0, 0.0, 1.4E-45, 0.0, 1.4E-45, 0.0, 0.0, 0.0
9xr, 20130804, 	25.9, 18.998957, 35.7, 21.839582, 0.0, 24.9, 19.7, 0.079, 0.072, 0.0, 289.96915
9xw, 20130804, 	30.5, 20.285063, 36.4, 21.809376, 0.0, 36.1, 15.5, 0.16, 0.142, 0.0, 553.3228
9z5, 20130804, 	24.2, 19.964579, 28.4, 20.526731, 0.0, 23.6, 20.8, 0.245, 0.224, 0.0, 267.94012
9z7, 20130804, 	25.6, 19.80694, 30.2, 20.305565, 0.0, 23.6, 19.5, 0.285, 0.265, 0.0, 336.51514
9xp, 20130805, 	34.0, 24.672922, 1.4E-45, -9999.0, 0.0, 1.4E-45, 0.0, 1.4E-45, 0.0, 0.0, 0.0
9xr, 20130805, 	27.6, 23.005556, 39.0, 25.565977, 0.0, 28.4, 20.2, 0.075, 0.065, 0.0, 521.08484
9xw, 20130805, 	28.5, 21.755201, 37.0, 23.705208, 0.0, 37.1, 18.5, 0.147, 0.125, 0.0, 538.6606
9z5, 20130805, 	29.1, 23.45555, 35.9, 24.633688, 0.0, 24.8, 21.6, 0.23, 0.212, 0.0, 328.55215
9z7, 20130805, 	29.9, 23.647217, 34.2, 24.714575, 0.0, 26.2, 21.5, 0.27, 0.253, 0.0, 365.85986
9xp, 20130806, 	33.0, 24.188192, 1.4E-45, -9999.0, 0.0, 1.4E-45, 0.0, 1.4E-45, 0.0, 0.0, 0.0
9xr, 20130806, 	26.7, 20.699993, 39.9, 24.50486, 0.0, 28.9, 20.8, 0.068, 0.057, 0.0, 479.21686
9xw, 20130806, 	28.1, 21.097221, 39.3, 23.777428, 0.0, 36.1, 18.6, 0.131, 0.112, 0.0, 496.43976
9z5, 20130806, 	30.7, 24.315971, 36.0, 25.208332, 0.0, 26.0, 21.8, 0.216, 0.193, 0.0, 443.4049
9z7, 20130806, 	31.5, 24.805199, 36.2, 25.415281, 0.0, 27.4, 21.4, 0.257, 0.235, 0.0, 486.22293
9xp, 20130807, 	29.4, 19.13367, 1.4E-45, -9999.0, 0.0, 1.4E-45, 0.0, 1.4E-45, 0.0, 0.0, 0.0
9xr, 20130807, 	26.1, 20.908318, 37.7, 23.139238, 0.0, 28.6, 21.2, 0.06, 0.048, 0.0, 370.33133
9xw, 20130807, 	26.4, 18.298615, 30.3, 19.17048, 0.0, 31.4, 16.4, 0.121, 0.102, 0.0, 390.91412
9z5, 20130807, 	29.9, 24.054867, 36.3, 24.599653, 0.0, 25.8, 22.3, 0.197, 0.171, 0.0, 449.25
9z7, 20130807, 	30.3, 24.086464, 36.1, 24.63333, 0.0, 27.0, 21.4, 0.24, 0.215, 0.0, 476.54544
9xp, 20130808, 	22.8, 17.539928, 1.4E-45, -9999.0, 0.0, 1.4E-45, 0.0, 1.4E-45, 0.0, 0.0, 0.0
9xr, 20130808, 	26.3, 19.27952, 42.3, 21.820137, 0.0, 26.9, 21.0, 0.098, 0.043, 0.0, 321.5091
9xw, 20130808, 	25.9, 17.884033, 35.5, 19.768755, 0.0, 31.4, 13.6, 0.114, 0.097, 0.0, 452.19278
9z5, 20130808, 	25.5, 20.840286, 27.5, 20.87777, 0.0, 25.2, 21.6, 0.176, 0.163, 0.0, 225.55215
9z7, 20130808, 	25.6, 20.666317, 29.3, 20.45313, 0.0, 25.9, 20.8, 0.22, 0.206, 0.0, 225.35403
9xp, 20130809, 	26.6, 18.42257, 1.4E-45, -9999.0, 0.0, 1.4E-45, 0.0, 1.4E-45, 0.0, 0.0, 0.0
9xr, 20130809, 	26.1, 18.827772, 37.8, 21.790276, 0.0, 26.4, 18.5, 0.094, 0.077, 0.0, 491.09814
9xw, 20130809, 	26.3, 19.065624, 39.9, 21.352085, 0.0, 33.5, 16.6, 0.11, 0.095, 0.0, 393.54602
9z5, 20130809, 	27.1, 21.977781, 34.8, 23.27917, 0.0, 24.5, 21.2, 0.166, 0.154, 0.0, 431.4114
9z7, 20130809, 	28.3, 22.116673, 33.6, 23.114931, 0.0, 25.6, 20.4, 0.21, 0.201, 0.0, 441.62265
9xp, 20130810, 	28.8, 20.179167, 1.4E-45, -9999.0, 0.0, 1.4E-45, 0.0, 1.4E-45, 0.0, 0.0, 0.0
9xr, 20130810, 	27.0, 19.579863, 36.5, 22.392359, 0.0, 25.7, 18.9, 0.106, 0.078, 0.0, 579.7959
9xw, 20130810, 	28.3, 18.830906, 37.3, 20.797575, 0.0, 34.6, 15.2, 0.108, 0.089, 0.0, 543.8129
9z5, 20130810, 	27.6, 20.490614, 38.1, 21.21979, 0.0, 24.7, 19.5, 0.158, 0.146, 0.0, 514.3006
9z7, 20130810, 	28.7, 20.055202, 37.0, 20.840277, 0.0, 26.8, 18.2, 0.208, 0.193, 0.0, 502.52173
9xp, 20130811, 	27.5, 20.49653, 1.4E-45, -9999.0, 0.0, 1.4E-45, 0.0, 1.4E-45, 0.0, 0.0, 0.0
9xr, 20130811, 	26.1, 20.371185, 35.5, 22.570839, 0.0, 25.9, 19.4, 0.085, 0.076, 0.0, 413.12344
9xw, 20130811, 	27.3, 19.339931, 39.1, 20.855211, 0.0, 35.5, 15.9, 0.105, 0.086, 0.0, 423.03226
9z5, 20130811, 	29.7, 22.848259, 38.5, 23.916323, 0.0, 25.6, 20.8, 0.148, 0.14, 0.0, 482.81326
9z7, 20130811, 	30.2, 23.063534, 36.4, 23.13923, 0.0, 28.0, 19.9, 0.206, 0.191, 0.0, 479.82822
9xp, 20130812, 	28.1, 20.248264, 1.4E-45, -9999.0, 0.0, 1.4E-45, 0.0, 1.4E-45, 0.0, 0.0, 0.0
9xr, 20130812, 	26.0, 20.444794, 37.4, 23.803814, 0.0, 28.0, 20.2, 0.079, 0.071, 0.0, 471.06833
9xw, 20130812, 	27.7, 17.660074, 38.8, 19.93819, 0.0, 33.7, 13.4, 0.103, 0.083, 0.0, 477.6503
9z5, 20130812, 	28.9, 23.47466, 38.1, 25.117016, 0.0, 26.3, 21.6, 0.144, 0.136, 0.0, 530.70886
9z7, 20130812, 	30.4, 23.96389, 36.9, 25.030565, 0.0, 27.9, 21.9, 0.204, 0.191, 0.0, 523.0196
9xp, 20130813, 	25.3, 17.692017, 1.4E-45, -9999.0, 0.0, 1.4E-45, 0.0, 1.4E-45, 0.0, 0.0, 0.0
9xr, 20130813, 	24.1, 19.147562, 35.8, 21.984377, 0.0, 27.6, 20.0, 0.083, 0.067, 0.0, 413.2516
9xw, 20130813, 	27.2, 18.021177, 33.5, 19.43542, 0.0, 32.1, 12.8, 0.115, 0.086, 0.0, 512.86273
9z5, 20130813, 	26.4, 20.870834, 33.3, 21.381586, 0.0, 25.6, 20.6, 0.142, 0.133, 0.0, 403.908
9z7, 20130813, 	27.2, 20.644432, 33.2, 21.395483, 0.0, 26.7, 20.0, 0.201, 0.186, 0.0, 439.32053
9xp, 20130814, 	26.7, 19.516315, 1.4E-45, -9999.0, 0.0, 1.4E-45, 0.0, 1.4E-45, 0.0, 0.0, 0.0
9xr, 20130814, 	24.9, 18.41562, 34.8, 21.928818, 0.0, 26.0, 19.1, 0.098, 0.072, 0.0, 482.31848
9xw, 20130814, 	27.6, 17.881948, 36.2, 20.020483, 0.0, 34.7, 13.5, 0.114, 0.094, 0.0, 507.15527
9z5, 20130814, 	24.6, 18.319443, 32.2, 17.752777, 0.0, 23.4, 18.8, 0.138, 0.128, 0.0, 245.4908
9z7, 20130814, 	25.5, 18.24584, 30.6, 18.334726, 0.0, 25.7, 18.6, 0.197, 0.183, 0.0, 272.30063
9xp, 20130815, 	27.1, 19.363192, 1.4E-45, -9999.0, 0.0, 1.4E-45, 0.0, 1.4E-45, 0.0, 0.0, 0.0
9xr, 20130815, 	24.1, -16.01389, 33.6, 21.121181, 0.0, 25.5, 18.6, 0.109, 0.083, 0.0, 399.9321
9xw, 20130815, 	28.8, 20.347569, 35.8, 21.922564, 0.0, 35.1, 16.4, 0.107, 0.087, 0.0, 570.9231
9z5, 20130815, 	22.8, 18.880205, 27.1, 19.101744, 0.0, 21.8, 19.5, 0.142, 0.13, 0.0, 216.07594
9z7, 20130815, 	21.9, 18.661459, 25.3, 19.06736, 0.0, 23.7, 20.1, 0.196, 0.184, 0.0, 202.91559
9xp, 20130816, 	28.5, 20.364933, 1.4E-45, -9999.0, 0.0, 1.4E-45, 0.0, 1.4E-45, 0.0, 0.0, 0.0
9xr, 20130816, 	25.5, 19.313892, 38.6, 23.457659, 0.0, 26.3, 20.1, 0.098, 0.088, 0.0, 412.51553
9xw, 20130816, 	29.3, 19.152077, 40.0, 22.262844, 0.0, 37.2, 17.1, 0.102, 0.083, 0.0, 509.16876
9z5, 20130816, 	22.7, 18.540272, 28.2, 19.625008, 0.0, 22.0, 19.4, 0.144, 0.137, 0.0, 306.78262
9z7, 20130816, 	24.4, 19.116295, 32.7, 20.374655, 0.0, 25.5, 19.5, 0.201, 0.186, 0.0, 337.06876
9xp, 20130817, 	27.8, 20.954868, 1.4E-45, -9999.0, 0.0, 1.4E-45, 0.0, 1.4E-45, 0.0, 0.0, 0.0
9xr, 20130817, 	25.1, 19.955898, 36.1, 22.889927, 0.0, 26.0, 20.5, 0.092, 0.083, 0.0, 349.96835
9xw, 20130817, 	30.3, 21.65139, 38.6, 23.895832, 0.0, 35.6, 17.5, 0.099, 0.07, 0.0, 503.83124
9z5, 20130817, 	25.4, 20.1434, 34.3, 21.898607, 0.0, 23.9, 19.4, 0.143, 0.136, 0.0, 522.3396
9z7, 20130817, 	26.8, 20.376389, 33.9, 21.831942, 0.0, 27.9, 19.4, 0.204, 0.187, 0.0, 530.7226
9xp, 20130818, 	27.9, 21.091661, 1.4E-45, -9999.0, 0.0, 1.4E-45, 0.0, 1.4E-45, 0.0, 0.0, 0.0
9xr, 20130818, 	26.6, 20.791328, 36.6, 24.13159, 0.0, 27.3, 20.8, 0.086, 0.078, 0.0, 413.77216
9xw, 20130818, 	31.7, -152.1715, 43.3, 24.090277, 0.0, 34.2, 18.8, 0.094, 0.055, 0.0, 410.2264
9z5, 20130818, 	26.4, 19.445482, 35.7, 20.81423, 0.0, 24.0, 18.5, 0.141, 0.131, 0.0, 531.45966
9z7, 20130818, 	27.3, 18.959373, 35.7, 19.725348, 0.0, 28.1, 17.8, 0.203, 0.186, 0.0, 539.4114
9xp, 20130819, 	32.0, 23.103115, 1.4E-45, -9999.0, 0.0, 1.4E-45, 0.0, 1.4E-45, 0.0, 0.0, 0.0
9xr, 20130819, 	31.6, 22.906256, 40.1, 25.075003, 0.0, 28.8, 20.8, 0.081, 0.07, 0.0, 482.23126
9xw, 20130819, 	31.2, 21.645487, 42.2, 24.550346, 0.0, 37.5, 16.7, 0.083, 0.036, 0.0, 501.9394
9z5, 20130819, 	29.9, 22.920479, 37.4, 24.117706, 0.0, 25.2, 20.2, 0.138, 0.13, 0.0, 500.85626
9z7, 20130819, 	30.0, 22.723269, 35.7, 23.178474, 0.0, 29.3, 20.3, 0.204, 0.187, 0.0, 497.87262
9xp, 20130820, 	32.9, 23.855904, 1.4E-45, -9999.0, 0.0, 1.4E-45, 0.0, 1.4E-45, 0.0, 0.0, 0.0
9xr, 20130820, 	34.2, 25.152437, 41.1, 25.593407, 0.0, 28.8, 21.7, 0.072, 0.06, 0.0, 465.6
9xw, 20130820, 	36.3, 23.332642, 48.1, 25.815275, 0.0, 39.7, 16.7, 0.079, 0.028, 0.0, 531.64374
9z5, 20130820, 	31.7, 25.130217, 39.4, 26.464233, 0.0, 26.3, 21.5, 0.135, 0.127, 0.0, 495.025
9z7, 20130820, 	31.7, 25.629166, 36.7, 26.2441, 0.0, 30.5, 22.3, 0.202, 0.188, 0.0, 504.0382
9xp, 20130821, 	33.4, 24.14132, 1.4E-45, -9999.0, 0.0, 1.4E-45, 0.0, 1.4E-45, 0.0, 0.0, 0.0
9xr, 20130821, 	31.2, 25.162842, 40.1, 26.239233, 0.0, 28.9, 23.2, 0.064, 0.054, 0.0, 388.46796
9xw, 20130821, 	33.2, 23.469444, 38.1, 24.147232, 0.0, 34.8, 21.5, 0.067, 0.026, 0.0, 241.50322
9z5, 20130821, 	32.6, 25.92812, 40.0, 27.210064, 0.0, 26.9, 22.0, 0.134, 0.126, 0.0, 472.96893
9z7, 20130821, 	33.7, 26.534029, 38.1, 27.135077, 0.0, 31.2, 22.9, 0.2, 0.183, 0.0, 471.21518
9xp, 20130822, 	31.4, 23.007301, 1.4E-45, -9999.0, 0.0, 1.4E-45, 0.0, 1.4E-45, 0.0, 0.0, 0.0
9xr, 20130822, 	26.6, 19.136808, 33.0, 22.076042, 0.0, 28.4, 22.3, 0.056, 0.049, 0.0, 289.13333
9xw, 20130822, 	29.3, 19.557983, 40.6, 22.609722, 0.0, 34.8, 17.9, 0.057, 0.024, 0.0, 439.7226
9z5, 20130822, 	30.3, 24.632637, 39.2, 25.405912, 0.0, 26.6, 22.6, 0.132, 0.124, 0.0, 332.66888
9z7, 20130822, 	30.4, 24.70243, 36.8, 25.239227, 0.0, 30.1, 23.5, 0.196, 0.182, 0.0, 359.75
9xp, 20130823, 	32.4, 23.632973, 1.4E-45, -9999.0, 0.0, 1.4E-45, 0.0, 1.4E-45, 0.0, 0.0, 0.0
9xr, 20130823, 	30.8, 21.806597, 42.0, 25.276388, 0.0, 28.3, 22.1, 0.054, 0.045, 0.0, 400.00632
9xw, 20130823, 	30.4, 22.038548, 42.6, 25.121534, 0.0, 36.1, 20.0, 0.058, 0.024, 0.0, 484.45395
9z5, 20130823, 	32.1, 25.170494, 40.8, 26.429512, 0.0, 26.7, 22.2, 0.13, 0.122, 0.0, 439.1698
9z7, 20130823, 	33.2, 25.353476, 41.6, 26.584723, 0.0, 31.6, 23.3, 0.196, 0.181, 0.0, 465.89032
9xp, 20130824, 	34.3, 24.019438, 1.4E-45, -9999.0, 0.0, 1.4E-45, 0.0, 1.4E-45, 0.0, 0.0, 0.0
9xr, 20130824, 	34.3, 25.363192, 44.7, 27.245485, 0.0, 29.6, 22.3, 0.049, 0.04, 0.0, 499.84076
9xw, 20130824, 	32.6, 23.198614, 45.0, 26.165636, 0.0, 39.6, 17.8, 0.06, 0.027, 0.0, 546.64966
9z5, 20130824, 	33.5, 27.491669, 40.8, 29.01909, 0.0, 28.0, 23.3, 0.13, 0.122, 0.0, 497.71338
9z7, 20130824, 	34.6, 27.748266, 40.9, 28.787506, 0.0, 32.9, 24.6, 0.195, 0.179, 0.0, 474.61145
9xp, 20130825, 	34.4, 26.147911, 1.4E-45, -9999.0, 0.0, 1.4E-45, 0.0, 1.4E-45, 0.0, 0.0, 0.0
9xr, 20130825, 	34.7, 26.307987, 47.5, 28.212852, 0.0, 30.3, 22.9, 0.045, 0.035, 0.0, 479.19498
9xw, 20130825, 	33.7, 23.641666, 45.7, 27.155214, 0.0, 38.8, 20.2, 0.064, 0.021, 0.0, 479.17722
9z5, 20130825, 	34.8, 28.010416, 42.9, 29.467709, 0.0, 28.4, 23.6, 0.129, 0.12, 0.0, 493.58228
9z7, 20130825, 	35.2, 28.620483, 42.0, 29.423958, 0.0, 33.1, 24.9, 0.192, 0.176, 0.0, 504.25162
9xp, 20130826, 	35.5, 26.843052, 1.4E-45, -9999.0, 0.0, 1.4E-45, 0.0, 1.4E-45, 0.0, 0.0, 0.0
9xr, 20130826, 	35.9, 27.285069, 49.7, 29.345482, 0.0, 31.2, 23.5, 0.041, 0.032, 0.0, 494.25317
9xw, 20130826, 	34.1, 23.51667, 42.8, 26.07361, 0.0, 38.9, 19.0, 0.064, 0.019, 0.0, 525.9684
9z5, 20130826, 	35.3, 28.512505, 43.5, 30.04514, 0.0, 28.9, 23.9, 0.127, 0.119, 0.0, 506.79874
9z7, 20130826, 	35.1, 28.950705, 41.3, 29.52291, 0.0, 33.0, 25.3, 0.188, 0.174, 0.0, 451.78345
9xp, 20130827, 	34.8, 26.009022, 1.4E-45, -9999.0, 0.0, 1.4E-45, 0.0, 1.4E-45, 0.0, 0.0, 0.0
9xr, 20130827, 	35.3, 28.279865, 48.8, 29.45452, 0.0, 31.5, 24.0, 0.038, 0.029, 0.0, 486.68555
9xw, 20130827, 	34.9, 25.540977, 47.9, 28.628136, 0.0, 41.7, 20.6, 0.06, 0.019, 0.0, 512.4167
9z5, 20130827, 	35.8, 28.737497, 44.5, 30.384016, 0.0, 29.2, 24.1, 0.127, 0.117, 0.0, 519.2803
9z7, 20130827, 	35.5, 29.26216, 41.3, 30.040283, 0.0, 33.4, 25.2, 0.188, 0.171, 0.0, 529.9216
9xp, 20130828, 	34.0, 24.005207, 1.4E-45, -9999.0, 0.0, 1.4E-45, 0.0, 1.4E-45, 0.0, 0.0, 0.0
9xr, 20130828, 	36.6, 27.361105, 51.3, 29.831944, 0.0, 31.9, 24.2, 0.037, 0.026, 0.0, 505.5414
9xw, 20130828, 	34.1, 24.591316, 47.0, 27.293056, 0.0, 39.8, 20.8, 0.057, 0.017, 0.0, 473.73288
9z5, 20130828, 	34.3, 27.504854, 44.7, 29.292711, 0.0, 28.8, 23.8, 0.125, 0.115, 0.0, 477.54776
9z7, 20130828, 	34.6, 27.802086, 41.6, 28.272223, 0.0, 33.2, 24.2, 0.185, 0.165, 0.0, 515.20264
9xp, 20130829, 	36.5, 24.741661, 1.4E-45, -9999.0, 0.0, 1.4E-45, 0.0, 1.4E-45, 0.0, 0.0, 0.0
9xr, 20130829, 	37.3, 26.497913, 51.5, 29.084032, 0.0, 31.9, 23.8, 0.033, 0.023, 0.0, 499.83334
9xw, 20130829, 	35.2, 24.768751, 46.1, 27.481945, 0.0, 40.2, 18.6, 0.059, 0.018, 0.0, 582.0493
9z5, 20130829, 	36.2, 27.222221, 45.2, 28.932983, 0.0, 29.4, 23.6, 0.124, 0.113, 0.0, 510.53247
9z7, 20130829, 	36.3, 27.42569, 44.4, 28.457296, 0.0, 34.1, 24.3, 0.182, 0.165, 0.0, 520.58386
9xp, 20130830, 	34.6, 24.345139, 1.4E-45, -9999.0, 0.0, 1.4E-45, 0.0, 1.4E-45, 0.0, 0.0, 0.0
9xr, 20130830, 	33.7, 26.162502, 47.9, 28.85382, 0.0, 31.9, 24.5, 0.031, 0.021, 0.0, 435.67722
9xw, 20130830, 	34.5, 23.719793, 46.2, 26.797916, 0.0, 41.7, 20.1, 0.031, 0.018, 0.0, 489.0331
9z5, 20130830, 	36.5, 28.267365, 47.2, 30.505554, 0.0, 29.8, 24.2, 0.123, 0.112, 0.0, 496.44232
9z7, 20130830, 	37.1, 28.654503, 45.0, 29.305895, 0.0, 34.1, 24.8, 0.18, 0.164, 0.0, 502.95425
9xp, 20130831, 	33.8, 24.892015, 1.4E-45, -9999.0, 0.0, 1.4E-45, 0.0, 1.4E-45, 0.0, 0.0, 0.0
9xr, 20130831, 	32.9, 23.48508, 45.2, 25.997223, 0.0, 30.8, 22.4, 0.031, 0.015, 0.0, 511.19858
9xw, 20130831, 	32.8, 23.477083, 43.7, 26.294785, 0.0, 37.8, 20.0, 0.034, 0.018, 0.0, 544.3052
9z5, 20130831, 	35.6, 27.543404, 45.6, 29.907986, 0.0, 29.5, 24.9, 0.122, 0.113, 0.0, 441.53333
9z7, 20130831, 	34.7, 26.820486, 44.2, 28.79792, 0.0, 33.8, 25.6, 0.179, 0.163, 0.0, 441.19727
9xr, 20140801, 	32.3, 24.46772, 49.6, 27.254173, 0.0, 30.8, 22.0, 0.027, 0.017, 0.0, 524.65497
9xw, 20140801, 	30.9, 19.23958, 52.3, 23.997566, 0.0, 36.8, 15.2, 0.07, 0.024, 0.0, 481.69278
9z5, 20140801, 	29.1, 22.098957, 42.5, 24.678822, 0.0, 24.6, 20.4, 0.126, 0.117, 0.0, 437.60715
9z7, 20140801, 	28.6, 23.06077, 40.3, 25.285759, 0.0, 28.3, 21.3, 0.192, 0.178, 0.0, 446.3554
9xr, 20140802, 	33.9, 24.457638, 48.9, 27.376055, 0.0, 30.8, 23.3, 0.028, 0.015, 0.0, 430.2647
9xw, 20140802, 	31.7, 19.57743, 54.5, 23.584372, 0.0, 34.8, 16.0, 0.062, 0.022, 0.0, 388.82425
9z5, 20140802, 	31.5, 22.396873, 43.7, 24.224998, 0.0, 25.5, 20.0, 0.126, 0.116, 0.0, 446.5595
9z7, 20140802, 	31.0, 21.583328, 41.8, 23.362488, 0.0, 28.6, 20.3, 0.191, 0.175, 0.0, 454.56442
9xr, 20140803, 	31.9, 24.519783, 48.8, 27.743061, 0.0, 31.0, 22.8, 0.025, 0.015, 0.0, 505.4353
9xw, 20140803, 	31.1, 19.812845, 53.0, 25.217001, 0.0, 37.0, 14.9, 0.065, 0.022, 0.0, 556.91614
9z5, 20140803, 	33.4, 24.704874, 45.5, 27.32257, 0.0, 26.6, 21.5, 0.125, 0.117, 0.0, 485.46988
9z7, 20140803, 	32.0, 24.65, 45.4, 27.135416, 0.0, 31.3, 21.9, 0.194, 0.177, 0.0, 505.80865
9xr, 20140804, 	32.9, 24.172924, 48.5, 28.796879, 0.0, 31.5, 23.8, 0.026, 0.016, 0.0, 502.7711
9xw, 20140804, 	32.8, -81.673965, 56.1, 27.075344, 0.0, 38.7, 17.9, 0.065, 0.022, 0.0, 462.4717
9z5, 20140804, 	31.1, -11.035768, 44.7, 26.679512, 0.0, 26.5, 21.8, 0.125, 0.116, 0.0, 420.6012
9z7, 20140804, 	30.7, 23.403128, 43.6, 25.33472, 0.0, 29.9, 22.2, 0.191, 0.175, 0.0, 382.09146
9xr, 20140805, 	31.2, 23.766306, 43.5, 27.785069, 0.0, 31.5, 24.9, 0.025, 0.016, 0.0, 340.6
9xw, 20140805, 	25.3, 18.653473, 36.9, 20.813545, 0.0, 28.1, 17.3, 0.092, 0.028, 0.0, 246.58228
9z5, 20140805, 	33.2, 24.817013, 45.6, 27.149654, 0.0, 27.2, 21.9, 0.124, 0.116, 0.0, 457.6182
9z7, 20140805, 	32.8, 24.46076, 45.8, 27.140972, 0.0, 31.6, 22.5, 0.192, 0.175, 0.0, 463.23636
9xr, 20140806, 	27.2, 20.764593, 42.3, 23.338543, 0.0, 29.3, 23.0, 0.083, 0.015, 0.0, 341.1457
9xw, 20140806, 	28.1, 19.230213, 39.6, 21.977425, 0.0, 31.6, 15.1, 0.08, 0.035, 0.0, 478.26624
9z5, 20140806, 	29.7, 23.703482, 30.5, 24.115974, 0.0, 27.0, 23.2, 0.123, 0.114, 0.0, 195.1656
9z7, 20140806, 	28.7, -185.1076, 33.7, 24.372566, 0.0, 30.3, 24.0, 0.189, 0.176, 0.0, 223.10068
9xr, 20140807, 	29.1, 21.323954, 39.3, 24.670124, 0.0, 28.0, 21.6, 0.114, 0.078, 0.0, 497.7914
9xw, 20140807, 	31.4, 19.448603, 47.9, 24.12118, 0.0, 37.2, 16.1, 0.094, 0.033, 0.0, 552.4417
9z5, 20140807, 	26.5, 22.034367, 37.2, 24.178465, 0.0, 24.2, 22.2, 0.124, 0.116, 0.0, 276.8092
9z7, 20140807, 	25.6, 22.052437, 34.5, 23.492363, 0.0, 26.8, 23.3, 0.189, 0.178, 0.0, 184.83109
9xr, 20140808, 	28.3, 21.02882, 39.2, 23.764238, 0.0, 27.8, 20.8, 0.135, 0.087, 0.0, 446.9461
9xw, 20140808, 	28.5, 19.842012, 40.8, 23.150686, 0.0, 32.3, 16.2, 0.208, 0.072, 0.0, 500.7261
9z5, 20140808, 	27.4, 22.25139, 34.3, 23.917362, 0.0, 24.0, 21.9, 0.125, 0.118, 0.0, 219.94409
9z7, 20140808, 	27.0, 22.293756, 37.3, 24.134026, 0.0, 26.7, 22.4, 0.192, 0.179, 0.0, 262.24225
9xr, 20140809, 	28.4, 19.008333, 39.7, 21.459026, 0.0, 26.6, 20.2, 0.099, 0.088, 0.0, 329.45508
9xw, 20140809, 	28.9, 19.965973, 41.1, 22.752432, 0.0, 31.1, 15.4, 0.195, 0.174, 0.0, 501.5212
9z5, 20140809, 	28.3, 22.19582, 38.1, 23.862846, 0.0, 24.2, 21.4, 0.226, 0.12, 0.0, 329.00616
9z7, 20140809, 	28.7, -81.818405, 37.6, 24.284718, 0.0, 28.4, 22.0, 0.222, 0.182, 0.0, 356.1887
9xr, 20140810, 	25.4, 19.828129, 33.8, 21.592009, 0.0, 25.2, 20.0, 0.114, 0.089, 0.0, 471.63635
9xw, 20140810, 	26.7, 18.57257, 42.6, 22.820145, 0.0, 31.8, 14.7, 0.177, 0.157, 0.0, 511.26505
9z5, 20140810, 	28.2, 22.69201, 38.8, 24.415276, 0.0, 24.2, 21.7, 0.351, 0.212, 0.0, 331.67294
9z7, 20140810, 	28.4, 22.887856, 36.6, 24.68507, 0.0, 28.5, 22.6, 0.245, 0.212, 0.0, 368.30573
9xr, 20140811, 	26.0, 19.386803, 37.9, 21.802427, 0.0, 26.4, 18.7, 0.1, 0.089, 0.0, 512.27545
9xw, 20140811, 	28.0, 19.4507, 45.3, 23.317707, 0.0, 31.9, 16.4, 0.162, 0.14, 0.0, 484.48172
9z5, 20140811, 	27.1, 21.93611, 38.4, 24.638195, 0.0, 23.9, 21.6, 0.298, 0.265, 0.0, 499.6182
9z7, 20140811, 	27.1, 22.004517, 39.8, 25.070137, 0.0, 28.8, 21.8, 0.245, 0.228, 0.0, 534.8405
9xr, 20140812, 	28.7, 20.364931, 39.3, 23.05799, 0.0, 27.9, 19.1, 0.092, 0.083, 0.0, 513.1138
9xw, 20140812, 	31.3, 20.677784, 46.5, 25.019096, 0.0, 35.7, 16.1, 0.148, 0.123, 0.0, 552.84753
9z5, 20140812, 	26.3, 19.313545, 39.6, 21.67153, 0.0, 23.2, 19.0, 0.273, 0.243, 0.0, 538.31323
9z7, 20140812, 	26.6, -16.088194, 40.7, 21.678823, 0.0, 28.7, 18.1, 0.24, 0.218, 0.0, 562.6398
9xr, 20140813, 	30.3, 21.749989, 38.8, 23.423967, 0.0, 27.5, 20.6, 0.086, 0.076, 0.0, 445.6747
9xw, 20140813, 	33.6, 23.228823, 46.2, 25.757986, 0.0, 36.1, 17.8, 0.134, 0.113, 0.0, 501.51266
9z5, 20140813, 	28.5, 20.393402, 40.3, 22.123951, 0.0, 23.7, 18.8, 0.246, 0.214, 0.0, 530.2317
9z7, 20140813, 	29.1, -15.607653, 41.8, 22.18646, 0.0, 29.6, 18.2, 0.231, 0.212, 0.0, 560.18866
9xr, 20140814, 	32.1, 23.654512, 41.0, 25.700003, 0.0, 28.5, 21.6, 0.077, 0.066, 0.0, 459.61447
9xw, 20140814, 	28.9, 23.273956, 36.0, 23.17257, 0.0, 28.7, 17.8, 0.116, 0.1, 0.0, 288.1962
9z5, 20140814, 	30.3, 22.118402, 39.6, 23.718048, 0.0, 24.4, 20.0, 0.219, 0.194, 0.0, 475.90683
9z7, 20140814, 	30.6, 22.269787, 42.7, 24.376385, 0.0, 30.3, 20.1, 0.223, 0.207, 0.0, 476.18988
9xr, 20140815, 	28.6, 23.276733, 39.3, 25.494436, 0.0, 28.4, 22.9, 0.069, 0.057, 0.0, 451.8258
9xw, 20140815, 	30.9, 21.196178, 45.6, 24.801033, 0.0, 33.1, 16.4, 0.111, 0.095, 0.0, 582.9267
9z5, 20140815, 	27.3, 21.873953, 27.0, 21.689926, 0.0, 24.1, 21.5, 0.2, 0.189, 0.0, 118.9625
9z7, 20140815, 	27.1, 21.454512, 27.7, 21.409723, 0.0, 28.9, 22.1, 0.216, 0.2, 0.0, 96.33766
9xr, 20140816, 	29.7, 23.32048, 38.0, 24.421535, 0.0, 28.3, 22.1, 0.06, 0.046, 0.0, 496.34546
9xw, 20140816, 	32.3, 20.9816, 51.8, 25.71251, 0.0, 37.3, 16.2, 0.107, 0.091, 0.0, 541.0
9z5, 20140816, 	29.3, 23.04549, 42.7, 26.087482, 0.0, 24.9, 21.3, 0.2, 0.192, 0.0, 448.11392
9z7, 20140816, 	29.3, 22.972574, 40.8, 25.690994, 0.0, 28.5, 22.1, 0.211, 0.198, 0.0, 402.9342
9xr, 20140817, 	33.4, 23.855547, 40.8, 25.395836, 0.0, 28.8, 22.5, 0.052, 0.041, 0.0, 514.76074
9xw, 20140817, 	34.2, 23.143745, 53.6, 26.976385, 0.0, 36.8, 17.0, 0.104, 0.083, 0.0, 564.14905
9z5, 20140817, 	31.7, 24.149302, 42.2, 25.725014, 0.0, 25.3, 21.7, 0.197, 0.185, 0.0, 407.0625
9z7, 20140817, 	31.6, 24.21737, 45.5, 26.96493, 0.0, 30.9, 22.0, 0.21, 0.196, 0.0, 484.26797
9xr, 20140818, 	29.6, 21.004862, 40.0, 22.838541, 0.0, 28.3, 21.6, 0.046, 0.037, 0.0, 439.56097
9xw, 20140818, 	31.5, 21.58924, 53.5, 26.074303, 0.0, 34.7, 17.0, 0.099, 0.06, 0.0, 467.46915
9z5, 20140818, 	31.1, 23.634367, 40.8, 25.651045, 0.0, 25.6, 21.2, 0.22, 0.183, 0.0, 521.4591
9z7, 20140818, 	32.1, -254.32785, 42.5, 26.511116, 0.0, 30.5, 21.3, 0.228, 0.198, 0.0, 540.22437
9xr, 20140819, 	30.8, -2483.8862, 45.3, -45.58819, -2499.0, 28.1, 0.0, 0.042, 0.0, 0.0, 445.83545
9xw, 20140819, 	32.5, 20.546877, 46.8, 23.880205, 0.0, 33.3, 16.1, 0.087, 0.037, 0.0, 448.43826
9z5, 20140819, 	33.0, 25.465626, 42.4, 27.165625, 0.0, 26.2, 22.0, 0.214, 0.196, 0.0, 519.9108
9z7, 20140819, 	32.4, -10.151393, 43.9, 27.369791, 0.0, 30.8, 22.1, 0.228, 0.211, 0.0, 521.56494
9xr, 20140820, 	32.0, 23.828812, 47.2, 26.63437, 0.0, 28.1, 22.8, 0.039, 0.033, 0.0, 372.98126
9xw, 20140820, 	31.4, -1647.2349, 52.2, 27.758339, -1666.0, 31.1, 0.0, 0.074, 0.0, 0.0, 515.4966
9z5, 20140820, 	34.0, 27.171185, 41.7, 28.207975, 0.0, 27.0, 23.1, 0.201, 0.185, 0.0, 464.39743
9z7, 20140820, 	34.4, 27.533339, 45.1, 29.38855, 0.0, 32.4, 23.9, 0.227, 0.213, 0.0, 484.21854
9xr, 20140821, 	30.1, 23.988537, 45.9, 27.939924, 0.0, 29.1, 23.0, 0.038, 0.03, 0.0, 521.875
9xw, 20140821, 	30.6, 19.66006, 56.1, 26.155909, 0.0, 31.0, 19.2, 0.067, 0.028, 0.0, 510.6266
9z5, 20140821, 	31.6, -1610.3345, 36.4, -391.9812, -1631.0, 26.6, 0.0, 0.191, 0.0, 0.0, 232.71545
9z7, 20140821, 	31.4, -1644.1339, 42.5, -391.3288, -1666.0, 30.7, 0.0, 0.223, 0.0, 0.0, 267.89908
9xr, 20140822, 	28.5, 20.364582, 31.7, 19.612154, 0.0, 29.2, 22.4, 0.037, 0.027, 0.0, 77.902596
9xw, 20140822, 	29.7, 18.61423, 40.6, 22.315273, 0.0, 30.9, 20.3, 0.063, 0.029, 0.0, 272.22223
9z5, 20140822, 	32.7, -1260.5205, 45.5, 28.60556, -1284.0, 30.4, 0.0, 0.195, 0.0, 0.0, 464.1307
9z7, 20140822, 	33.5, -390.6893, 50.8, 31.005215, -416.0, 30.7, 0.0, 0.223, 0.0, 0.0, 399.26453
9xr, 20140823, 	25.6, 19.135767, 38.3, 21.403118, 0.0, 24.9, 20.0, 0.058, 0.029, 0.0, 288.43314
9xw, 20140823, 	27.8, 19.3323, 49.7, 24.35069, 0.0, 28.3, 20.5, 0.064, 0.029, 0.0, 435.3125
9z5, 20140823, 	34.5, 26.038542, 43.3, 28.04514, 0.0, 30.9, 23.4, 0.157, 0.142, 0.0, 515.9474
9z7, 20140823, 	34.1, 25.852766, 48.9, 29.82153, 0.0, 31.8, 24.0, 0.263, 0.211, 0.0, 486.6903
9xr, 20140824, 	27.4, 19.747223, 36.0, 21.029512, 0.0, 24.7, 17.4, 0.056, 0.048, 0.0, 530.85986
9xw, 20140824, 	26.9, 16.351038, 42.3, 19.537846, 0.0, 27.9, 16.3, 0.065, 0.024, 0.0, 474.22012
9z5, 20140824, 	32.8, 26.926395, 46.8, 29.313202, 0.0, 31.8, 23.1, 0.156, 0.138, 0.0, 523.5855
9z7, 20140824, 	32.3, 27.450357, 50.1, 31.29235, 0.0, 31.8, 23.6, 0.254, 0.237, 0.0, 507.94193
9xr, 20140825, 	26.4, 17.750349, 40.1, 21.937157, 0.0, 25.7, 17.8, 0.053, 0.044, 0.0, 517.63873
9xw, 20140825, 	25.8, 14.836461, 48.4, 21.134033, 0.0, 28.2, 16.0, 0.067, 0.025, 0.0, 468.8981
9z5, 20140825, 	29.6, 22.665623, 45.2, 25.7382, 0.0, 30.6, 22.8, 0.152, 0.138, 0.0, 524.78845
9z7, 20140825, 	29.1, 22.468401, 47.5, 27.43681, 0.0, 30.5, 23.1, 0.247, 0.23, 0.0, 504.18353
9xr, 20140826, 	26.7, 18.239243, 41.2, 22.049654, 0.0, 26.2, 18.7, 0.049, 0.04, 0.0, 482.38065
9xw, 20140826, 	28.6, 18.51146, 47.0, 23.4125, 0.0, 28.0, 18.6, 0.067, 0.025, 0.0, 409.75818
9z5, 20140826, 	26.2, 20.491665, 38.8, 22.829857, 0.0, 28.8, 22.0, 0.148, 0.136, 0.0, 312.6908
9z7, 20140826, 	26.2, 20.613188, 42.2, 23.569092, 0.0, 28.8, 21.8, 0.28, 0.228, 0.0, 326.75818
9xr, 20140827, 	24.3, 19.688547, 33.6, 21.623604, 0.0, 26.0, 21.0, 0.044, 0.036, 0.0, 264.45947
9xw, 20140827, 	23.4, 16.731255, 25.7, 17.186455, 0.0, 27.5, 18.4, 0.189, 0.025, 0.0, 108.333336
9z5, 20140827, 	24.7, 21.08056, 25.4, 21.23542, 0.0, 26.9, 22.1, 0.146, 0.138, 0.0, 92.58042
9z7, 20140827, 	24.0, 21.272926, 26.5, 21.96736, 0.0, 26.6, 22.7, 0.279, 0.247, 0.0, 121.972786
9xr, 20140828, 	23.3, 18.20312, 41.3, 20.092018, 0.0, 23.9, 19.7, 0.084, 0.04, 0.0, 277.57553
9xw, 20140828, 	19.8, 16.310417, 22.6, 16.967361, 0.0, 20.5, 16.9, 0.201, 0.185, 0.0, 130.40141
9z5, 20140828, 	28.1, 22.97952, 33.6, 23.355906, 0.0, 25.1, 21.8, 0.372, 0.141, 0.0, 256.4855
9z7, 20140828, 	27.0, 23.073614, 34.9, 24.303474, 0.0, 26.0, 22.5, 0.34, 0.262, 0.0, 241.18977
9xr, 20140829, 	26.2, 18.548956, 34.6, 19.577774, 0.0, 23.1, 17.0, 0.092, 0.083, 0.0, 465.14935
9xw, 20140829, 	25.7, 15.217012, 35.7, 16.536802, 0.0, 21.5, 11.9, 0.2, 0.188, 0.0, 378.24026
9z5, 20140829, 	24.9, 21.542015, 24.6, 21.374659, 0.0, 24.9, 22.0, 0.309, 0.284, 0.0, 109.31126
9z7, 20140829, 	24.4, 22.09235, 35.0, 22.777094, 0.0, 25.7, 22.6, 0.336, 0.322, 0.0, 161.68211
9xr, 20140830, 	28.0, 18.970837, 36.2, 19.789236, 0.0, 24.1, 16.7, 0.086, 0.075, 0.0, 501.44302
9xw, 20140830, 	29.9, 19.72292, 39.2, 21.112146, 0.0, 25.6, 14.1, 0.19, 0.175, 0.0, 509.68832
9z5, 20140830, 	29.4, 21.963537, 41.9, 24.572218, 0.0, 28.6, 19.8, 0.295, 0.274, 0.0, 515.0645
9z7, 20140830, 	28.9, 21.562841, 46.0, 26.109373, 0.0, 28.5, 20.4, 0.333, 0.321, 0.0, 505.26453
9xr, 20140831, 	27.4, 19.258678, 29.5, 18.434721, 0.0, 23.8, 18.5, 0.077, 0.07, 0.0, 190.81458
9xw, 20140831, 	25.5, 16.887493, 31.8, 17.467014, 0.0, 25.2, 15.7, 0.178, 0.163, 0.0, 379.928
9z5, 20140831, 	32.7, -10.962497, 40.3, 23.67952, 0.0, 27.7, 21.6, 0.416, 0.26, 0.0, 330.3534
9z7, 20140831, 	32.0, 23.01146, 42.7, 23.556602, 0.0, 27.5, 21.8, 0.378, 0.313, 0.0, 254.86029
9xr, 20150801, 	30.8, 22.08681, 36.1, 23.502771, 0.0, 28.0, 22.1, 0.063, 0.052, 0.0, 413.71753
9xw, 20150801, 	33.4, 23.86459, 50.9, 27.531244, 0.0, 33.2, 19.1, 0.118, 0.1, 0.0, 537.7425
9z5, 20150801, 	29.4, 22.726393, 35.4, 21.762499, 0.0, 27.4, 22.2, 0.203, 0.191, 0.0, 364.5786
9z7, 20150801, 	30.6, 22.91736, 35.2, 22.912846, 0.0, 27.8, 22.4, 0.318, 0.292, 0.0, 358.78915
9xr, 20150802, 	33.4, 24.531248, 46.2, 25.636803, 0.0, 27.3, 21.3, 0.055, 0.043, 0.0, 465.33145
9xw, 20150802, 	31.2, 21.803131, 45.5, 25.445484, 0.0, 32.9, 19.6, 0.116, 0.096, 0.0, 461.34525
9z5, 20150802, 	33.4, 26.216316, 36.0, 25.66771, 0.0, 28.8, 22.7, 0.194, 0.184, 0.0, 509.58182
9z7, 20150802, 	34.7, 27.011795, 38.4, 27.012505, 0.0, 31.2, 23.3, 0.303, 0.278, 0.0, 490.54544
9xr, 20150803, 	29.6, 22.03333, 40.7, 24.879517, 0.0, 27.4, 22.1, 0.046, 0.036, 0.0, 459.29944
9xw, 20150803, 	29.7, 20.7, 46.6, 24.433336, 0.0, 30.3, 19.4, 0.114, 0.093, 0.0, 439.52975
9z5, 20150803, 	29.0, 23.95243, 32.9, 23.73125, 0.0, 28.0, 22.8, 0.187, 0.176, 0.0, 439.13773
9z7, 20150803, 	28.2, 23.334373, 34.4, 23.629515, 0.0, 29.5, 23.5, 0.287, 0.243, 0.0, 390.41974
9xr, 20150804, 	26.9, 20.220478, 29.2, 21.357641, 0.0, 27.2, 22.8, 0.041, 0.034, 0.0, 202.42775
9xw, 20150804, 	29.5, 19.932625, 43.6, 22.410421, 0.0, 29.8, 19.6, 0.111, 0.093, 0.0, 295.78442
9z5, 20150804, 	28.9, 22.973267, 31.8, 23.193752, 0.0, 26.9, 22.4, 0.181, 0.172, 0.0, 506.1931
9z7, 20150804, 	29.5, 22.328827, 33.3, 22.960762, 0.0, 28.6, 22.6, 0.357, 0.259, 0.0, 417.7143
9xr, 20150805, 	30.3, -118.71947, 40.4, 23.362495, 0.0, 27.0, 19.6, 0.039, 0.032, 0.0, 524.1494
9xw, 20150805, 	31.4, -50.245148, 47.5, 24.188887, 0.0, 32.3, 17.8, 0.11, 0.089, 0.0, 509.79166
9z5, 20150805, 	26.5, 22.574997, 30.5, 23.096172, 0.0, 26.0, 23.0, 0.177, 0.17, 0.0, 270.46753
9z7, 20150805, 	27.1, 22.513199, 30.6, 23.125696, 0.0, 27.8, 23.8, 0.345, 0.325, 0.0, 221.39473
9xr, 20150806, 	28.0, 22.219795, 35.7, 23.711105, 0.0, 26.8, 21.2, 0.068, 0.031, 0.0, 427.01212
9xw, 20150806, 	29.3, 21.52083, 43.3, 25.47396, 0.0, 31.5, 19.4, 0.109, 0.088, 0.0, 556.0
9z5, 20150806, 	26.1, 21.481941, 29.1, 21.103811, 0.0, 25.4, 21.5, 0.176, 0.169, 0.0, 252.42424
9z7, 20150806, 	26.5, 21.489592, 29.7, 21.436806, 0.0, 26.4, 21.9, 0.337, 0.316, 0.0, 237.57056
9xr, 20150807, 	30.0, 22.652782, 38.0, 22.893053, 0.0, 26.2, 19.4, 0.064, 0.054, 0.0, 433.5657
9xw, 20150807, 	29.8, 21.082645, 45.0, 23.777426, 0.0, 31.3, 19.3, 0.106, 0.088, 0.0, 452.52148
9z5, 20150807, 	32.2, 24.671185, 37.6, 25.547228, 0.0, 27.8, 21.6, 0.177, 0.169, 0.0, 525.3892
9z7, 20150807, 	31.5, 24.47882, 36.5, 25.217361, 0.0, 29.4, 21.9, 0.338, 0.309, 0.0, 504.0182
9xr, 20150808, 	27.6, 20.380209, 38.2, 22.989239, 0.0, 25.9, 20.5, 0.064, 0.053, 0.0, 397.1069
9xw, 20150808, 	30.1, 21.5316, 45.5, 24.432634, 0.0, 29.7, 20.4, 0.104, 0.087, 0.0, 391.68518
9z5, 20150808, 	29.7, 24.447916, 33.1, 24.669441, 0.0, 27.3, 22.4, 0.294, 0.168, 0.0, 446.7
9z7, 20150808, 	29.6, 24.57743, 34.2, 25.180212, 0.0, 29.5, 23.8, 0.379, 0.306, 0.0, 434.6433
9xr, 20150809, 	29.0, -326.1883, 41.7, 24.950348, 0.0, 27.3, 20.8, 0.063, 0.055, 0.0, 451.93713
9xw, 20150809, 	30.0, 20.983677, 43.0, 24.645138, 0.0, 31.3, 18.9, 0.102, 0.084, 0.0, 534.0617
9z5, 20150809, 	29.9, 25.463194, 36.3, 26.09723, 0.0, 27.7, 23.9, 0.232, 0.204, 0.0, 369.51874
9z7, 20150809, 	29.9, 25.461802, 35.8, 26.388893, 0.0, 30.7, 24.8, 0.39, 0.307, 0.0, 372.7044
9xr, 20150810, 	26.8, 20.788887, 41.8, 24.484035, 0.0, 27.5, 20.5, 0.057, 0.048, 0.0, 507.0115
9xw, 20150810, 	29.3, 18.936796, 43.1, 23.10313, 0.0, 31.1, 18.4, 0.102, 0.082, 0.0, 485.95093
9z5, 20150810, 	29.3, 24.035067, 35.2, 25.50312, 0.0, 27.7, 23.1, 0.206, 0.182, 0.0, 548.68713
9z7, 20150810, 	29.3, 23.985418, 34.4, 25.395487, 0.0, 30.4, 24.0, 0.383, 0.325, 0.0, 473.51852
9xr, 20150811, 	27.3, 20.71909, 37.9, 23.269096, 0.0, 27.1, 21.0, 0.052, 0.044, 0.0, 460.94827
9xw, 20150811, 	27.8, 21.942024, 39.2, 25.107992, 0.0, 31.5, 20.3, 0.1, 0.082, 0.0, 562.26874
9z5, 20150811, 	28.6, 21.643396, 36.5, 22.082981, 0.0, 27.0, 20.6, 0.185, 0.171, 0.0, 531.1515
9z7, 20150811, 	28.6, 21.286797, 34.5, 22.373959, 0.0, 29.7, 21.1, 0.338, 0.296, 0.0, 546.0566
9xr, 20150812, 	30.3, 22.96736, 40.7, 25.621876, 0.0, 28.6, 21.4, 0.048, 0.039, 0.0, 519.31976
9xw, 20150812, 	32.3, 23.690617, 46.2, 27.320139, 0.0, 33.6, 20.6, 0.1, 0.079, 0.0, 536.4847
9z5, 20150812, 	29.3, 22.859383, 36.1, 22.721525, 0.0, 27.2, 20.6, 0.175, 0.163, 0.0, 546.7561
9z7, 20150812, 	29.6, 22.250706, 35.2, 22.995127, 0.0, 30.0, 21.2, 0.309, 0.277, 0.0, 535.5283
9xr, 20150813, 	33.2, 24.364246, 49.1, 27.557981, 0.0, 28.9, 22.8, 0.042, 0.033, 0.0, 455.0353
9xw, 20150813, 	34.0, 25.95868, 45.7, 29.139587, 0.0, 34.3, 22.5, 0.1, 0.082, 0.0, 541.0687
9z5, 20150813, 	30.4, 23.399298, 36.7, 23.690628, 0.0, 27.4, 21.4, 0.169, 0.159, 0.0, 546.42334
9z7, 20150813, 	30.7, 23.560417, 36.2, 23.851732, 0.0, 30.5, 21.8, 0.283, 0.251, 0.0, 531.95624
9xr, 20150814, 	33.3, 24.316324, 48.6, 28.25312, 0.0, 29.4, 23.0, 0.037, 0.028, 0.0, 514.25
9xw, 20150814, 	32.9, 22.63299, 46.1, 26.444096, 0.0, 34.6, 20.8, 0.098, 0.078, 0.0, 546.4969
9z5, 20150814, 	31.3, 25.050346, 38.5, 25.802774, 0.0, 28.4, 22.4, 0.167, 0.157, 0.0, 553.88605
9z7, 20150814, 	31.4, 25.099657, 36.5, 25.597563, 0.0, 31.2, 23.1, 0.258, 0.232, 0.0, 529.9487
9xr, 20150815, 	35.4, 25.601398, 45.2, 28.037155, 0.0, 29.7, 23.7, 0.034, 0.026, 0.0, 493.55884
9xw, 20150815, 	37.6, 26.654863, 48.3, 28.954515, 0.0, 34.9, 23.0, 0.096, 0.078, 0.0, 470.40524
9z5, 20150815, 	30.8, 24.309378, 36.6, 24.731247, 0.0, 28.1, 22.4, 0.163, 0.154, 0.0, 548.7037
9z7, 20150815, 	30.8, 24.33854, 36.1, 24.577429, 0.0, 31.1, 22.5, 0.235, 0.215, 0.0, 517.725
9xr, 20150816, 	32.3, 22.769445, 33.6, 23.53784, 0.0, 29.8, 23.7, 0.032, 0.024, 0.0, 211.73781
9xw, 20150816, 	26.8, 21.578823, 36.1, 23.979177, 0.0, 33.0, 22.4, 0.093, 0.073, 0.0, 431.26416
9z5, 20150816, 	32.0, 25.29965, 36.9, 25.448267, 0.0, 27.8, 22.7, 0.16, 0.151, 0.0, 486.51553
9z7, 20150816, 	31.2, 25.179514, 35.0, 24.758688, 0.0, 29.4, 23.2, 0.219, 0.205, 0.0, 426.8176
9xr, 20150817, 	21.4, 16.43333, 27.0, 18.932993, 0.0, 24.7, 20.9, 0.03, 0.021, 0.0, 171.5697
9xw, 20150817, 	22.8, 16.27916, 36.0, 19.282295, 0.0, 30.2, 19.9, 0.087, 0.071, 0.0, 320.1096
9z5, 20150817, 	27.9, 22.411448, 28.8, 22.003136, 0.0, 27.2, 22.4, 0.368, 0.15, 0.0, 180.01428
9z7, 20150817, 	27.3, 22.30174, 28.2, 22.193396, 0.0, 28.8, 23.5, 0.418, 0.198, 0.0, 132.95833
9xr, 20150818, 	17.5, 13.425692, 21.6, 15.262499, 0.0, 22.4, 17.6, 0.088, 0.021, 0.0, 213.69698
9xw, 20150818, 	18.5, 12.782293, 22.2, 14.431952, 0.0, 26.7, 14.7, 0.184, 0.074, 0.0, 236.07742
9z5, 20150818, 	23.7, 19.851742, 26.6, 20.505217, 0.0, 24.2, 21.6, 0.431, 0.322, 0.0, 230.07535
9z7, 20150818, 	23.2, 19.853127, 26.2, 20.456253, 0.0, 25.3, 22.2, 0.439, 0.386, 0.0, 194.94557
9xr, 20150819, 	20.8, 12.445832, 32.0, 14.8506975, 0.0, 19.6, 14.0, 0.078, 0.072, 0.0, 417.78107
9xw, 20150819, 	20.3, 12.888196, 31.2, 16.036804, 0.0, 23.9, 12.5, 0.18, 0.169, 0.0, 478.69183
9z5, 20150819, 	22.9, 16.099308, 28.3, 16.978823, 0.0, 22.6, 18.1, 0.337, 0.297, 0.0, 489.24225
9z7, 20150819, 	23.4, 16.34792, 28.9, 17.003824, 0.0, 24.3, 18.0, 0.407, 0.367, 0.0, 432.08917
9xr, 20150820, 	27.4, 17.326387, 39.3, 18.971184, 0.0, 22.9, 14.6, 0.076, 0.064, 0.0, 519.3136
9xw, 20150820, 	27.9, 16.428125, 39.8, 19.684723, 0.0, 28.7, 11.5, 0.174, 0.15, 0.0, 550.1132
9z5, 20150820, 	27.9, 18.804161, 31.6, 18.762503, 0.0, 23.3, 17.7, 0.299, 0.265, 0.0, 533.425
9z7, 20150820, 	27.6, 18.039583, 32.5, 18.653471, 0.0, 26.1, 17.2, 0.375, 0.35, 0.0, 514.9167
9xr, 20150821, 	32.0, 22.412159, 38.8, 21.49653, 0.0, 24.5, 17.0, 0.069, 0.054, 0.0, 475.6726
9xw, 20150821, 	32.0, 19.798952, 41.6, 22.019789, 0.0, 29.1, 14.7, 0.163, 0.139, 0.0, 501.14465
9z5, 20150821, 	28.4, 22.085062, 30.5, 21.63785, 0.0, 23.6, 18.9, 0.267, 0.229, 0.0, 508.28302
9z7, 20150821, 	28.4, 21.960777, 32.7, 21.788542, 0.0, 27.0, 19.5, 0.356, 0.323, 0.0, 483.15094
9xr, 20150822, 	27.0, 19.787157, 32.9, 21.718403, 0.0, 24.5, 19.7, 0.058, 0.049, 0.0, 455.1506
9xw, 20150822, 	29.0, 18.415276, 31.6, 20.265968, 0.0, 29.0, 16.9, 0.148, 0.126, 0.0, 506.8774
9z5, 20150822, 	31.9, 24.528479, 33.5, 24.323956, 0.0, 25.3, 21.3, 0.234, 0.207, 0.0, 433.39355
9z7, 20150822, 	31.5, 24.408333, 34.8, 24.56181, 0.0, 28.7, 22.4, 0.372, 0.308, 0.0, 418.42764
9xr, 20150823, 	22.9, 13.076738, 37.5, 17.31875, 0.0, 23.0, 15.9, 0.051, 0.04, 0.0, 538.69464
9xw, 20150823, 	21.8, 10.38646, 38.8, 15.627431, 0.0, 27.0, 10.5, 0.133, 0.108, 0.0, 544.53125
9z5, 20150823, 	23.4, 17.8941, 29.8, 18.91562, 0.0, 24.7, 18.9, 0.21, 0.189, 0.0, 579.0897
9z7, 20150823, 	22.4, 18.034727, 28.1, 19.114237, 0.0, 26.4, 19.3, 0.376, 0.338, 0.0, 558.4379
9xr, 20150824, 	28.8, 18.455208, 42.2, 20.459375, 0.0, 24.3, 16.8, 0.044, 0.033, 0.0, 494.22754
9xw, 20150824, 	28.0, 15.881252, 42.8, 19.725695, 0.0, 28.7, 13.1, 0.129, 0.103, 0.0, 524.46497
9z5, 20150824, 	26.5, 17.362501, 33.6, 17.355558, 0.0, 23.5, 17.1, 0.191, 0.176, 0.0, 554.6289
9z7, 20150824, 	26.8, 16.146873, 31.8, 17.018404, 0.0, 25.3, 16.2, 0.346, 0.316, 0.0, 539.3987
9xr, 20150825, 	31.3, 19.8816, 43.8, 22.66735, 0.0, 25.2, 18.4, 0.037, 0.028, 0.0, 479.32727
9xw, 20150825, 	32.9, 18.250345, 46.5, 22.459375, 0.0, 30.6, 14.8, 0.123, 0.1, 0.0, 517.12103
9z5, 20150825, 	26.9, 18.221527, 33.2, 18.34201, 0.0, 23.6, 17.3, 0.179, 0.168, 0.0, 510.92355
9z7, 20150825, 	25.5, 17.405903, 30.8, 18.30833, 0.0, 25.3, 17.2, 0.324, 0.299, 0.0, 484.05807
9xr, 20150826, 	35.1, 23.970827, 45.0, 26.353125, 0.0, 26.8, 20.3, 0.035, 0.026, 0.0, 479.91464
9xw, 20150826, 	34.3, 22.35486, 48.8, 26.010765, 0.0, 32.1, 17.3, 0.119, 0.097, 0.0, 508.04486
9z5, 20150826, 	28.7, 20.003138, 33.9, 19.88576, 0.0, 24.3, 18.0, 0.171, 0.161, 0.0, 487.17307
9z7, 20150826, 	27.2, 18.916662, 31.5, 19.562151, 0.0, 26.1, 17.8, 0.304, 0.281, 0.0, 458.19354
9xr, 20150827, 	32.1, 22.918404, 37.5, 24.711107, 0.0, 26.8, 21.8, 0.032, 0.023, 0.0, 304.35403
9xw, 20150827, 	31.6, 22.147226, 39.5, 25.06563, 0.0, 31.6, 21.2, 0.115, 0.095, 0.0, 384.67587
9z5, 20150827, 	29.1, 22.470825, 34.2, 22.435421, 0.0, 24.2, 20.3, 0.164, 0.158, 0.0, 367.5658
9z7, 20150827, 	28.9, 21.635416, 33.6, 21.987844, 0.0, 27.3, 20.7, 0.285, 0.263, 0.0, 387.57822
9xr, 20150828, 	27.7, 20.24027, 41.1, 24.215277, 0.0, 25.8, 20.6, 0.029, 0.022, 0.0, 460.52795
9xw, 20150828, 	30.1, 19.576385, 40.7, 22.41042, 0.0, 29.0, 17.5, 0.105, 0.087, 0.0, 469.70862
9z5, 20150828, 	26.7, 22.894438, 32.7, 22.448269, 0.0, 23.8, 21.1, 0.162, 0.156, 0.0, 211.02026
9z7, 20150828, 	26.0, 22.28473, 30.9, 22.2118, 0.0, 25.5, 21.9, 0.35, 0.26, 0.0, 205.44218
9xr, 20150829, 	33.2, 22.995483, 45.2, 24.320143, 0.0, 26.4, 20.3, 0.029, 0.021, 0.0, 421.92075
9xw, 20150829, 	31.3, 18.553125, 43.1, 21.66667, 0.0, 29.4, 16.0, 0.103, 0.085, 0.0, 493.98038
9z5, 20150829, 	22.5, 18.344782, 29.5, 19.761105, 0.0, 22.9, 19.6, 0.161, 0.154, 0.0, 314.7361
9z7, 20150829, 	21.6, 18.070835, 25.9, 19.109728, 0.0, 24.3, 0.0, 0.344, 0.0, 0.0, 240.6014
9xr, 20150830, 	33.9, 23.927784, 41.5, 24.80452, 0.0, 26.5, 20.4, 0.027, 0.019, 0.0, 467.92026
9xw, 20150830, 	35.3, 24.239933, 48.2, 26.543066, 0.0, 32.2, 18.4, 0.103, 0.085, 0.0, 504.15585
9z5, 20150830, 	24.8, 18.653814, 30.9, 19.997915, 0.0, 23.2, 19.4, 0.161, 0.153, 0.0, 342.60526
9z7, 20150830, 	24.7, 19.073267, 28.7, 19.974648, 0.0, 25.2, 20.5, 0.338, 0.322, 0.0, 330.25827
9xr, 20150831, 	31.8, 23.637161, 45.1, 25.094093, 0.0, 26.3, 21.1, 0.027, 0.018, 0.0, 316.67902
9xw, 20150831, 	32.4, 24.551395, 44.8, 26.981594, 0.0, 31.6, 21.9, 0.102, 0.085, 0.0, 425.1788
9z5, 20150831, 	30.6, 22.326044, 36.5, 22.61528, 0.0, 24.9, 19.2, 0.161, 0.152, 0.0, 486.2745
9z7, 20150831, 	29.8, -12.64653, 33.9, 22.422232, 0.0, 27.1, 19.5, 0.327, 0.306, 0.0, 456.71896
9xr, 20160801, 	30.3, 24.439232, 40.2, 26.322916, 0.0, 27.1, 22.0, 0.083, 0.075, 0.0, 451.48193
9xw, 20160801, 	32.6, 25.719103, 52.3, 29.008684, 0.0, 34.3, 19.7, 0.14, 0.125, 0.0, 517.3313
9z5, 20160801, 	30.4, 25.24861, 37.9, 26.40312, 0.0, 25.8, 23.0, 0.145, 0.14, 0.0, 459.5
9z7, 20160801, 	29.6, 24.820835, 36.2, 26.282295, 0.0, 26.5, 23.8, 0.224, 0.212, 0.0, 459.882
9xr, 20160802, 	31.3, -114.32399, 41.2, 27.451399, 0.0, 28.3, 23.2, 0.078, 0.065, 0.0, 472.87576
9xw, 20160802, 	31.3, 22.195833, 51.5, 27.041677, 0.0, 33.6, 21.0, 0.132, 0.112, 0.0, 456.04517
9z5, 20160802, 	30.6, 25.750343, 39.0, 26.846525, 0.0, 26.5, 22.4, 0.469, 0.14, 0.0, 516.2349
9z7, 20160802, 	30.3, 25.13021, 35.4, 26.043404, 0.0, 26.5, 23.9, 0.471, 0.207, 0.0, 501.8255
9xr, 20160803, 	32.3, 24.934032, 39.1, 26.923613, 0.0, 28.5, 23.6, 0.069, 0.055, 0.0, 537.0497
9xw, 20160803, 	33.2, 22.388885, 46.9, 23.619442, 0.0, 32.8, 16.8, 0.148, 0.115, 0.0, 460.38824
9z5, 20160803, 	32.6, -8.69028, 40.3, 26.980553, 0.0, 27.3, 23.4, 0.325, 0.279, 0.0, 496.40854
9z7, 20160803, 	31.4, 25.496872, 37.1, 26.410765, 0.0, 27.3, 24.3, 0.414, 0.347, 0.0, 502.18518
9xr, 20160804, 	31.2, 22.21459, 34.1, 23.467703, 0.0, 28.3, 23.2, 0.059, 0.048, 0.0, 332.1043
9xw, 20160804, 	27.4, 20.502077, 51.1, 24.25139, 0.0, 29.7, 18.0, 0.143, 0.12, 0.0, 348.66666
9z5, 20160804, 	33.6, 27.749657, 41.4, 27.786118, 0.0, 27.3, 24.6, 0.519, 0.24, 0.0, 404.9404
9z7, 20160804, 	33.2, 27.1691, 38.2, 27.284714, 0.0, 27.5, 25.4, 0.516, 0.328, 0.0, 398.61438
9xr, 20160805, 	22.0, 18.063534, 24.4, 18.030561, 0.0, 24.9, 21.1, 0.051, 0.044, 0.0, 142.09317
9xw, 20160805, 	23.6, 17.912148, 43.5, 22.978127, 0.0, 29.3, 17.6, 0.127, 0.11, 0.0, 427.90186
9z5, 20160805, 	26.2, 21.57534, 34.1, 22.848263, 0.0, 25.5, 22.3, 0.528, 0.349, 0.0, 464.76398
9z7, 20160805, 	26.8, 21.937502, 31.9, 23.06423, 0.0, 25.8, 24.0, 0.517, 0.397, 0.0, 487.59494
9xr, 20160806, 	21.4, 17.5354, 32.6, 18.886803, 0.0, 22.1, 19.6, 0.049, 0.043, 0.0, 233.5
9xw, 20160806, 	21.8, 16.881237, 29.9, 19.145477, 0.0, 28.6, 19.1, 0.117, 0.101, 0.0, 160.18355
9z5, 20160806, 	25.9, 21.303827, 34.9, 22.174301, 0.0, 25.1, 22.2, 0.352, 0.322, 0.0, 387.48764
9z7, 20160806, 	26.0, 21.205555, 32.6, 22.15139, 0.0, 25.9, 23.7, 0.424, 0.371, 0.0, 414.93167
9xr, 20160807, 	22.0, 17.099304, 26.2, 18.091318, 0.0, 21.6, 19.2, 0.047, 0.041, 0.0, 119.58042
9xw, 20160807, 	26.6, 19.561806, 49.4, 25.8625, 0.0, 31.6, 19.0, 0.116, 0.099, 0.0, 434.86874
9z5, 20160807, 	24.8, 20.427433, 31.4, 21.093397, 0.0, 24.4, 21.8, 0.344, 0.315, 0.0, 398.22302
9z7, 20160807, 	25.2, 20.804863, 31.5, 21.673615, 0.0, 25.4, 23.5, 0.391, 0.351, 0.0, 396.79166
9xr, 20160808, 	28.4, 20.290625, 36.5, 22.326729, 0.0, 24.0, 19.3, 0.046, 0.039, 0.0, 354.25806
9xw, 20160808, 	30.9, 21.504854, 38.8, 23.879173, 0.0, 31.0, 18.0, 0.194, 0.098, 0.0, 452.78125
9z5, 20160808, 	26.7, 20.68473, 33.0, 21.00485, 0.0, 23.6, 21.2, 0.325, 0.305, 0.0, 289.4151
9z7, 20160808, 	27.0, 20.469788, 33.4, 20.839579, 0.0, 24.9, 22.7, 0.376, 0.343, 0.0, 303.13126
9xr, 20160809, 	33.3, 24.032295, 42.6, 26.607986, 0.0, 26.8, 21.0, 0.044, 0.037, 0.0, 465.43903
9xw, 20160809, 	31.5, 22.161793, 43.6, 24.348618, 0.0, 30.3, 17.4, 0.183, 0.159, 0.0, 422.09036
9z5, 20160809, 	32.7, 25.471872, 38.4, 26.140272, 0.0, 26.2, 22.0, 0.309, 0.278, 0.0, 489.8385
9z7, 20160809, 	32.3, 25.16944, 37.2, 25.897228, 0.0, 26.1, 23.4, 0.358, 0.325, 0.0, 469.88678
9xr, 20160810, 	34.1, 25.8236, 41.9, 27.757984, 0.0, 27.6, 22.0, 0.044, 0.033, 0.0, 535.41974
9xw, 20160810, 	34.0, 25.62639, 52.2, 29.181936, 0.0, 33.7, 19.4, 0.163, 0.13, 0.0, 500.48148
9z5, 20160810, 	33.3, 28.048264, 37.0, 28.101044, 0.0, 27.1, 24.0, 0.28, 0.246, 0.0, 508.06747
9z7, 20160810, 	33.5, 27.39201, 37.3, 27.628822, 0.0, 27.1, 24.8, 0.479, 0.309, 0.0, 479.39874
9xr, 20160811, 	33.0, 25.111109, 40.6, 26.397217, 0.0, 27.6, 22.4, 0.038, 0.031, 0.0, 459.30865
9xw, 20160811, 	30.3, 21.570484, 54.0, 26.884718, 0.0, 33.3, 19.5, 0.135, 0.112, 0.0, 464.22153
9z5, 20160811, 	34.6, 29.269104, 38.0, 28.99653, 0.0, 27.7, 24.5, 0.248, 0.217, 0.0, 517.5466
9z7, 20160811, 	34.5, 28.997559, 37.1, 28.632988, 0.0, 27.8, 25.5, 0.456, 0.362, 0.0, 502.3791
9xr, 20160812, 	27.5, 20.22187, 39.0, 22.322227, 0.0, 26.3, 20.0, 0.082, 0.031, 0.0, 514.61633
9xw, 20160812, 	27.6, 17.271523, 52.7, 24.60799, 0.0, 31.6, 17.2, 0.121, 0.098, 0.0, 494.82425
9z5, 20160812, 	31.2, 23.228125, 34.5, 24.53194, 0.0, 27.5, 24.0, 0.358, 0.218, 0.0, 459.11642
9z7, 20160812, 	31.7, 23.461119, 32.0, 24.478813, 0.0, 27.8, 25.2, 0.528, 0.365, 0.0, 404.70947
9xr, 20160813, 	26.7, 20.76424, 40.3, 22.7375, 0.0, 25.0, 19.0, 0.07, 0.062, 0.0, 535.3642
9xw, 20160813, 	26.4, 18.019447, 53.3, 25.516321, 0.0, 32.4, 17.9, 0.114, 0.093, 0.0, 489.0552
9z5, 20160813, 	29.8, 22.870136, 36.9, 22.832987, 0.0, 25.9, 21.8, 0.319, 0.282, 0.0, 526.39264
9z7, 20160813, 	30.0, 22.062853, 34.5, 22.19132, 0.0, 26.4, 23.3, 0.445, 0.393, 0.0, 546.8289
9xr, 20160814, 	29.5, 21.176735, 38.6, 23.229855, 0.0, 26.1, 19.6, 0.064, 0.053, 0.0, 539.7546
9xw, 20160814, 	29.8, 19.612497, 53.6, 26.065283, 0.0, 32.0, 18.1, 0.109, 0.087, 0.0, 495.14633
9z5, 20160814, 	29.3, 23.248606, 36.0, 23.128124, 0.0, 25.5, 22.0, 0.285, 0.247, 0.0, 514.2485
9z7, 20160814, 	29.0, 22.114227, 32.8, 22.09028, 0.0, 25.8, 23.0, 0.412, 0.359, 0.0, 529.8289
9xr, 20160815, 	30.5, 21.956602, 41.3, 24.85347, 0.0, 26.6, 20.6, 0.059, 0.045, 0.0, 524.3975
9xw, 20160815, 	29.5, 20.736448, 54.2, 26.852783, 0.0, 32.2, 19.4, 0.105, 0.086, 0.0, 442.11182
9z5, 20160815, 	28.4, 21.856249, 35.9, 21.143394, 0.0, 24.8, 21.0, 0.257, 0.236, 0.0, 439.2795
9z7, 20160815, 	28.0, 20.870832, 33.0, 20.512497, 0.0, 25.2, 22.5, 0.384, 0.352, 0.0, 361.23898
9xr, 20160816, 	31.2, 22.778128, 42.2, 25.215288, 0.0, 26.9, 20.8, 0.049, 0.04, 0.0, 527.0687
9xw, 20160816, 	29.0, 18.645485, 48.7, 23.873266, 0.0, 32.1, 15.5, 0.103, 0.078, 0.0, 511.425
9z5, 20160816, 	32.0, 23.740278, 35.7, 23.822578, 0.0, 25.2, 21.8, 0.238, 0.215, 0.0, 506.5909
9z7, 20160816, 	31.6, 23.015966, 34.9, 22.892717, 0.0, 25.2, 22.8, 0.371, 0.338, 0.0, 440.66666
9xr, 20160817, 	32.5, 23.926037, 41.3, 25.717018, 0.0, 27.3, 21.6, 0.043, 0.032, 0.0, 517.1852
9xw, 20160817, 	31.9, 21.197575, 50.9, 26.124655, 0.0, 32.4, 16.9, 0.104, 0.08, 0.0, 495.96915
9z5, 20160817, 	32.4, 25.021181, 38.0, 25.607296, 0.0, 26.2, 22.2, 0.217, 0.2, 0.0, 514.13495
9z7, 20160817, 	31.3, 23.822926, 34.3, 24.02916, 0.0, 25.4, 22.8, 0.527, 0.34, 0.0, 481.62732
9xr, 20160818, 	34.4, 24.220835, 44.9, 25.46424, 0.0, 27.6, 21.7, 0.038, 0.029, 0.0, 511.5811
9xw, 20160818, 	30.5, 20.91771, 52.9, 25.664932, 0.0, 31.7, 18.3, 0.103, 0.083, 0.0, 457.66037
9z5, 20160818, 	32.7, 26.001387, 37.2, 25.244102, 0.0, 25.9, 23.1, 0.202, 0.188, 0.0, 401.2353
9z7, 20160818, 	31.2, 25.464935, 33.7, 24.578476, 0.0, 25.6, 23.9, 0.429, 0.377, 0.0, 333.49664
9xr, 20160819, 	22.7, 16.206955, 28.8, 17.696882, 0.0, 27.3, 20.0, 0.077, 0.027, 0.0, 222.57364
9xw, 20160819, 	20.0, 14.513884, 33.7, 17.229515, 0.0, 29.5, 18.0, 0.098, 0.08, 0.0, 192.88461
9z5, 20160819, 	30.3, 23.611805, 34.3, 23.471535, 0.0, 25.5, 22.9, 0.225, 0.185, 0.0, 279.06152
9z7, 20160819, 	30.2, 24.167356, 34.4, 23.724655, 0.0, 25.3, 24.0, 0.499, 0.372, 0.0, 329.8305
9xr, 20160820, 	20.7, 12.78368, 32.5, 15.414583, 0.0, 20.5, 15.6, 0.08, 0.07, 0.0, 542.5473
9xw, 20160820, 	22.8, 10.956599, 42.1, 16.145489, 0.0, 27.1, 8.5, 0.099, 0.072, 0.0, 515.1125
9z5, 20160820, 	22.8, 18.34514, 33.1, 19.708675, 0.0, 23.9, 21.0, 0.23, 0.207, 0.0, 442.1216
9z7, 20160820, 	23.0, 18.710754, 28.5, 19.842018, 0.0, 24.6, 22.7, 0.51, 0.413, 0.0, 449.76224
9xr, 20160821, 	30.0, 17.883684, 37.0, 18.638195, 0.0, 22.3, 15.3, 0.076, 0.07, 0.0, 531.20624
9xw, 20160821, 	29.1, 14.491667, 51.3, 21.093754, 0.0, 30.1, 10.8, 0.105, 0.078, 0.0, 517.3
9z5, 20160821, 	26.8, 18.543053, 34.1, 19.028475, 0.0, 23.0, 18.8, 0.21, 0.188, 0.0, 545.77356
9z7, 20160821, 	27.0, 17.632637, 31.1, 17.719444, 0.0, 23.7, 20.5, 0.437, 0.385, 0.0, 559.12836
9xr, 20160822, 	31.8, 22.473257, 37.2, 22.833338, 0.0, 23.5, 18.0, 0.073, 0.062, 0.0, 467.1266
9xw, 20160822, 	35.0, 20.559381, 55.7, 24.777433, 0.0, 31.1, 14.8, 0.104, 0.081, 0.0, 464.31876
9z5, 20160822, 	29.0, 21.567013, 33.6, 21.1882, 0.0, 22.9, 19.5, 0.191, 0.177, 0.0, 508.27045
9z7, 20160822, 	28.8, 21.568048, 32.6, 20.816319, 0.0, 23.4, 21.2, 0.408, 0.366, 0.0, 524.36053
9xr, 20160823, 	27.9, 22.57292, 35.3, 23.786451, 0.0, 24.3, 19.6, 0.064, 0.053, 0.0, 507.25
9xw, 20160823, 	29.2, 19.909367, 51.2, 24.413198, 0.0, 30.1, 16.2, 0.102, 0.081, 0.0, 500.25
9z5, 20160823, 	31.6, 23.876387, 34.4, 23.67465, 0.0, 24.0, 20.8, 0.179, 0.173, 0.0, 354.58066
9z7, 20160823, 	31.2, 23.277077, 34.9, 22.857647, 0.0, 24.1, 22.1, 0.387, 0.346, 0.0, 311.7742
9xr, 20160824, 	24.8, 16.618055, 35.6, 17.132988, 0.0, 24.0, 18.5, 0.057, 0.046, 0.0, 220.35948
9xw, 20160824, 	25.0, 13.737149, 45.5, 19.522224, 0.0, 29.1, 16.0, 0.099, 0.08, 0.0, 351.14838
9z5, 20160824, 	29.1, 22.376396, 33.7, 22.456598, 0.0, 23.9, 21.6, 0.176, 0.168, 0.0, 241.6875
9z7, 20160824, 	28.9, 21.865625, 29.7, 21.976389, 0.0, 24.2, 22.4, 0.526, 0.346, 0.0, 285.27536
9xr, 20160825, 	21.7, 15.70243, 34.4, 18.634031, 0.0, 22.3, 17.1, 0.051, 0.04, 0.0, 508.64902
9xw, 20160825, 	19.8, 12.733334, 36.8, 16.539583, 0.0, 26.2, 13.3, 0.136, 0.084, 0.0, 316.9456
9z5, 20160825, 	24.2, 17.986807, 32.1, 18.082996, 0.0, 22.4, 19.1, 0.172, 0.165, 0.0, 348.60715
9z7, 20160825, 	24.5, 17.836113, 28.3, 17.831594, 0.0, 23.2, 20.8, 0.482, 0.413, 0.0, 338.19424
9xr, 20160826, 	20.1, 14.016319, 23.5, 14.475697, 0.0, 22.2, 17.8, 0.06, 0.038, 0.0, 149.22667
9xw, 20160826, 	22.4, 14.061459, 35.3, 17.567364, 0.0, 25.9, 12.6, 0.171, 0.116, 0.0, 422.29678
9z5, 20160826, 	22.2, 17.346876, 23.4, 16.444094, 0.0, 21.9, 18.6, 0.169, 0.164, 0.0, 113.154366
9z7, 20160826, 	22.1, 17.176737, 22.4, 16.771875, 0.0, 22.4, 20.3, 0.451, 0.401, 0.0, 132.82394
9xr, 20160827, 	26.8, -53.577427, 35.0, 18.312855, 0.0, 22.2, 15.8, 0.065, 0.057, 0.0, 478.41025
9xw, 20160827, 	29.0, 17.152773, 44.5, 21.410408, 0.0, 28.6, 13.2, 0.164, 0.147, 0.0, 510.1282
9z5, 20160827, 	28.7, 22.052425, 37.6, 24.488894, 0.0, 23.8, 19.9, 0.169, 0.165, 0.0, 515.12164
9z7, 20160827, 	29.0, 21.972908, 32.2, 23.012487, 0.0, 23.2, 21.0, 0.434, 0.387, 0.0, 500.4366
9xr, 20160828, 	31.1, 22.158686, 39.6, 23.446188, 0.0, 23.7, 18.0, 0.065, 0.055, 0.0, 479.40128
9xw, 20160828, 	31.9, 21.396177, 50.6, 24.754515, 0.0, 30.8, 14.9, 0.154, 0.129, 0.0, 496.63058
9z5, 20160828, 	32.5, 24.079168, 41.1, 24.209717, 0.0, 24.6, 20.6, 0.167, 0.161, 0.0, 453.41446
9z7, 20160828, 	31.9, 23.129862, 35.6, 22.849655, 0.0, 23.8, 21.5, 0.419, 0.369, 0.0, 449.77853
9xr, 20160829, 	29.4, 21.028128, 39.3, 21.790625, 0.0, 23.4, 18.8, 0.059, 0.051, 0.0, 338.78064
9xw, 20160829, 	28.7, 18.214928, 49.3, 24.203823, 0.0, 30.0, 15.5, 0.132, 0.105, 0.0, 476.68152
9z5, 20160829, 	31.0, -11.747919, 42.4, 23.700697, 0.0, 24.5, 21.5, 0.491, 0.158, 0.0, 295.15332
9z7, 20160829, 	30.4, -394.50867, 34.0, 23.500694, -416.0, 24.0, 0.0, 0.527, 0.0, 0.0, 341.76865
9xr, 20160830, 	28.3, 20.69618, 40.1, 21.592709, 0.0, 23.8, 19.1, 0.055, 0.046, 0.0, 377.0137
9xw, 20160830, 	28.6, 17.967365, 50.3, 24.441664, 0.0, 30.7, 15.9, 0.116, 0.095, 0.0, 484.07742
9z5, 20160830, 	26.2, 21.60209, 32.2, 22.41285, 0.0, 23.4, 21.7, 0.383, 0.349, 0.0, 263.25546
9z7, 20160830, 	26.8, 21.707634, 29.9, 22.109022, 0.0, 23.7, 22.5, 0.512, 0.426, 0.0, 215.84247
9xr, 20160831, 	25.8, -119.765976, 33.7, 20.79341, 0.0, 22.9, 19.0, 0.06, 0.053, 0.0, 383.98026
9xw, 20160831, 	25.8, 17.615627, 42.5, 21.299997, 0.0, 29.7, 16.5, 0.11, 0.089, 0.0, 341.5
9z5, 20160831, 	26.8, 22.474663, 34.7, 23.564928, 0.0, 24.1, 21.7, 0.352, 0.311, 0.0, 449.23288
9z7, 20160831, 	27.2, 22.623957, 30.2, 23.037148, 0.0, 23.9, 22.5, 0.465, 0.403, 0.0, 444.70834
9xr, 20170801, 	30.2, 23.134727, 43.5, 23.78472, 0.0, 26.0, 20.8, 0.098, 0.074, 0.0, 448.10388
9xw, 20170801, 	29.9, 21.501047, 52.4, 27.690277, 0.0, 34.2, 19.4, 0.109, 0.086, 0.0, 463.4049
9z5, 20170801, 	29.1, 22.423958, 42.7, 24.854855, 0.0, 25.3, 21.8, 0.336, 0.311, 0.0, 432.25302
9z7, 20170801, 	29.3, 21.948265, 40.3, 25.695137, 0.0, 26.0, 22.8, 0.35, 0.305, 0.0, 438.7093
9xr, 20170802, 	26.4, 18.57847, 39.1, 20.35035, 0.0, 24.5, 19.7, 0.1, 0.095, 0.0, 434.0331
9xw, 20170802, 	28.8, 20.468407, 49.8, 26.691673, 0.0, 32.3, 20.6, 0.104, 0.085, 0.0, 467.36026
9z5, 20170802, 	30.1, 22.974306, 41.1, 25.465275, 0.0, 25.8, 22.1, 0.314, 0.295, 0.0, 468.63925
9z7, 20170802, 	29.6, 22.445486, 39.9, 26.134705, 0.0, 26.3, 23.2, 0.339, 0.291, 0.0, 424.11765
9xr, 20170803, 	22.2, 15.952783, 32.1, 18.560425, 0.0, 23.9, 18.3, 0.098, 0.087, 0.0, 455.3054
9xw, 20170803, 	25.8, 15.601732, 41.6, 20.788551, 0.0, 31.0, 19.1, 0.098, 0.082, 0.0, 265.1635
9z5, 20170803, 	28.1, 21.632988, 41.9, 25.154514, 0.0, 25.4, 22.5, 0.299, 0.278, 0.0, 463.14816
9z7, 20170803, 	25.8, 21.662148, 31.3, 24.092012, 0.0, 26.2, 22.6, 0.314, 0.274, 0.0, 383.56024
9xr, 20170804, 	23.9, 15.334035, 33.9, 17.306599, 0.0, 21.5, 16.9, 0.09, 0.082, 0.0, 425.04117
9xw, 20170804, 	29.0, 17.275347, 51.4, 24.138191, 0.0, 31.4, 16.7, 0.098, 0.076, 0.0, 520.35803
9z5, 20170804, 	25.1, 17.288195, 41.1, 20.41181, 0.0, 24.6, 19.8, 0.282, 0.262, 0.0, 528.509
9z7, 20170804, 	24.7, 16.781248, 35.0, 20.024998, 0.0, 25.4, 19.3, 0.29, 0.263, 0.0, 484.76608
9xr, 20170805, 	25.2, 19.631945, 37.1, 21.779516, 0.0, 23.0, 18.1, 0.103, 0.079, 0.0, 479.25317
9xw, 20170805, 	27.4, 20.235413, 34.9, 21.795134, 0.0, 31.5, 17.2, 0.233, 0.083, 0.0, 525.10254
9z5, 20170805, 	23.4, 17.175346, 26.4, 17.134726, 0.0, 23.7, 20.2, 0.267, 0.243, 0.0, 190.29605
9z7, 20170805, 	23.2, 16.697918, 31.4, 17.397577, 0.0, 24.4, 19.9, 0.401, 0.257, 0.0, 147.35669
9xr, 20170806, 	23.8, 17.380219, 37.9, 20.21909, 0.0, 22.9, 18.7, 0.1, 0.091, 0.0, 347.8176
9xw, 20170806, 	22.2, 16.857985, 32.4, 18.698269, 0.0, 25.0, 15.3, 0.245, 0.181, 0.0, 368.92593
9z5, 20170806, 	22.2, 18.34062, 29.2, 19.892021, 0.0, 21.7, 20.2, 0.261, 0.253, 0.0, 191.72258
9z7, 20170806, 	23.6, 18.827782, 30.1, 20.629517, 0.0, 23.5, 0.0, 0.388, 0.0, 0.0, 224.94643
9xr, 20170807, 	22.2, -87.79793, 37.6, 20.375, 0.0, 22.9, 18.1, 0.1, 0.092, 0.0, 509.2327
9xw, 20170807, 	22.3, 15.361465, 33.8, 17.927431, 0.0, 24.4, 14.1, 0.231, 0.202, 0.0, 435.4934
9z5, 20170807, 	26.0, 19.64791, 39.3, 22.00694, 0.0, 23.2, 19.5, 0.262, 0.253, 0.0, 442.93866
9z7, 20170807, 	26.2, 19.623615, 35.3, 22.587502, 0.0, 24.7, 0.0, 0.367, 0.0, 0.0, 427.09357
9xr, 20170808, 	24.2, 17.456936, 33.5, 19.022911, 0.0, 22.6, 18.0, 0.097, 0.087, 0.0, 381.81818
9xw, 20170808, 	26.4, 18.182295, 38.1, 20.039238, 0.0, 28.0, 14.3, 0.204, 0.188, 0.0, 459.45963
9z5, 20170808, 	28.6, 19.737503, 40.2, 21.335081, 0.0, 23.0, 19.2, 0.26, 0.249, 0.0, 437.38788
9z7, 20170808, 	27.3, 18.766668, 37.1, 21.578806, 0.0, 24.4, 19.3, 0.344, 0.305, 0.0, 374.0
9xr, 20170809, 	25.9, 18.92083, 37.2, 21.33577, 0.0, 22.5, 18.2, 0.09, 0.081, 0.0, 407.9394
9xw, 20170809, 	26.2, 18.493753, 43.2, 21.39549, 0.0, 28.2, 16.8, 0.195, 0.172, 0.0, 371.3487
9z5, 20170809, 	25.0, 19.837845, 27.3, 19.565273, 0.0, 22.9, 20.3, 0.256, 0.247, 0.0, 206.80247
9z7, 20170809, 	24.5, 19.988884, 29.3, 21.173264, 0.0, 23.3, 0.0, 0.334, 0.0, 0.0, 243.01785
9xr, 20170810, 	24.5, 16.750008, 28.6, 16.92431, 0.0, 22.4, 17.6, 0.093, 0.077, 0.0, 202.55624
9xw, 20170810, 	23.7, 15.468401, 27.0, 16.824654, 0.0, 25.9, 16.3, 0.18, 0.162, 0.0, 206.96689
9z5, 20170810, 	26.7, 20.495844, 39.8, 22.05938, 0.0, 22.9, 19.8, 0.252, 0.244, 0.0, 327.85367
9z7, 20170810, 	27.0, 20.354517, 34.7, 22.446886, 0.0, 23.3, 19.5, 0.323, 0.285, 0.0, 324.78824
9xr, 20170811, 	25.0, 17.245827, 36.6, 19.231949, 0.0, 22.4, 16.4, 0.094, 0.087, 0.0, 512.6506
9xw, 20170811, 	25.2, 15.654861, 37.3, 18.009026, 0.0, 26.3, 12.0, 0.171, 0.154, 0.0, 479.26797
9z5, 20170811, 	27.0, 20.43089, 44.3, 23.912502, 0.0, 23.8, 19.6, 0.25, 0.238, 0.0, 513.62964
9z7, 20170811, 	26.7, 19.96215, 35.5, 23.351389, 0.0, 24.4, 19.5, 0.303, 0.272, 0.0, 475.26346
9xr, 20170812, 	26.5, 18.964588, 35.1, 19.81319, 0.0, 22.2, 17.7, 0.088, 0.08, 0.0, 325.87036
9xw, 20170812, 	26.0, 16.836115, 41.4, 19.960072, 0.0, 27.1, 14.5, 0.174, 0.158, 0.0, 442.70062
9z5, 20170812, 	28.2, 20.220146, 40.3, 21.558327, 0.0, 23.4, 19.3, 0.246, 0.232, 0.0, 479.12885
9z7, 20170812, 	27.5, 19.480556, 36.6, 22.798267, 0.0, 24.4, 0.0, 0.287, 0.0, 0.0, 462.3274
9xr, 20170813, 	27.2, 19.10799, 38.7, 22.010061, 0.0, 23.3, 18.3, 0.083, 0.073, 0.0, 444.4878
9xw, 20170813, 	26.7, 17.887497, 40.6, 21.08159, 0.0, 27.8, 15.0, 0.17, 0.151, 0.0, 407.52866
9z5, 20170813, 	27.7, 21.575695, 38.7, 23.001389, 0.0, 23.3, 20.6, 0.243, 0.234, 0.0, 386.4408
9z7, 20170813, 	28.0, 21.121874, 36.1, 23.137154, 0.0, 24.7, 20.7, 0.27, 0.25, 0.0, 327.23456
9xr, 20170814, 	28.8, 21.106245, 39.8, 24.06042, 0.0, 24.5, 19.4, 0.076, 0.063, 0.0, 482.74075
9xw, 20170814, 	29.9, 19.331951, 47.5, 23.051733, 0.0, 30.6, 16.0, 0.161, 0.142, 0.0, 458.8978
9z5, 20170814, 	30.9, 24.427425, 44.3, 26.994446, 0.0, 25.3, 21.4, 0.241, 0.231, 0.0, 488.6497
9z7, 20170814, 	30.0, 23.638191, 39.3, 26.831253, 0.0, 26.2, 21.3, 0.268, 0.242, 0.0, 444.81595
9xr, 20170815, 	26.9, 20.503471, 37.3, 22.286102, 0.0, 24.3, 19.3, 0.164, 0.062, 0.0, 376.77707
9xw, 20170815, 	26.0, 19.151737, 45.9, 21.79479, 0.0, 29.0, 17.4, 0.149, 0.134, 0.0, 389.50366
9z5, 20170815, 	32.7, 23.727089, 41.7, 25.455904, 0.0, 25.1, 21.9, 0.24, 0.229, 0.0, 365.9091
9z7, 20170815, 	30.7, 23.295143, 38.8, 25.705896, 0.0, 26.9, 22.1, 0.266, 0.245, 0.0, 341.78183
9xr, 20170816, 	24.9, 16.990625, 26.8, 17.834024, 0.0, 23.3, 18.5, 0.161, 0.11, 0.0, 249.45334
9xw, 20170816, 	23.9, 16.902077, 39.6, 20.67466, 0.0, 27.6, 16.3, 0.14, 0.122, 0.0, 508.3433
9z5, 20170816, 	30.2, 23.157278, 37.0, 24.824654, 0.0, 24.8, 22.3, 0.274, 0.229, 0.0, 448.69177
9z7, 20170816, 	28.2, 22.9028, 34.1, 24.741327, 0.0, 26.4, 22.8, 0.379, 0.241, 0.0, 360.04968
9xr, 20170817, 	29.2, 19.993061, 36.1, 20.4375, 0.0, 22.7, 16.8, 0.116, 0.098, 0.0, 507.12964
9xw, 20170817, 	30.4, 18.075693, 45.8, 22.165628, 0.0, 30.1, 14.4, 0.138, 0.114, 0.0, 514.5633
9z5, 20170817, 	28.9, 21.62743, 40.7, 24.195133, 0.0, 24.9, 21.2, 0.271, 0.258, 0.0, 516.26086
9z7, 20170817, 	28.2, 21.627434, 35.9, 24.290274, 0.0, 25.4, 0.0, 0.366, 0.0, 0.0, 469.36145
9xr, 20170818, 	28.7, 20.889244, 37.2, 21.821188, 0.0, 22.7, 17.8, 0.1, 0.087, 0.0, 502.59747
9xw, 20170818, 	29.7, 18.588888, 46.5, 23.135767, 0.0, 30.1, 15.9, 0.128, 0.105, 0.0, 522.5789
9z5, 20170818, 	29.6, 22.721184, 43.3, 25.108334, 0.0, 25.3, 21.3, 0.272, 0.255, 0.0, 496.67294
9z7, 20170818, 	29.7, 22.346193, 38.7, 25.852081, 0.0, 25.4, 0.0, 0.328, 0.0, 0.0, 437.31097
9xr, 20170819, 	33.5, 22.45347, 39.9, 23.211462, 0.0, 24.3, 18.4, 0.09, 0.077, 0.0, 503.6375
9xw, 20170819, 	33.0, 23.36424, 51.1, 27.293053, 0.0, 32.3, 18.3, 0.12, 0.1, 0.0, 540.5325
9z5, 20170819, 	31.9, 22.835762, 41.0, 24.328459, 0.0, 25.1, 21.0, 0.264, 0.25, 0.0, 495.24374
9z7, 20170819, 	30.3, 21.452082, 39.4, 24.809372, 0.0, 25.6, 20.3, 0.305, 0.267, 0.0, 448.11514
9xr, 20170820, 	30.3, 22.832638, 36.5, 23.125349, 0.0, 24.0, 19.6, 0.081, 0.067, 0.0, 499.03897
9xw, 20170820, 	30.6, 20.63715, 47.1, 24.794449, 0.0, 31.7, 18.3, 0.117, 0.093, 0.0, 511.85986
9z5, 20170820, 	30.3, 24.117727, 34.8, 24.461452, 0.0, 24.8, 21.1, 0.491, 0.251, 0.0, 403.30264
9z7, 20170820, 	29.4, 23.15382, 36.7, 25.151384, 0.0, 26.4, 21.3, 0.488, 0.258, 0.0, 372.75
9xr, 20170821, 	25.3, 21.539576, 34.3, 23.520823, 0.0, 23.5, 21.1, 0.071, 0.062, 0.0, 309.26624
9xw, 20170821, 	26.3, -14.526038, 45.0, 24.888191, 0.0, 30.3, 19.1, 0.109, 0.092, 0.0, 433.01935
9z5, 20170821, 	30.1, 25.41736, 36.5, 25.674305, 0.0, 24.3, 22.7, 0.399, 0.378, 0.0, 321.42307
9z7, 20170821, 	29.5, 24.519793, 35.5, 26.423262, 0.0, 26.2, 23.0, 0.44, 0.359, 0.0, 275.11044
9xr, 20170822, 	25.4, 18.260416, 37.0, 20.343401, 0.0, 23.2, 18.5, 0.067, 0.052, 0.0, 490.44025
9xw, 20170822, 	26.3, 15.549998, 44.1, 20.677784, 0.0, 29.3, 15.1, 0.105, 0.085, 0.0, 505.55127
9z5, 20170822, 	27.7, 21.03681, 38.1, 24.089592, 0.0, 24.3, 21.6, 0.38, 0.36, 0.0, 530.5974
9z7, 20170822, 	26.9, 20.998957, 33.4, 24.002092, 0.0, 26.2, 21.9, 0.427, 0.35, 0.0, 488.14285
9xr, 20170823, 	28.5, 19.934376, 35.5, 21.341318, 0.0, 23.4, 18.9, 0.055, 0.045, 0.0, 494.70886
9xw, 20170823, 	31.3, 20.585073, 52.3, 26.030565, 0.0, 32.2, 17.2, 0.105, 0.085, 0.0, 480.3718
9z5, 20170823, 	26.6, 18.609028, 36.4, 19.981606, 0.0, 23.8, 19.7, 0.362, 0.341, 0.0, 502.96835
9z7, 20170823, 	26.3, 17.569448, 35.1, 20.561117, 0.0, 24.9, 19.1, 0.396, 0.334, 0.0, 457.5951
9xr, 20170824, 	29.9, 23.11112, 41.6, 24.693748, 0.0, 24.2, 20.1, 0.049, 0.04, 0.0, 399.35483
9xw, 20170824, 	29.6, 21.048615, 45.8, 23.518402, 0.0, 31.2, 17.3, 0.103, 0.08, 0.0, 414.42178
9z5, 20170824, 	28.4, 20.71562, 36.3, 21.86701, 0.0, 23.0, 20.3, 0.344, 0.32, 0.0, 472.7564
9z7, 20170824, 	27.7, 20.220142, 35.7, 22.586456, 0.0, 23.9, 19.7, 0.363, 0.315, 0.0, 399.01852
9xr, 20170825, 	31.7, 22.690622, 40.4, 24.371523, 0.0, 24.5, 20.3, 0.044, 0.036, 0.0, 452.90445
9xw, 20170825, 	29.7, 21.193403, 43.2, 23.239231, 0.0, 31.0, 16.3, 0.115, 0.082, 0.0, 478.08917
9z5, 20170825, 	29.4, 21.802422, 35.8, 22.547554, 0.0, 23.2, 20.7, 0.324, 0.31, 0.0, 436.97986
9z7, 20170825, 	28.4, 20.844793, 35.5, 22.95346, 0.0, 24.4, 20.5, 0.438, 0.309, 0.0, 384.4408
9xr, 20170826, 	30.0, 21.722563, 41.3, 23.82013, 0.0, 24.5, 20.5, 0.042, 0.034, 0.0, 423.5098
9xw, 20170826, 	33.8, -48.814224, 47.4, 25.227423, 0.0, 32.6, 17.8, 0.115, 0.093, 0.0, 488.6577
9z5, 20170826, 	31.2, 23.236807, 38.8, 24.353823, 0.0, 23.8, 20.8, 0.312, 0.297, 0.0, 455.16232
9z7, 20170826, 	30.1, 22.670486, 36.7, 24.899302, 0.0, 25.4, 21.1, 0.416, 0.339, 0.0, 401.4717
9xr, 20170827, 	25.8, 19.610418, 36.7, 21.349655, 0.0, 24.3, 19.6, 0.04, 0.032, 0.0, 476.54306
9xw, 20170827, 	31.1, 18.674307, 44.2, 22.836807, 0.0, 31.7, 16.9, 0.112, 0.087, 0.0, 436.9608
9z5, 20170827, 	28.1, 23.244797, 37.6, 24.203825, 0.0, 24.4, 21.7, 0.303, 0.292, 0.0, 434.2985
9z7, 20170827, 	28.8, 23.151386, 37.2, 25.256256, 0.0, 25.9, 22.1, 0.373, 0.325, 0.0, 392.30554
9xr, 20170828, 	29.2, 21.081245, 42.9, 22.825697, 0.0, 23.9, 19.3, 0.038, 0.031, 0.0, 432.59616
9xw, 20170828, 	30.8, 19.239584, 49.7, 23.949656, 0.0, 32.2, 15.9, 0.107, 0.084, 0.0, 498.9671
9z5, 20170828, 	25.2, 19.796871, 38.3, 21.822226, 0.0, 24.0, 20.0, 0.301, 0.286, 0.0, 504.95514
9z7, 20170828, 	25.9, 19.01701, 33.7, 21.454859, 0.0, 25.4, 19.7, 0.358, 0.313, 0.0, 402.31677
9xr, 20170829, 	31.3, 21.688543, 39.2, 23.31979, 0.0, 24.1, 19.4, 0.036, 0.03, 0.0, 450.44516
9xw, 20170829, 	32.6, 21.236446, 50.7, 25.452082, 0.0, 31.5, 17.5, 0.105, 0.083, 0.0, 437.62744
9z5, 20170829, 	25.9, 18.660072, 39.7, 20.65972, 0.0, 23.0, 19.1, 0.289, 0.276, 0.0, 486.92905
9z7, 20170829, 	25.9, 17.697218, 34.6, 20.509027, 0.0, 23.9, 18.8, 0.337, 0.286, 0.0, 436.59747
9xr, 20170830, 	28.7, 21.0809, 34.4, 21.599651, 0.0, 24.2, 19.8, 0.035, 0.027, 0.0, 250.92105
9xw, 20170830, 	29.7, 19.115623, 44.8, 21.349644, 0.0, 30.5, 17.5, 0.103, 0.082, 0.0, 325.23288
9z5, 20170830, 	27.0, 19.422226, 39.3, 20.89167, 0.0, 22.8, 18.8, 0.278, 0.267, 0.0, 491.35065
9z7, 20170830, 	26.9, 18.142706, 36.1, 21.296188, 0.0, 23.3, 18.2, 0.314, 0.277, 0.0, 401.5886
9xr, 20170831, 	26.9, 20.805916, 32.3, 20.845833, 0.0, 22.6, 19.3, 0.034, 0.027, 0.0, 272.40396
9xw, 20170831, 	28.1, 21.198965, 37.2, 21.198618, 0.0, 27.6, 18.0, 0.096, 0.079, 0.0, 215.61073
9z5, 20170831, 	27.9, 20.481949, 41.6, 21.211458, 0.0, 22.5, 19.2, 0.268, 0.256, 0.0, 405.1307
9z7, 20170831, 	28.2, 19.392708, 37.6, 22.525347, 0.0, 23.5, 18.4, 0.3, 0.267, 0.0, 404.9557
9xr, 20180801, 	28.4, 21.67118, 41.0, 24.190283, 0.0, 24.2, 18.6, 0.09, 0.079, 0.0, 505.76047
9xw, 20180801, 	27.7, 17.278475, 40.9, 20.237848, 0.0, 28.9, 14.8, 0.194, 0.169, 0.0, 0.0
9z5, 20180801, 	30.3, 22.119787, 35.7, 21.947226, 0.0, 23.9, 19.8, 0.23, 0.202, 0.0, 512.6864
9z7, 20180801, 	30.9, 21.359718, 37.6, 23.943748, 0.0, 23.9, 20.3, 0.385, 0.354, 0.0, 471.86707
9xr, 20180802, 	31.4, 22.363884, 40.3, 24.356949, 0.0, 24.7, 19.7, 0.084, 0.069, 0.0, 505.8512
9xw, 20180802, 	32.1, 20.916325, 45.3, 24.084036, 0.0, 31.9, 15.8, 0.181, 0.158, 0.0, 714.72095
9z5, 20180802, 	31.4, 23.488892, 37.8, 24.251743, 0.0, 24.8, 20.6, 0.203, 0.19, 0.0, 503.24847
9z7, 20180802, 	31.7, 23.306252, 39.4, 26.45833, 0.0, 24.9, 21.5, 0.373, 0.342, 0.0, 451.8304
9xr, 20180803, 	29.7, 22.787851, 33.8, 22.999655, 0.0, 24.7, 21.0, 0.072, 0.063, 0.0, 167.0539
9xw, 20180803, 	31.4, 23.496523, 38.6, 24.438545, 0.0, 31.2, 21.0, 0.168, 0.145, 0.0, 303.32904
9z5, 20180803, 	33.3, 25.985428, 38.7, 26.050694, 0.0, 25.1, 21.6, 0.193, 0.183, 0.0, 513.02997
9z7, 20180803, 	34.3, 26.67291, 40.7, 29.12222, 0.0, 25.4, 22.1, 0.362, 0.319, 0.0, 475.51163
9xr, 20180804, 	31.4, 21.709717, 42.2, 24.442368, 0.0, 24.8, 19.5, 0.069, 0.054, 0.0, 469.2143
9xw, 20180804, 	30.7, 20.072563, 45.4, 23.663534, 0.0, 30.4, 17.1, 0.15, 0.131, 0.0, 513.0253
9z5, 20180804, 	30.7, 24.544449, 31.0, 23.838543, 0.0, 24.8, 21.8, 0.367, 0.179, 0.0, 378.07007
9z7, 20180804, 	31.0, 24.822227, 36.7, 26.288185, 0.0, 25.4, 22.8, 0.447, 0.31, 0.0, 340.12122
9xr, 20180805, 	30.4, 22.019796, 35.7, 21.812151, 0.0, 24.8, 20.9, 0.056, 0.046, 0.0, 241.5443
9xw, 20180805, 	27.1, 19.040972, 35.2, 20.335072, 0.0, 29.9, 19.3, 0.136, 0.118, 0.0, 215.41228
9z5, 20180805, 	32.3, 25.99132, 35.5, 25.252083, 0.0, 24.5, 22.2, 0.281, 0.235, 0.0, 404.5528
9z7, 20180805, 	33.5, 26.690973, 38.7, 28.922916, 0.0, 25.4, 23.0, 0.42, 0.362, 0.0, 378.1497
9xr, 20180806, 	24.9, 19.169445, 38.5, 21.723965, 0.0, 23.1, 19.8, 0.051, 0.042, 0.0, 374.4125
9xw, 20180806, 	22.8, 15.900696, 40.3, 18.997915, 0.0, 25.9, 16.1, 0.144, 0.109, 0.0, 26.09091
9z5, 20180806, 	30.4, 24.709717, 37.0, 25.402779, 0.0, 25.4, 22.6, 0.237, 0.214, 0.0, 413.65384
9z7, 20180806, 	30.2, 23.982979, 39.1, 26.462137, 0.0, 25.6, 23.5, 0.387, 0.344, 0.0, 321.90363
9xr, 20180807, 	29.2, 20.157642, 41.5, 21.979515, 0.0, 23.6, 18.9, 0.048, 0.038, 0.0, 477.30908
9xw, 20180807, 	28.0, 18.214577, 40.3, 21.569101, 0.0, 30.7, 14.3, 0.153, 0.129, 0.0, 0.0
9z5, 20180807, 	28.9, 22.74583, 35.7, 24.109386, 0.0, 25.3, 22.3, 0.244, 0.212, 0.0, 482.39355
9z7, 20180807, 	29.9, 23.001387, 38.7, 26.057299, 0.0, 25.9, 23.0, 0.444, 0.347, 0.0, 460.47272
9xr, 20180808, 	30.9, 23.04722, 45.2, 25.25869, 0.0, 24.5, 20.2, 0.042, 0.034, 0.0, 475.7229
9xw, 20180808, 	29.9, 20.229868, 47.1, 23.960423, 0.0, 31.6, 16.4, 0.147, 0.124, 0.0, 374.94736
9z5, 20180808, 	30.9, 23.864592, 37.2, 23.92466, 0.0, 25.2, 21.8, 0.223, 0.2, 0.0, 435.37805
9z7, 20180808, 	31.8, 23.48716, 40.8, 26.413193, 0.0, 25.9, 22.8, 0.434, 0.365, 0.0, 438.78235
9xr, 20180809, 	31.9, 25.001743, 47.7, 25.69723, 0.0, 24.7, 20.5, 0.04, 0.03, 0.0, 432.21817
9xw, 20180809, 	31.0, 20.448963, 48.2, 24.892366, 0.0, 32.6, 17.3, 0.136, 0.114, 0.0, 477.48
9z5, 20180809, 	33.2, 25.4632, 40.4, 25.958324, 0.0, 25.8, 21.9, 0.203, 0.188, 0.0, 521.1411
9z7, 20180809, 	34.3, -9.686825, 43.9, 28.862497, 0.0, 26.2, 22.8, 0.411, 0.348, 0.0, 469.787
9xr, 20180810, 	31.8, 23.80799, 43.8, 26.274656, 0.0, 25.6, 21.0, 0.037, 0.025, 0.0, 496.82822
9xw, 20180810, 	31.3, 21.951044, 49.5, 26.420137, 0.0, 33.4, 18.5, 0.126, 0.102, 0.0, 523.03107
9z5, 20180810, 	31.1, 24.566654, 38.3, 25.325, 0.0, 25.6, 22.1, 0.191, 0.181, 0.0, 500.32516
9z7, 20180810, 	30.7, -10.549286, 39.2, 27.689243, 0.0, 26.4, 23.0, 0.383, 0.33, 0.0, 456.9524
9xr, 20180811, 	31.6, 24.644447, 43.3, 26.3309, 0.0, 25.6, 21.2, 0.035, 0.026, 0.0, 479.93866
9xw, 20180811, 	30.8, 23.044453, 44.8, 26.162844, 0.0, 33.2, 19.2, 0.121, 0.097, 0.0, 542.76874
9z5, 20180811, 	30.7, 23.068745, 37.7, 23.54896, 0.0, 25.2, 21.2, 0.184, 0.175, 0.0, 449.0679
9z7, 20180811, 	31.5, 22.556252, 39.6, 25.672232, 0.0, 25.9, 22.1, 0.382, 0.318, 0.0, 408.7126
9xr, 20180812, 	30.7, 23.327091, 39.6, 24.41563, 0.0, 25.6, 20.9, 0.032, 0.024, 0.0, 486.25467
9xw, 20180812, 	30.2, 22.692715, 41.5, 24.698265, 0.0, 31.8, 19.0, 0.114, 0.092, 0.0, 531.9937
9z5, 20180812, 	32.2, 24.126732, 40.3, 24.750343, 0.0, 25.3, 21.4, 0.179, 0.172, 0.0, 465.87036
9z7, 20180812, 	32.9, 24.180216, 41.2, 27.101738, 0.0, 25.4, 21.9, 0.356, 0.304, 0.0, 456.3494
9xr, 20180813, 	30.1, 22.070496, 43.6, 24.881247, 0.0, 25.0, 20.6, 0.031, 0.023, 0.0, 489.2073
9xw, 20180813, 	29.8, 21.401043, 45.2, 25.11215, 0.0, 32.2, 18.3, 0.108, 0.086, 0.0, 501.84177
9z5, 20180813, 	32.4, 24.796532, 41.5, 25.12535, 0.0, 25.3, 22.0, 0.177, 0.169, 0.0, 364.00623
9z7, 20180813, 	33.0, 24.95312, 41.7, 27.48472, 0.0, 25.4, 22.6, 0.337, 0.3, 0.0, 351.41916
9xr, 20180814, 	28.1, 19.921177, 43.4, 23.63611, 0.0, 25.2, 21.0, 0.031, 0.021, 0.0, 471.91196
9xw, 20180814, 	28.6, 18.494785, 38.3, 22.305199, 0.0, 31.6, 19.1, 0.106, 0.083, 0.0, 376.11688
9z5, 20180814, 	24.3, 21.576735, 25.9, 21.764582, 0.0, 24.7, 22.4, 0.421, 0.169, 0.0, 156.36055
9z7, 20180814, 	27.2, 22.188883, 29.0, 22.52569, 0.0, 25.4, 23.5, 0.48, 0.294, 0.0, 123.50314
9xr, 20180815, 	25.0, 18.044104, 36.0, 19.859375, 0.0, 24.4, 20.2, 0.031, 0.021, 0.0, 301.23602
9xw, 20180815, 	27.0, 18.351044, 49.1, 23.636114, 0.0, 29.9, 18.5, 0.1, 0.08, 0.0, 59.18919
9z5, 20180815, 	26.3, 21.355553, 32.1, 22.265627, 0.0, 23.6, 21.7, 0.382, 0.357, 0.0, 287.55554
9z7, 20180815, 	26.9, 21.526384, 32.7, 22.99549, 0.0, 24.4, 22.8, 0.471, 0.412, 0.0, 212.80368
9xr, 20180816, 	28.6, 18.593752, 41.6, 21.747227, 0.0, 23.9, 19.1, 0.03, 0.021, 0.0, 447.08026
9xw, 20180816, 	29.4, 17.845146, 51.5, 24.263197, 0.0, 31.2, 16.5, 0.098, 0.077, 0.0, 102.0
9z5, 20180816, 	28.6, 22.60486, 34.7, 23.603477, 0.0, 24.5, 21.4, 0.408, 0.349, 0.0, 496.1
9z7, 20180816, 	29.3, 22.272226, 38.0, 25.453129, 0.0, 25.1, 22.4, 0.481, 0.403, 0.0, 453.2956
9xr, 20180817, 	29.3, 21.993757, 41.8, 23.836458, 0.0, 24.3, 19.9, 0.03, 0.021, 0.0, 439.57596
9xw, 20180817, 	29.8, 18.17847, 49.4, 23.888884, 0.0, 31.0, 16.9, 0.097, 0.074, 0.0, 47.555557
9z5, 20180817, 	28.8, 22.385761, 36.2, 23.009026, 0.0, 24.4, 21.2, 0.357, 0.309, 0.0, 476.65625
9z7, 20180817, 	30.4, 22.432634, 38.9, 25.342705, 0.0, 25.1, 21.9, 0.465, 0.385, 0.0, 434.31326
9xr, 20180818, 	29.7, 21.842705, 40.6, 23.520144, 0.0, 24.5, 20.8, 0.03, 0.021, 0.0, 381.68353
9xw, 20180818, 	28.1, 20.063547, 40.4, 22.233332, 0.0, 30.5, 19.0, 0.095, 0.073, 0.0, 97.5
9z5, 20180818, 	30.0, 23.119448, 36.2, 23.460411, 0.0, 24.6, 21.3, 0.313, 0.276, 0.0, 454.79874
9z7, 20180818, 	30.8, -116.53986, 40.1, 25.938883, 0.0, 25.1, 22.1, 0.439, 0.364, 0.0, 411.32925
9xr, 20180819, 	20.4, 15.440633, 20.7, 15.358684, 0.0, 24.0, 18.4, 0.028, 0.02, 0.0, 127.77622
9xw, 20180819, 	19.9, 15.277773, 23.1, 15.960066, 0.0, 25.6, 18.4, 0.085, 0.071, 0.0, 0.0
9z5, 20180819, 	27.9, 20.720842, 25.6, 20.260078, 0.0, 24.4, 21.6, 0.478, 0.269, 0.0, 53.718956
9z7, 20180819, 	26.9, 20.98335, 29.3, 21.28403, 0.0, 25.1, 22.1, 0.514, 0.363, 0.0, 64.62346
9xr, 20180820, 	20.4, 13.312498, 31.5, 15.857289, 0.0, 19.4, 14.5, 0.027, 0.018, 0.0, 521.0933
9xw, 20180820, 	20.0, 9.988537, 37.2, 13.947568, 0.0, 24.2, 9.6, 0.086, 0.062, 0.0, 0.0
9z5, 20180820, 	22.7, 19.296873, 26.5, 19.822216, 0.0, 21.7, 20.7, 0.457, 0.402, 0.0, 229.51352
9z7, 20180820, 	23.6, 19.306238, 26.9, 19.640633, 0.0, 22.6, 20.9, 0.513, 0.444, 0.0, 127.68831
9xr, 20180821, 	18.9, 13.8475685, 28.4, 15.30382, 0.0, 19.3, 15.5, 0.027, 0.019, 0.0, 213.28387
9xw, 20180821, 	19.0, 13.352779, 31.5, 15.900347, 0.0, 23.6, 14.4, 0.085, 0.069, 0.0, 0.0
9z5, 20180821, 	22.4, 19.023266, 28.1, 19.725004, 0.0, 21.9, 20.2, 0.404, 0.371, 0.0, 348.44232
9z7, 20180821, 	23.6, 19.521877, 28.6, 21.26181, 0.0, 22.1, 20.3, 0.497, 0.431, 0.0, 305.0552
9xr, 20180822, 	18.8, 14.625344, 26.3, 15.986805, 0.0, 18.5, 15.7, 0.028, 0.021, 0.0, 206.49681
9xw, 20180822, 	23.3, 15.236457, 39.4, 18.807985, 0.0, 25.3, 14.4, 0.089, 0.07, 0.0, 0.0
9z5, 20180822, 	23.8, 17.871872, 29.9, 18.480555, 0.0, 21.9, 18.9, 0.373, 0.34, 0.0, 470.41025
9z7, 20180822, 	24.7, -17.18958, 32.8, 20.359024, 0.0, 22.1, 19.3, 0.482, 0.427, 0.0, 419.0432
9xr, 20180823, 	30.2, 20.613895, 38.6, 23.114233, 0.0, 22.6, 17.2, 0.03, 0.022, 0.0, 464.67764
9xw, 20180823, 	28.9, 19.502419, 37.4, 20.401388, 0.0, 25.5, 15.0, 0.091, 0.073, 0.0, 0.0
9z5, 20180823, 	22.7, 18.40173, 23.5, 17.885063, 0.0, 21.8, 19.7, 0.343, 0.332, 0.0, 106.35172
9z7, 20180823, 	23.7, 18.195145, 28.4, 18.767021, 0.0, 22.1, 19.9, 0.47, 0.408, 0.0, 124.559006
9xr, 20180824, 	30.1, 22.066313, 38.5, 22.805212, 0.0, 22.6, 17.8, 0.031, 0.021, 0.0, 470.7255
9xw, 20180824, 	31.3, 17.235762, 48.0, 20.537493, 0.0, 29.2, 11.9, 0.098, 0.072, 0.0, 279.5
9z5, 20180824, 	30.3, 23.781591, 33.4, 24.311806, 0.0, 23.3, 20.6, 0.487, 0.331, 0.0, 435.57617
9z7, 20180824, 	31.2, -45.70313, 40.7, 26.834028, 0.0, 23.9, 21.1, 0.473, 0.425, 0.0, 385.61636
9xr, 20180825, 	32.9, -812.3101, 43.9, 22.559025, -833.0, 22.4, 0.0, 0.03, 0.0, 0.0, 460.10638
9xw, 20180825, 	32.8, -1232.0764, 54.8, 23.444448, -1249.0, 28.7, 0.0, 0.097, 0.0, 0.0, 501.76056
9z5, 20180825, 	32.0, 24.193062, 34.4, 23.290276, 0.0, 24.1, 20.5, 0.393, 0.345, 0.0, 474.85806
9z7, 20180825, 	33.3, 23.61667, 41.5, 26.658342, 0.0, 24.4, 20.9, 0.463, 0.424, 0.0, 425.69565
9xr, 20180826, 	35.5, 24.616663, 46.6, 26.071877, 0.0, 1.4E-45, 0.0, 1.4E-45, 0.0, 0.0, 415.02515
9xw, 20180826, 	34.7, 23.59722, 51.0, 25.924646, 0.0, 1.4E-45, 0.0, 1.4E-45, 0.0, 0.0, 496.16446
9z5, 20180826, 	30.2, -1645.5502, 32.9, -394.5264, -1666.0, 24.0, 0.0, 0.348, 0.0, 0.0, 280.70535
9z7, 20180826, 	30.3, -1645.5391, 41.0, 25.543402, -1666.0, 24.7, 0.0, 0.477, 0.0, 0.0, 170.41667
9xr, 20180827, 	32.3, 23.648615, 45.3, 25.739933, 0.0, 1.4E-45, 0.0, 1.4E-45, 0.0, 0.0, 424.30127
9xw, 20180827, 	29.6, 20.310764, 46.1, 23.539934, 0.0, 1.4E-45, 0.0, 1.4E-45, 0.0, 0.0, 409.50333
9z5, 20180827, 	33.3, 27.80382, 43.4, 28.544102, 0.0, 1.4E-45, 0.0, 1.4E-45, 0.0, 0.0, 411.91504
9z7, 20180827, 	33.3, 27.793068, 45.9, 29.532288, 0.0, 1.4E-45, 0.0, 1.4E-45, 0.0, 0.0, 483.5098
9xr, 20180828, 	28.7, 16.00104, 36.0, 19.157637, 0.0, 1.4E-45, 0.0, 1.4E-45, 0.0, 0.0, 414.68213
9xw, 20180828, 	26.3, 14.59792, 43.1, 19.233335, 0.0, 1.4E-45, 0.0, 1.4E-45, 0.0, 0.0, 374.60132
9z5, 20180828, 	31.5, 23.72604, 37.3, 23.889244, 0.0, 1.4E-45, 0.0, 1.4E-45, 0.0, 0.0, 137.92
9z7, 20180828, 	31.8, 24.324997, 36.7, 24.076048, 0.0, 1.4E-45, 0.0, 1.4E-45, 0.0, 0.0, 138.13725
9xr, 20180829, 	24.7, 15.163191, 34.5, 17.092016, 0.0, 1.4E-45, 0.0, 1.4E-45, 0.0, 0.0, 491.3376
9xw, 20180829, 	28.7, 16.213545, 49.5, 20.874311, 0.0, 1.4E-45, 0.0, 1.4E-45, 0.0, 0.0, 535.39355
9z5, 20180829, 	24.3, 16.832634, 40.9, 20.7802, 0.0, 1.4E-45, 0.0, 1.4E-45, 0.0, 0.0, 428.68918
9z7, 20180829, 	25.0, 16.719446, 41.1, 20.710419, 0.0, 1.4E-45, 0.0, 1.4E-45, 0.0, 0.0, 525.1812
9xr, 20180830, 	33.9, 20.849663, 45.2, 23.212852, 0.0, 1.4E-45, 0.0, 1.4E-45, 0.0, 0.0, 460.58975
9xw, 20180830, 	33.5, 21.661121, 50.7, 23.95625, 0.0, 1.4E-45, 0.0, 1.4E-45, 0.0, 0.0, 473.4379
9z5, 20180830, 	28.9, 19.878473, 38.5, 20.890978, 0.0, 1.4E-45, 0.0, 1.4E-45, 0.0, 0.0, 243.40541
9z7, 20180830, 	29.3, 19.820137, 42.5, 21.746872, 0.0, 1.4E-45, 0.0, 1.4E-45, 0.0, 0.0, 275.14
9xr, 20180831, 	33.3, 24.846533, 48.9, 26.419098, 0.0, 1.4E-45, 0.0, 1.4E-45, 0.0, 0.0, 457.45752
9xw, 20180831, 	31.3, 23.810068, 51.6, 25.765621, 0.0, 1.4E-45, 0.0, 1.4E-45, 0.0, 0.0, 399.21475
9z5, 20180831, 	28.6, 23.024303, 34.6, 23.040625, 0.0, 1.4E-45, 0.0, 1.4E-45, 0.0, 0.0, 246.85617
9z7, 20180831, 	29.1, 22.734373, 39.7, 24.161453, 0.0, 1.4E-45, 0.0, 1.4E-45, 0.0, 0.0, 314.96478
