9wx, 20120801, 	40.8, 31.967522, 64.6, 37.627945, 0.0, 37.6, 26.8, 0.152, 0.081, 0.0, 589.33435
9wz, 20120801, 	38.9, 28.192013, 1.4E-45, -9999.0, 0.0, 1.4E-45, 0.0, 1.4E-45, 0.0, 0.0, 0.0
9yb, 20120801, 	39.5, 30.546522, 47.4, 31.304155, 0.0, 33.2, 26.0, 0.18, 0.167, 0.0, 547.525
9yg, 20120801, 	37.2, 28.052094, 47.5, 28.625702, 0.0, 34.6, 26.2, 0.098, 0.086, 0.0, 408.94702
9ys, 20120801, 	39.9, 32.254166, 48.5, 33.038544, 0.0, 29.7, 25.3, 0.09, 0.082, 0.0, 435.15527
9wx, 20120802, 	39.2, 29.949484, 64.6, 37.570843, 0.0, 37.8, 27.0, 0.15, 0.072, 0.0, 581.58386
9wz, 20120802, 	37.7, 27.227074, 1.4E-45, -9999.0, 0.0, 1.4E-45, 0.0, 1.4E-45, 0.0, 0.0, 0.0
9yb, 20120802, 	38.9, 28.208672, 47.4, 29.823265, 0.0, 32.8, 26.4, 0.177, 0.164, 0.0, 407.77777
9yg, 20120802, 	36.4, 27.168043, 42.9, 28.086803, 0.0, 32.7, 24.6, 0.186, 0.088, 0.0, 416.82166
9ys, 20120802, 	39.6, 31.28022, 48.9, 32.263897, 0.0, 31.1, 25.6, 0.091, 0.081, 0.0, 490.84146
9wx, 20120803, 	39.4, 29.125174, 58.4, 34.681065, 0.0, 37.4, 27.2, 0.15, 0.063, 0.0, 554.8842
9wz, 20120803, 	35.1, 24.993057, 1.4E-45, -9999.0, 0.0, 1.4E-45, 0.0, 1.4E-45, 0.0, 0.0, 0.0
9yb, 20120803, 	36.7, 26.49791, 45.1, 28.298962, 0.0, 32.1, 25.6, 0.174, 0.16, 0.0, 556.0375
9yg, 20120803, 	34.9, 26.465965, 39.7, 26.359024, 0.0, 31.2, 0.0, 0.189, 0.0, 0.0, 318.2715
9ys, 20120803, 	38.6, 29.8684, 41.7, 29.837503, 0.0, 30.5, 26.3, 0.089, 0.082, 0.0, 303.57236
9wx, 20120804, 	39.1, 25.650532, 55.6, 32.449154, 0.0, 35.9, 26.7, 0.145, 0.066, 0.0, 496.6301
9wz, 20120804, 	34.8, 22.37812, 1.4E-45, -9999.0, 0.0, 1.4E-45, 0.0, 1.4E-45, 0.0, 0.0, 0.0
9yb, 20120804, 	35.4, 23.667355, 41.7, 25.520147, 0.0, 31.3, 24.8, 0.172, 0.158, 0.0, 342.66257
9yg, 20120804, 	33.7, 27.185413, 40.9, 27.609722, 0.0, 29.7, 25.3, 0.185, 0.165, 0.0, 270.0552
9ys, 20120804, 	41.6, 32.943756, 47.6, 32.992355, 0.0, 31.2, 25.9, 0.089, 0.081, 0.0, 458.16565
9wx, 20120805, 	29.6, 22.068233, 42.6, 25.786104, 0.0, 33.8, 24.1, 0.141, 0.063, 0.0, 366.47635
9wz, 20120805, 	30.8, 20.2698, 1.4E-45, -9999.0, 0.0, 1.4E-45, 0.0, 1.4E-45, 0.0, 0.0, 0.0
9yb, 20120805, 	33.5, 21.992006, 43.7, 22.70834, 0.0, 29.8, 21.7, 0.17, 0.156, 0.0, 552.19763
9yg, 20120805, 	31.9, 22.39063, 47.4, 25.705559, 0.0, 32.3, 20.4, 0.17, 0.152, 0.0, 568.0
9ys, 20120805, 	33.9, 26.82083, 38.4, 27.465979, 0.0, 30.3, 25.7, 0.175, 0.081, 0.0, 539.65247
9wx, 20120806, 	38.0, 27.03628, 53.2, 29.13923, 0.0, 31.9, 23.8, 0.137, 0.07, 0.0, 404.49844
9wz, 20120806, 	37.5, 26.920143, 1.4E-45, -9999.0, 0.0, 1.4E-45, 0.0, 1.4E-45, 0.0, 0.0, 0.0
9yb, 20120806, 	38.7, 27.558693, 47.2, 28.773613, 0.0, 31.4, 23.6, 0.17, 0.157, 0.0, 535.0926
9yg, 20120806, 	37.8, 25.643404, 52.8, 27.19445, 0.0, 32.4, 21.1, 0.155, 0.138, 0.0, 497.5241
9ys, 20120806, 	35.5, 25.231607, 40.2, 25.407991, 0.0, 27.9, 22.3, 0.167, 0.146, 0.0, 536.2892
9wx, 20120807, 	39.5, 29.049652, 61.0, 33.364407, 0.0, 34.8, 23.5, 0.141, 0.077, 0.0, 507.2243
9wz, 20120807, 	36.8, 28.707645, 1.4E-45, -9999.0, 0.0, 1.4E-45, 0.0, 1.4E-45, 0.0, 0.0, 0.0
9yb, 20120807, 	37.5, 28.036806, 45.7, 28.10174, 0.0, 30.9, 25.3, 0.171, 0.157, 0.0, 296.07407
9yg, 20120807, 	36.0, 30.084368, 44.7, 29.649654, 0.0, 31.3, 24.3, 0.144, 0.13, 0.0, 325.67902
9ys, 20120807, 	37.6, 27.23195, 42.4, 26.908678, 0.0, 28.1, 22.7, 0.148, 0.126, 0.0, 491.75925
9wx, 20120808, 	37.8, 27.438719, 61.6, 34.69181, 0.0, 35.1, 24.4, 0.141, 0.084, 0.0, 562.40247
9wz, 20120808, 	36.1, 24.805902, 1.4E-45, -9999.0, 0.0, 1.4E-45, 0.0, 1.4E-45, 0.0, 0.0, 0.0
9yb, 20120808, 	38.3, 25.99584, 52.0, 28.776035, 0.0, 32.0, 23.5, 0.167, 0.154, 0.0, 532.45966
9yg, 20120808, 	39.8, 27.628473, 54.2, 30.658333, 0.0, 35.6, 23.4, 0.137, 0.121, 0.0, 518.5
9ys, 20120808, 	37.8, 27.713196, 44.1, 26.801392, 0.0, 28.1, 23.3, 0.128, 0.111, 0.0, 390.9441
9wx, 20120809, 	35.6, 26.79097, 60.5, 33.47186, 0.0, 35.3, 23.8, 0.141, 0.084, 0.0, 574.9133
9wz, 20120809, 	34.5, 24.026043, 1.4E-45, -9999.0, 0.0, 1.4E-45, 0.0, 1.4E-45, 0.0, 0.0, 0.0
9yb, 20120809, 	37.0, 25.44375, 47.3, 28.23645, 0.0, 32.1, 24.4, 0.166, 0.152, 0.0, 543.5793
9yg, 20120809, 	36.7, 25.190283, 50.5, 28.807648, 0.0, 34.0, 23.3, 0.13, 0.113, 0.0, 538.6503
9ys, 20120809, 	32.9, 25.020134, 36.4, 25.327425, 0.0, 27.1, 22.9, 0.119, 0.108, 0.0, 487.84714
9wx, 20120810, 	34.0, 24.372738, 57.4, 31.3929, 0.0, 34.8, 23.7, 0.143, 0.08, 0.0, 555.48126
9wz, 20120810, 	32.3, 22.918062, 1.4E-45, -9999.0, 0.0, 1.4E-45, 0.0, 1.4E-45, 0.0, 0.0, 0.0
9yb, 20120810, 	32.1, 22.178476, 43.7, 24.125343, 0.0, 31.3, 23.4, 0.163, 0.147, 0.0, 438.4625
9yg, 20120810, 	29.6, 22.209724, 49.2, 26.332302, 0.0, 33.7, 22.1, 0.121, 0.103, 0.0, 559.26996
9ys, 20120810, 	30.5, 23.71841, 34.9, 24.28507, 0.0, 26.6, 22.1, 0.116, 0.108, 0.0, 568.69135
9wx, 20120811, 	40.8, 28.183678, 60.1, 32.259388, 0.0, 34.7, 25.6, 0.139, 0.076, 0.0, 464.37048
9wz, 20120811, 	37.1, 26.357292, 1.4E-45, -9999.0, 0.0, 1.4E-45, 0.0, 1.4E-45, 0.0, 0.0, 0.0
9yb, 20120811, 	36.3, 25.354517, 44.6, 26.814941, 0.0, 30.9, 23.8, 0.16, 0.147, 0.0, 503.4717
9yg, 20120811, 	32.7, 22.48508, 49.6, 25.815632, 0.0, 33.1, 21.5, 0.113, 0.097, 0.0, 494.0679
9ys, 20120811, 	30.8, 20.730894, 37.5, 21.580896, 0.0, 25.7, 20.0, 0.112, 0.101, 0.0, 533.97546
9wx, 20120812, 	35.1, 27.942194, 59.9, 34.69096, 0.0, 34.8, 25.7, 0.137, 0.069, 0.0, 553.2138
9wz, 20120812, 	32.1, 25.024315, 1.4E-45, -9999.0, 0.0, 1.4E-45, 0.0, 1.4E-45, 0.0, 0.0, 0.0
9yb, 20120812, 	33.4, 25.882294, 46.9, 28.506945, 0.0, 31.3, 24.6, 0.16, 0.147, 0.0, 555.4313
9yg, 20120812, 	32.9, 27.278463, 51.3, 31.091318, 0.0, 34.7, 24.1, 0.107, 0.094, 0.0, 528.5346
9ys, 20120812, 	35.3, 24.924652, 40.2, 24.78993, 0.0, 26.2, 21.8, 0.106, 0.098, 0.0, 413.28104
9wx, 20120813, 	36.6, 25.432976, 58.6, 31.532488, 0.0, 36.0, 24.3, 0.136, 0.058, 0.0, 565.19495
9wz, 20120813, 	32.4, 21.820137, 1.4E-45, -9999.0, 0.0, 1.4E-45, 0.0, 1.4E-45, 0.0, 0.0, 0.0
9yb, 20120813, 	32.4, 21.975693, 43.5, 24.755203, 0.0, 30.9, 23.4, 0.157, 0.144, 0.0, 505.43826
9yg, 20120813, 	29.7, 21.966316, 47.3, 25.838537, 0.0, 32.5, 24.2, 0.103, 0.088, 0.0, 400.83768
9ys, 20120813, 	33.3, 23.658346, 32.1, 23.42813, 0.0, 26.0, 21.9, 0.103, 0.094, 0.0, 276.23126
9wx, 20120814, 	35.3, 24.987848, 53.1, 29.048597, 0.0, 35.2, 25.4, 0.135, 0.055, 0.0, 458.6587
9wz, 20120814, 	32.3, 22.06493, 1.4E-45, -9999.0, 0.0, 1.4E-45, 0.0, 1.4E-45, 0.0, 0.0, 0.0
9yb, 20120814, 	31.4, 21.926725, 41.1, 24.000685, 0.0, 30.3, 23.6, 0.155, 0.142, 0.0, 520.2215
9yg, 20120814, 	25.9, 19.318398, 34.1, 20.868402, 0.0, 30.5, 22.3, 0.096, 0.084, 0.0, 357.84396
9ys, 20120814, 	24.2, 17.379509, 24.5, 16.622915, 0.0, 24.1, 20.2, 0.098, 0.089, 0.0, 108.42208
9wx, 20120815, 	36.6, 24.038198, 56.0, 29.287855, 0.0, 33.8, 23.1, 0.132, 0.057, 0.0, 520.5645
9wz, 20120815, 	36.8, 24.070137, 1.4E-45, -9999.0, 0.0, 1.4E-45, 0.0, 1.4E-45, 0.0, 0.0, 0.0
9yb, 20120815, 	37.8, 24.692707, 43.1, 25.766317, 0.0, 29.4, 23.0, 0.155, 0.143, 0.0, 444.91196
9yg, 20120815, 	35.0, 23.183327, 47.3, 25.635063, 0.0, 31.1, 20.1, 0.11, 0.089, 0.0, 514.09375
9ys, 20120815, 	35.2, 22.511467, 41.1, 23.676394, 0.0, 25.4, 19.1, 0.099, 0.089, 0.0, 537.7039
9wx, 20120816, 	34.7, 24.275185, 51.8, 30.458693, 0.0, 33.3, 24.6, 0.13, 0.06, 0.0, 517.85895
9wz, 20120816, 	31.6, 20.50625, 1.4E-45, -9999.0, 0.0, 1.4E-45, 0.0, 1.4E-45, 0.0, 0.0, 0.0
9yb, 20120816, 	33.8, 21.548262, 38.9, 24.527435, 0.0, 28.7, 23.0, 0.156, 0.145, 0.0, 391.77924
9yg, 20120816, 	33.3, 24.610413, 41.4, 26.61771, 0.0, 29.7, 23.2, 0.109, 0.098, 0.0, 370.03165
9ys, 20120816, 	34.9, 27.622566, 41.1, 27.797213, 0.0, 27.6, 22.1, 0.099, 0.092, 0.0, 470.60126
9wx, 20120817, 	32.5, 21.8375, 52.4, 28.494598, 0.0, 34.2, 23.6, 0.131, 0.056, 0.0, 511.1865
9wz, 20120817, 	28.5, 18.726046, 1.4E-45, -9999.0, 0.0, 1.4E-45, 0.0, 1.4E-45, 0.0, 0.0, 0.0
9yb, 20120817, 	28.2, 18.887157, 41.3, 21.705557, 0.0, 28.3, 21.3, 0.154, 0.143, 0.0, 506.01886
9yg, 20120817, 	28.7, 18.636454, 45.8, 22.617008, 0.0, 30.6, 18.2, 0.112, 0.092, 0.0, 548.6392
9ys, 20120817, 	29.2, 22.334032, 36.6, 24.138885, 0.0, 26.6, 21.6, 0.098, 0.089, 0.0, 473.43314
9wx, 20120818, 	31.0, 24.730724, 54.4, 30.856241, 0.0, 34.4, 24.7, 0.13, 0.052, 0.0, 501.03217
9wz, 20120818, 	29.4, 21.22986, 1.4E-45, -9999.0, 0.0, 1.4E-45, 0.0, 1.4E-45, 0.0, 0.0, 0.0
9yb, 20120818, 	30.4, 21.307297, 41.7, 23.540974, 0.0, 28.1, 20.6, 0.243, 0.143, 0.0, 525.07947
9yg, 20120818, 	30.5, 21.019438, 47.0, 22.74132, 0.0, 29.5, 19.4, 0.11, 0.092, 0.0, 405.69812
9ys, 20120818, 	29.6, 20.709026, 34.3, 20.216314, 0.0, 25.2, 19.5, 0.094, 0.084, 0.0, 330.6478
9wx, 20120819, 	29.1, 22.121689, 53.1, 27.477776, 0.0, 33.7, 24.1, 0.129, 0.049, 0.0, 402.86392
9wz, 20120819, 	27.4, 18.92743, 1.4E-45, -9999.0, 0.0, 1.4E-45, 0.0, 1.4E-45, 0.0, 0.0, 0.0
9yb, 20120819, 	28.1, 18.682632, 41.6, 21.571873, 0.0, 27.2, 19.1, 0.239, 0.218, 0.0, 545.1761
9yg, 20120819, 	28.6, 20.7257, 48.8, 24.630205, 0.0, 31.0, 20.0, 0.107, 0.091, 0.0, 549.27216
9ys, 20120819, 	30.8, 20.929863, 38.3, 21.380903, 0.0, 24.7, 19.1, 0.091, 0.082, 0.0, 487.10126
9wx, 20120820, 	32.0, 22.310238, 49.7, 25.835764, 0.0, 32.6, 22.9, 0.124, 0.044, 0.0, 402.7516
9wz, 20120820, 	28.8, 18.904516, 1.4E-45, -9999.0, 0.0, 1.4E-45, 0.0, 1.4E-45, 0.0, 0.0, 0.0
9yb, 20120820, 	29.6, 19.579859, 39.7, 18.718397, 0.0, 26.2, 18.5, 0.219, 0.201, 0.0, 345.34375
9yg, 20120820, 	31.7, 20.15868, 50.8, 23.916315, 0.0, 32.0, 18.5, 0.105, 0.086, 0.0, 552.9241
9ys, 20120820, 	31.1, 21.074654, 40.6, 21.846533, 0.0, 25.3, 18.6, 0.09, 0.079, 0.0, 547.6392
9wx, 20120821, 	29.9, 22.167889, 50.3, 27.3639, 0.0, 33.4, 24.6, 0.123, 0.045, 0.0, 486.7053
9wz, 20120821, 	31.4, 19.977427, 1.4E-45, -9999.0, 0.0, 1.4E-45, 0.0, 1.4E-45, 0.0, 0.0, 0.0
9yb, 20120821, 	32.8, 22.91389, 42.7, 23.72604, 0.0, 27.0, 19.5, 0.204, 0.192, 0.0, 477.7261
9yg, 20120821, 	34.7, 24.461113, 50.9, 27.151382, 0.0, 33.1, 20.5, 0.102, 0.084, 0.0, 523.5605
9ys, 20120821, 	34.4, 23.218403, 44.7, 22.851736, 0.0, 25.9, 18.8, 0.088, 0.079, 0.0, 526.5032
9wx, 20120822, 	30.5, 21.668404, 48.4, 26.688894, 0.0, 33.5, 23.9, 0.124, 0.045, 0.0, 518.5591
9wz, 20120822, 	34.2, 23.355906, 1.4E-45, -9999.0, 0.0, 1.4E-45, 0.0, 1.4E-45, 0.0, 0.0, 0.0
9yb, 20120822, 	33.1, 23.693058, 40.2, 24.00833, 0.0, 26.7, 20.7, 0.196, 0.183, 0.0, 437.98102
9yg, 20120822, 	34.8, 26.812141, 48.3, 28.473959, 0.0, 32.3, 22.5, 0.096, 0.083, 0.0, 530.7595
9ys, 20120822, 	35.2, 24.536459, 42.6, 24.201387, 0.0, 26.4, 20.0, 0.087, 0.077, 0.0, 498.57962
9wx, 20120823, 	34.6, 25.766846, 52.2, 29.937317, 0.0, 33.8, 25.4, 0.124, 0.045, 0.0, 495.8474
9wz, 20120823, 	33.8, 23.544449, 1.4E-45, -9999.0, 0.0, 1.4E-45, 0.0, 1.4E-45, 0.0, 0.0, 0.0
9yb, 20120823, 	33.9, 25.508327, 45.5, 27.35035, 0.0, 28.7, 22.0, 0.186, 0.177, 0.0, 422.42484
9yg, 20120823, 	34.6, 27.623957, 48.4, 28.735413, 0.0, 32.1, 23.6, 0.091, 0.079, 0.0, 418.2293
9ys, 20120823, 	34.4, 25.020838, 40.9, 24.117699, 0.0, 26.2, 20.0, 0.086, 0.076, 0.0, 542.35034
9wx, 20120824, 	35.2, 25.55677, 55.8, 30.054155, 0.0, 34.1, 25.7, 0.123, 0.045, 0.0, 459.15753
9wz, 20120824, 	30.7, 22.832306, 1.4E-45, -9999.0, 0.0, 1.4E-45, 0.0, 1.4E-45, 0.0, 0.0, 0.0
9yb, 20120824, 	31.3, 22.189232, 35.3, 22.870127, 0.0, 27.8, 21.1, 0.484, 0.178, 0.0, 266.0657
9yg, 20120824, 	31.9, 21.89305, 31.7, 21.627773, 0.0, 30.6, 20.3, 0.393, 0.079, 0.0, 113.100716
9ys, 20120824, 	32.1, 24.483679, 38.2, 23.575348, 0.0, 25.6, 20.7, 0.084, 0.075, 0.0, 294.32693
9wx, 20120825, 	30.6, 23.025347, 49.7, 28.451578, 0.0, 33.6, 23.3, 0.124, 0.051, 0.0, 532.31024
9wz, 20120825, 	29.5, 19.671526, 1.4E-45, -9999.0, 0.0, 1.4E-45, 0.0, 1.4E-45, 0.0, 0.0, 0.0
9yb, 20120825, 	28.6, 21.764225, 38.2, 24.168396, 0.0, 26.7, 22.0, 0.409, 0.39, 0.0, 437.41483
9yg, 20120825, 	24.6, 22.483685, 27.8, 21.971535, 0.0, 24.0, 21.9, 0.461, 0.322, 0.0, 140.10834
9ys, 20120825, 	30.5, 24.867018, 33.8, 24.277767, 0.0, 24.6, 22.5, 0.084, 0.077, 0.0, 230.4178
9wx, 20120826, 	33.2, 23.482304, 54.7, 29.27394, 0.0, 34.2, 21.9, 0.125, 0.075, 0.0, 551.7045
9wz, 20120826, 	34.5, 22.316315, 1.4E-45, -9999.0, 0.0, 1.4E-45, 0.0, 1.4E-45, 0.0, 0.0, 0.0
9yb, 20120826, 	32.2, 22.887497, 39.9, 24.16285, 0.0, 27.3, 21.4, 0.393, 0.371, 0.0, 517.04486
9yg, 20120826, 	29.0, 22.709717, 35.3, 24.005222, 0.0, 27.1, 22.3, 0.402, 0.347, 0.0, 352.54422
9ys, 20120826, 	28.2, 23.18438, 32.8, 23.457644, 0.0, 24.5, 22.3, 0.348, 0.081, 0.0, 259.81955
9wx, 20120827, 	34.7, 25.913897, 56.6, 31.117537, 0.0, 34.1, 22.7, 0.127, 0.082, 0.0, 547.8085
9wz, 20120827, 	36.0, 24.948265, 1.4E-45, -9999.0, 0.0, 1.4E-45, 0.0, 1.4E-45, 0.0, 0.0, 0.0
9yb, 20120827, 	34.4, 24.771528, 40.4, 25.640272, 0.0, 27.6, 22.4, 0.376, 0.352, 0.0, 509.88962
9yg, 20120827, 	32.2, -394.28845, 37.9, 24.41667, -416.0, 28.3, 0.0, 0.357, 0.0, 0.0, 509.82468
9ys, 20120827, 	33.2, 25.106255, 36.7, 25.366667, 0.0, 25.5, 22.0, 0.277, 0.238, 0.0, 512.6883
9wx, 20120828, 	34.2, 25.482647, 55.1, 30.397919, 0.0, 33.4, 22.5, 0.127, 0.084, 0.0, 553.4137
9wz, 20120828, 	36.2, 24.933691, 1.4E-45, -9999.0, 0.0, 1.4E-45, 0.0, 1.4E-45, 0.0, 0.0, 0.0
9yb, 20120828, 	35.0, 25.973616, 38.8, 25.305208, 0.0, 26.9, 22.3, 0.353, 0.326, 0.0, 509.32468
9yg, 20120828, 	33.3, 24.264244, 37.0, 23.467371, 0.0, 27.6, 21.0, 0.332, 0.288, 0.0, 509.18954
9ys, 20120828, 	33.5, 24.310076, 36.1, 24.113886, 0.0, 25.1, 21.4, 0.24, 0.217, 0.0, 500.68832
9wx, 20120829, 	34.4, 23.732637, 56.0, 28.095488, 0.0, 32.7, 21.0, 0.128, 0.082, 0.0, 555.5541
9wz, 20120829, 	36.1, 24.296537, 1.4E-45, -9999.0, 0.0, 1.4E-45, 0.0, 1.4E-45, 0.0, 0.0, 0.0
9yb, 20120829, 	35.4, 25.936802, 37.8, 24.211458, 0.0, 26.4, 21.2, 0.331, 0.301, 0.0, 521.86365
9yg, 20120829, 	34.2, 26.069098, 37.1, 24.290277, 0.0, 28.2, 21.4, 0.294, 0.258, 0.0, 506.37256
9ys, 20120829, 	33.4, 24.740623, 36.6, 24.413893, 0.0, 25.0, 21.4, 0.219, 0.2, 0.0, 493.25323
9wx, 20120830, 	35.2, 24.565456, 58.7, 29.467709, 0.0, 32.8, 21.6, 0.127, 0.082, 0.0, 553.6895
9wz, 20120830, 	36.2, 23.498272, 1.4E-45, -9999.0, 0.0, 1.4E-45, 0.0, 1.4E-45, 0.0, 0.0, 0.0
9yb, 20120830, 	35.8, 25.669096, 40.0, 23.906246, 0.0, 26.3, 20.7, 0.303, 0.279, 0.0, 512.9805
9yg, 20120830, 	35.7, 27.554867, 38.4, 25.4382, 0.0, 28.7, 22.1, 0.267, 0.227, 0.0, 513.83765
9ys, 20120830, 	35.0, 24.508675, 37.8, 23.81424, 0.0, 25.1, 20.7, 0.201, 0.181, 0.0, 515.2876
9wx, 20120831, 	34.6, 25.146523, 58.8, 30.206076, 0.0, 33.1, 22.0, 0.127, 0.076, 0.0, 559.15356
9wz, 20120831, 	35.1, 23.145145, 1.4E-45, -9999.0, 0.0, 1.4E-45, 0.0, 1.4E-45, 0.0, 0.0, 0.0
9yb, 20120831, 	34.3, 24.102764, 40.6, 22.898613, 0.0, 26.2, 20.4, 0.28, 0.259, 0.0, 498.94
9yg, 20120831, 	32.0, 23.86286, 37.8, 23.222921, 0.0, 27.7, 21.5, 0.235, 0.205, 0.0, 448.549
9ys, 20120831, 	32.4, 23.702772, 30.1, 23.182636, 0.0, 24.8, 22.7, 0.328, 0.177, 0.0, 106.86429
9wx, 20130801, 	35.0, 25.068232, 54.3, 30.607832, 0.0, 32.7, 22.9, 0.137, 0.085, 0.0, 504.21988
9wz, 20130801, 	35.6, 23.896526, 1.4E-45, -9999.0, 0.0, 1.4E-45, 0.0, 1.4E-45, 0.0, 0.0, 0.0
9yb, 20130801, 	34.6, 24.146185, 48.7, 27.409721, 0.0, 28.1, 22.2, 0.209, 0.197, 0.0, 502.1131
9yg, 20130801, 	30.9, 23.735416, 38.0, 24.997566, 0.0, 27.1, 21.1, 0.354, 0.31, 0.0, 503.5503
9ys, 20130801, 	30.0, 23.480553, 31.4, 23.507284, 0.0, 26.4, 22.3, 0.342, 0.328, 0.0, 502.68823
9wx, 20130802, 	39.4, 29.63821, 60.9, 35.093575, 0.0, 32.9, 24.9, 0.138, 0.089, 0.0, 553.4365
9wz, 20130802, 	35.0, 25.128132, 1.4E-45, -9999.0, 0.0, 1.4E-45, 0.0, 1.4E-45, 0.0, 0.0, 0.0
9yb, 20130802, 	31.9, 24.41563, 50.7, 28.553816, 0.0, 29.0, 22.5, 0.283, 0.196, 0.0, 499.29938
9yg, 20130802, 	30.9, -393.371, 35.9, 24.725, -416.0, 26.4, 0.0, 0.548, 0.0, 0.0, 393.75156
9ys, 20130802, 	30.7, 24.713886, 33.3, 24.327774, 0.0, 26.2, 23.2, 0.334, 0.325, 0.0, 340.21738
9wx, 20130803, 	37.4, 9.396701, 55.2, 32.554337, 0.0, 33.1, 25.4, 0.139, 0.087, 0.0, 425.50302
9wz, 20130803, 	31.7, 23.653137, 1.4E-45, -9999.0, 0.0, 1.4E-45, 0.0, 1.4E-45, 0.0, 0.0, 0.0
9yb, 20130803, 	31.1, 23.051033, 33.5, 24.20104, 0.0, 28.4, 24.0, 0.257, 0.246, 0.0, 129.24243
9yg, 20130803, 	27.7, 24.2868, 30.2, 24.263199, 0.0, 25.5, 23.3, 0.477, 0.407, 0.0, 221.80606
9ys, 20130803, 	29.9, 25.181606, 33.1, 25.119438, 0.0, 26.0, 23.3, 0.42, 0.323, 0.0, 330.07318
9wx, 20130804, 	34.8, 25.732988, 60.5, 33.055378, 0.0, 33.3, 25.0, 0.137, 0.081, 0.0, 552.302
9wz, 20130804, 	28.5, 20.938543, 1.4E-45, -9999.0, 0.0, 1.4E-45, 0.0, 1.4E-45, 0.0, 0.0, 0.0
9yb, 20130804, 	30.3, 23.312155, 48.5, 27.208342, 0.0, 28.1, 22.7, 0.307, 0.242, 0.0, 457.513
9yg, 20130804, 	26.0, 22.637846, 28.2, 22.696531, 0.0, 25.1, 22.9, 0.541, 0.399, 0.0, 203.84666
9ys, 20130804, 	28.2, 23.472908, 27.6, 23.252777, 0.0, 26.0, 23.8, 0.466, 0.363, 0.0, 119.72857
9wx, 20130805, 	38.2, 28.298794, 63.4, 34.81232, 0.0, 34.1, 25.0, 0.138, 0.079, 0.0, 533.4383
9wz, 20130805, 	32.3, 25.07361, 1.4E-45, -9999.0, 0.0, 1.4E-45, 0.0, 1.4E-45, 0.0, 0.0, 0.0
9yb, 20130805, 	32.3, -10.5395775, 50.5, 26.851738, 0.0, 28.7, 24.0, 0.449, 0.28, 0.0, 325.3245
9yg, 20130805, 	27.8, 23.680202, 33.7, 24.263554, 0.0, 25.7, 23.0, 0.517, 0.453, 0.0, 230.3091
9ys, 20130805, 	32.0, 24.982634, 33.6, 25.23645, 0.0, 26.3, 23.2, 0.466, 0.46, 0.0, 411.0061
9wx, 20130806, 	37.4, 27.477776, 65.2, 33.42639, 0.0, 34.0, 25.7, 0.137, 0.075, 0.0, 477.5875
9wz, 20130806, 	33.0, 24.159376, 1.4E-45, -9999.0, 0.0, 1.4E-45, 0.0, 1.4E-45, 0.0, 0.0, 0.0
9yb, 20130806, 	29.6, 22.69097, 44.8, 24.723598, 0.0, 27.2, 22.5, 0.429, 0.376, 0.0, 306.26627
9yg, 20130806, 	31.8, 25.943401, 38.4, 26.570835, 0.0, 27.6, 23.3, 0.464, 0.404, 0.0, 433.44446
9ys, 20130806, 	31.2, 25.808678, 31.3, 25.521524, 0.0, 26.3, 24.1, 0.465, 0.455, 0.0, 249.49382
9wx, 20130807, 	32.7, 24.055569, 52.5, 27.738192, 0.0, 33.0, 24.3, 0.135, 0.071, 0.0, 478.78638
9wz, 20130807, 	27.9, 21.212152, 1.4E-45, -9999.0, 0.0, 1.4E-45, 0.0, 1.4E-45, 0.0, 0.0, 0.0
9yb, 20130807, 	27.4, 22.903484, 36.9, 23.68333, 0.0, 25.8, 22.7, 0.391, 0.369, 0.0, 234.247
9yg, 20130807, 	29.4, 25.528135, 33.5, 25.28681, 0.0, 27.1, 23.6, 0.546, 0.399, 0.0, 300.7195
9ys, 20130807, 	30.3, 25.12881, 30.7, 24.9309, 0.0, 25.9, 24.0, 0.465, 0.461, 0.0, 257.86334
9wx, 20130808, 	29.8, 20.671177, 43.6, 23.42151, 0.0, 30.7, 20.9, 0.368, 0.078, 0.0, 335.30066
9wz, 20130808, 	21.9, 17.48785, 1.4E-45, -9999.0, 0.0, 1.4E-45, 0.0, 1.4E-45, 0.0, 0.0, 0.0
9yb, 20130808, 	25.4, 20.552427, 35.7, 22.335068, 0.0, 24.8, 20.9, 0.493, 0.377, 0.0, 269.37256
9yg, 20130808, 	27.5, 21.297218, 25.5, 20.651043, 0.0, 26.0, 22.7, 0.509, 0.457, 0.0, 146.3718
9ys, 20130808, 	27.8, 23.725685, 29.4, 23.655552, 0.0, 25.7, 23.7, 0.465, 0.461, 0.0, 212.42581
9wx, 20130809, 	24.9, 19.44323, 34.4, 21.254683, 0.0, 27.0, 21.7, 0.34, 0.289, 0.0, 229.92258
9wz, 20130809, 	25.0, 19.296532, 1.4E-45, -9999.0, 0.0, 1.4E-45, 0.0, 1.4E-45, 0.0, 0.0, 0.0
9yb, 20130809, 	26.5, 20.49792, 43.6, 24.193062, 0.0, 25.5, 21.1, 0.418, 0.384, 0.0, 465.68097
9yg, 20130809, 	25.6, 21.786802, 28.2, 21.771528, 0.0, 24.3, 22.1, 0.466, 0.428, 0.0, 214.425
9ys, 20130809, 	26.4, 22.2993, 29.4, 22.41563, 0.0, 25.1, 23.6, 0.464, 0.46, 0.0, 187.59877
9wx, 20130810, 	27.0, 19.737661, 44.3, 23.860756, 0.0, 28.0, 20.2, 0.315, 0.281, 0.0, 462.42453
9wz, 20130810, 	26.9, 18.376045, 1.4E-45, -9999.0, 0.0, 1.4E-45, 0.0, 1.4E-45, 0.0, 0.0, 0.0
9yb, 20130810, 	27.4, 19.517706, 41.9, 22.124655, 0.0, 25.0, 20.4, 0.388, 0.369, 0.0, 503.5122
9yg, 20130810, 	28.6, 21.5191, 34.1, 22.498966, 0.0, 26.1, 20.8, 0.435, 0.392, 0.0, 512.806
9ys, 20130810, 	28.6, 22.309723, 30.8, 22.693409, 0.0, 25.5, 22.4, 0.465, 0.455, 0.0, 465.92215
9wx, 20130811, 	27.6, 22.38922, 33.5, 22.424822, 0.0, 27.4, 21.4, 0.297, 0.271, 0.0, 229.58696
9wz, 20130811, 	29.6, 21.75174, 1.4E-45, -9999.0, 0.0, 1.4E-45, 0.0, 1.4E-45, 0.0, 0.0, 0.0
9yb, 20130811, 	30.4, 21.990622, 44.1, 24.69132, 0.0, 25.8, 21.2, 0.37, 0.353, 0.0, 426.84662
9yg, 20130811, 	29.5, 23.704157, 35.1, 23.858694, 0.0, 26.5, 22.0, 0.402, 0.367, 0.0, 464.903
9ys, 20130811, 	29.6, 23.555206, 31.6, 23.6493, 0.0, 25.9, 22.6, 0.458, 0.439, 0.0, 414.43637
9wx, 20130812, 	33.3, 23.155205, 51.5, 25.821701, 0.0, 29.1, 20.6, 0.433, 0.264, 0.0, 449.51505
9wz, 20130812, 	30.0, 22.11389, 1.4E-45, -9999.0, 0.0, 1.4E-45, 0.0, 1.4E-45, 0.0, 0.0, 0.0
9yb, 20130812, 	29.9, 22.685062, 45.3, 26.150337, 0.0, 26.9, 21.8, 0.356, 0.335, 0.0, 467.49384
9yg, 20130812, 	28.5, 23.566315, 34.0, 24.360058, 0.0, 26.3, 21.8, 0.547, 0.366, 0.0, 453.87976
9ys, 20130812, 	28.5, 23.807636, 29.3, 23.611794, 0.0, 25.9, 23.6, 0.442, 0.417, 0.0, 274.56363
9wx, 20130813, 	26.6, 20.770294, 38.7, 23.366154, 0.0, 28.1, 20.5, 0.424, 0.3, 0.0, 423.95898
9wz, 20130813, 	27.9, 19.487158, 1.4E-45, -9999.0, 0.0, 1.4E-45, 0.0, 1.4E-45, 0.0, 0.0, 0.0
9yb, 20130813, 	28.1, 21.294792, 35.9, 22.6816, 0.0, 26.3, 22.1, 0.388, 0.33, 0.0, 306.88126
9yg, 20130813, 	27.2, 22.727427, 31.2, 22.81909, 0.0, 25.9, 22.7, 0.504, 0.425, 0.0, 363.09317
9ys, 20130813, 	27.3, 23.131607, 28.8, 22.882633, 0.0, 25.3, 23.2, 0.418, 0.397, 0.0, 255.2125
9wx, 20130814, 	26.7, 20.62987, 36.4, 21.912502, 0.0, 27.1, 22.0, 0.439, 0.284, 0.0, 220.54692
9wz, 20130814, 	26.7, 20.170137, 1.4E-45, -9999.0, 0.0, 1.4E-45, 0.0, 1.4E-45, 0.0, 0.0, 0.0
9yb, 20130814, 	26.7, 19.576384, 37.0, 21.417015, 0.0, 24.6, 21.4, 0.382, 0.364, 0.0, 317.32257
9yg, 20130814, 	26.3, 20.039242, 30.9, 20.387152, 0.0, 25.1, 20.6, 0.432, 0.391, 0.0, 386.9394
9ys, 20130814, 	25.5, 20.048264, 28.5, 20.186806, 0.0, 24.8, 21.6, 0.399, 0.382, 0.0, 463.2134
9wx, 20130815, 	30.0, 21.082808, 39.1, 23.37082, 0.0, 28.7, 19.8, 0.425, 0.32, 0.0, 527.775
9wz, 20130815, 	27.3, 20.133684, 1.4E-45, -9999.0, 0.0, 1.4E-45, 0.0, 1.4E-45, 0.0, 0.0, 0.0
9yb, 20130815, 	29.6, 21.18508, 43.2, 23.221533, 0.0, 25.5, 20.6, 0.368, 0.347, 0.0, 501.0559
9yg, 20130815, 	26.1, 20.74166, 31.2, 20.788887, 0.0, 24.6, 21.4, 0.404, 0.373, 0.0, 320.05148
9ys, 20130815, 	25.3, 18.463886, 28.2, 18.427774, 0.0, 24.5, 20.4, 0.383, 0.372, 0.0, 491.37656
9wx, 20130816, 	30.2, 23.146362, 44.7, 25.874668, 0.0, 29.4, 21.7, 0.352, 0.298, 0.0, 523.1875
9wz, 20130816, 	29.9, 21.31319, 1.4E-45, -9999.0, 0.0, 1.4E-45, 0.0, 1.4E-45, 0.0, 0.0, 0.0
9yb, 20130816, 	28.9, 21.180899, 42.3, 24.566658, 0.0, 26.5, 21.2, 0.349, 0.327, 0.0, 502.2134
9yg, 20130816, 	25.4, 19.656607, 29.7, 20.21632, 0.0, 24.6, 20.5, 0.409, 0.376, 0.0, 408.23648
9ys, 20130816, 	25.1, 19.64722, 28.1, 19.829172, 0.0, 24.0, 21.0, 0.374, 0.365, 0.0, 437.98135
9wx, 20130817, 	31.3, 23.680574, 44.1, 25.850338, 0.0, 29.5, 21.9, 0.323, 0.288, 0.0, 493.7565
9wz, 20130817, 	29.1, 21.767696, 1.4E-45, -9999.0, 0.0, 1.4E-45, 0.0, 1.4E-45, 0.0, 0.0, 0.0
9yb, 20130817, 	27.0, 21.943398, 35.2, 23.021868, 0.0, 25.9, 22.2, 0.33, 0.315, 0.0, 215.30519
9yg, 20130817, 	25.5, 19.869793, 31.1, 20.593748, 0.0, 24.8, 19.9, 0.382, 0.347, 0.0, 511.38272
9ys, 20130817, 	25.4, 18.696173, 28.0, 18.80937, 0.0, 23.8, 20.1, 0.366, 0.356, 0.0, 469.53375
9wx, 20130818, 	31.4, 23.025875, 46.3, 25.973087, 0.0, 29.8, 21.4, 0.3, 0.274, 0.0, 511.1887
9wz, 20130818, 	30.0, 21.705208, 1.4E-45, -9999.0, 0.0, 1.4E-45, 0.0, 1.4E-45, 0.0, 0.0, 0.0
9yb, 20130818, 	28.5, 21.642717, 37.9, 23.298954, 0.0, 24.5, 21.5, 0.318, 0.303, 0.0, 315.2549
9yg, 20130818, 	27.2, 19.494097, 32.5, 19.891668, 0.0, 24.7, 18.9, 0.354, 0.322, 0.0, 503.86957
9ys, 20130818, 	27.8, 20.212502, 30.2, 20.366327, 0.0, 23.8, 20.2, 0.358, 0.347, 0.0, 439.2822
9wx, 20130819, 	31.9, 23.866676, 49.9, 27.477259, 0.0, 30.7, 21.7, 0.291, 0.25, 0.0, 511.35806
9wz, 20130819, 	33.3, 23.78646, 1.4E-45, -9999.0, 0.0, 1.4E-45, 0.0, 1.4E-45, 0.0, 0.0, 0.0
9yb, 20130819, 	31.4, 22.978477, 42.4, 25.55486, 0.0, 26.4, 21.3, 0.306, 0.284, 0.0, 500.33963
9yg, 20130819, 	29.6, 23.451038, 33.2, 23.196178, 0.0, 25.8, 21.1, 0.326, 0.289, 0.0, 460.12964
9ys, 20130819, 	28.9, 21.603125, 31.4, 21.412846, 0.0, 23.9, 20.3, 0.349, 0.337, 0.0, 469.63974
9wx, 20130820, 	33.2, 25.302956, 49.8, 28.101917, 0.0, 30.9, 21.9, 0.284, 0.226, 0.0, 530.6095
9wz, 20130820, 	33.7, 23.004864, 1.4E-45, -9999.0, 0.0, 1.4E-45, 0.0, 1.4E-45, 0.0, 0.0, 0.0
9yb, 20130820, 	33.5, 25.216665, 42.8, 26.153471, 0.0, 26.5, 22.0, 0.287, 0.267, 0.0, 511.91196
9yg, 20130820, 	31.5, 25.48229, 33.9, 24.912851, 0.0, 26.4, 22.2, 0.294, 0.252, 0.0, 480.99374
9ys, 20130820, 	29.8, 22.70938, 31.5, 22.292006, 0.0, 24.3, 20.6, 0.338, 0.326, 0.0, 484.01865
9wx, 20130821, 	34.1, 26.498262, 48.1, 28.243742, 0.0, 30.9, 22.1, 0.273, 0.2, 0.0, 524.3734
9wz, 20130821, 	35.9, 26.080908, 1.4E-45, -9999.0, 0.0, 1.4E-45, 0.0, 1.4E-45, 0.0, 0.0, 0.0
9yb, 20130821, 	35.5, 26.704168, 45.3, 27.122229, 0.0, 26.5, 22.4, 0.269, 0.249, 0.0, 467.2327
9yg, 20130821, 	32.9, 26.489588, 35.6, 25.709024, 0.0, 27.2, 22.6, 0.256, 0.225, 0.0, 471.1195
9ys, 20130821, 	31.4, 23.254171, 32.0, 22.739931, 0.0, 24.4, 20.8, 0.327, 0.313, 0.0, 473.63354
9wx, 20130822, 	34.5, 25.315128, 51.6, 27.844437, 0.0, 31.0, 21.6, 0.261, 0.179, 0.0, 537.4395
9wz, 20130822, 	33.4, 25.038193, 1.4E-45, -9999.0, 0.0, 1.4E-45, 0.0, 1.4E-45, 0.0, 0.0, 0.0
9yb, 20130822, 	33.0, 26.195835, 44.5, 28.661808, 0.0, 27.4, 22.3, 0.252, 0.235, 0.0, 513.48737
9yg, 20130822, 	32.4, 26.127087, 36.3, 25.575, 0.0, 27.4, 22.9, 0.229, 0.205, 0.0, 432.03775
9ys, 20130822, 	31.2, 24.411804, 33.0, 23.568748, 0.0, 24.8, 21.4, 0.319, 0.308, 0.0, 420.3585
9wx, 20130823, 	33.9, 25.857805, 51.6, 28.655561, 0.0, 31.4, 22.1, 0.25, 0.167, 0.0, 528.4
9wz, 20130823, 	33.6, 24.390968, 1.4E-45, -9999.0, 0.0, 1.4E-45, 0.0, 1.4E-45, 0.0, 0.0, 0.0
9yb, 20130823, 	33.4, 25.4271, 41.7, 26.183678, 0.0, 27.3, 22.9, 0.241, 0.227, 0.0, 407.38
9yg, 20130823, 	32.5, 26.94896, 37.9, 26.241657, 0.0, 27.5, 23.4, 0.209, 0.19, 0.0, 414.45624
9ys, 20130823, 	32.1, 24.98992, 33.0, 24.682987, 0.0, 25.5, 21.9, 0.312, 0.299, 0.0, 478.99368
9wx, 20130824, 	34.4, 26.334375, 50.4, 28.760935, 0.0, 31.3, 22.6, 0.238, 0.154, 0.0, 529.3121
9wz, 20130824, 	35.4, 25.368748, 1.4E-45, -9999.0, 0.0, 1.4E-45, 0.0, 1.4E-45, 0.0, 0.0, 0.0
9yb, 20130824, 	34.7, 26.817713, 40.8, 26.866665, 0.0, 26.7, 22.3, 0.24, 0.226, 0.0, 511.98102
9yg, 20130824, 	33.4, 28.227076, 37.3, 27.922218, 0.0, 28.3, 24.0, 0.193, 0.175, 0.0, 471.46204
9ys, 20130824, 	31.7, 24.91041, 33.2, 24.445137, 0.0, 25.7, 22.2, 0.302, 0.289, 0.0, 444.71875
9wx, 20130825, 	34.0, 26.359518, 50.7, 28.708164, 0.0, 31.2, 22.9, 0.227, 0.144, 0.0, 494.11145
9wz, 20130825, 	34.8, 26.63055, 1.4E-45, -9999.0, 0.0, 1.4E-45, 0.0, 1.4E-45, 0.0, 0.0, 0.0
9yb, 20130825, 	35.0, 27.921865, 41.6, 28.073256, 0.0, 26.6, 22.5, 0.231, 0.219, 0.0, 510.2342
9yg, 20130825, 	33.8, 27.969797, 37.7, 27.617365, 0.0, 28.8, 24.1, 0.179, 0.165, 0.0, 476.51266
9ys, 20130825, 	32.4, 25.658333, 33.4, 25.446886, 0.0, 26.0, 22.6, 0.291, 0.28, 0.0, 472.80502
9wx, 20130826, 	33.7, 26.593235, 51.9, 29.249155, 0.0, 31.6, 23.1, 0.217, 0.137, 0.0, 515.9329
9wz, 20130826, 	35.6, 26.810427, 1.4E-45, -9999.0, 0.0, 1.4E-45, 0.0, 1.4E-45, 0.0, 0.0, 0.0
9yb, 20130826, 	35.7, 28.350346, 42.9, 28.928131, 0.0, 27.1, 22.7, 0.221, 0.212, 0.0, 505.2658
9yg, 20130826, 	34.3, 28.376741, 37.6, 27.748945, 0.0, 28.7, 24.3, 0.168, 0.156, 0.0, 478.9114
9ys, 20130826, 	31.9, 26.09305, 33.0, 25.58819, 0.0, 25.8, 23.0, 0.281, 0.269, 0.0, 467.49057
9wx, 20130827, 	33.2, 25.79757, 51.1, 28.585945, 0.0, 31.6, 22.8, 0.209, 0.127, 0.0, 522.8663
9wz, 20130827, 	35.0, 25.846184, 1.4E-45, -9999.0, 0.0, 1.4E-45, 0.0, 1.4E-45, 0.0, 0.0, 0.0
9yb, 20130827, 	35.7, 27.599298, 45.0, 28.719795, 0.0, 27.7, 22.7, 0.214, 0.205, 0.0, 515.2595
9yg, 20130827, 	34.1, 28.15763, 37.5, 27.555552, 0.0, 28.7, 24.2, 0.161, 0.15, 0.0, 495.41772
9ys, 20130827, 	31.7, 25.136478, 32.9, 24.430897, 0.0, 25.7, 22.3, 0.27, 0.254, 0.0, 472.17722
9wx, 20130828, 	34.4, 26.200182, 52.9, 29.196709, 0.0, 31.9, 23.2, 0.203, 0.122, 0.0, 512.39355
9wz, 20130828, 	35.4, 25.105547, 1.4E-45, -9999.0, 0.0, 1.4E-45, 0.0, 1.4E-45, 0.0, 0.0, 0.0
9yb, 20130828, 	35.6, 26.217707, 46.6, 27.820488, 0.0, 27.8, 22.5, 0.209, 0.197, 0.0, 487.93124
9yg, 20130828, 	32.9, 26.750345, 38.4, 26.556944, 0.0, 28.8, 23.8, 0.155, 0.145, 0.0, 456.87262
9ys, 20130828, 	32.3, 25.065636, 33.6, 24.52396, 0.0, 25.4, 22.0, 0.256, 0.242, 0.0, 471.5443
9wx, 20130829, 	36.2, 27.641138, 53.4, 30.543375, 0.0, 32.6, 23.4, 0.195, 0.116, 0.0, 527.4566
9wz, 20130829, 	36.3, 25.015274, 1.4E-45, -9999.0, 0.0, 1.4E-45, 0.0, 1.4E-45, 0.0, 0.0, 0.0
9yb, 20130829, 	37.3, 27.02396, 49.4, 28.54409, 0.0, 28.2, 22.5, 0.203, 0.194, 0.0, 512.3077
9yg, 20130829, 	36.2, 28.75902, 40.0, 28.225693, 0.0, 29.6, 24.5, 0.152, 0.142, 0.0, 457.79114
9ys, 20130829, 	34.2, 26.558327, 35.0, 26.021875, 0.0, 25.9, 22.8, 0.244, 0.226, 0.0, 464.6497
9wx, 20130830, 	38.6, 28.183851, 61.3, 31.74706, 0.0, 33.8, 23.4, 0.188, 0.111, 0.0, 521.2645
9wz, 20130830, 	37.5, 25.80729, 1.4E-45, -9999.0, 0.0, 1.4E-45, 0.0, 1.4E-45, 0.0, 0.0, 0.0
9yb, 20130830, 	38.8, 27.8632, 51.7, 29.216661, 0.0, 28.6, 22.7, 0.199, 0.188, 0.0, 501.3782
9yg, 20130830, 	37.1, 29.62674, 41.1, 29.000698, 0.0, 30.1, 24.5, 0.148, 0.139, 0.0, 477.3121
9ys, 20130830, 	34.1, 27.432985, 35.0, 26.713547, 0.0, 26.4, 23.2, 0.228, 0.21, 0.0, 465.78482
9wx, 20130831, 	38.5, 29.29009, 58.3, 31.798061, 0.0, 34.0, 24.0, 0.178, 0.101, 0.0, 469.85806
9wz, 20130831, 	34.9, 26.543402, 1.4E-45, -9999.0, 0.0, 1.4E-45, 0.0, 1.4E-45, 0.0, 0.0, 0.0
9yb, 20130831, 	36.2, 27.223267, 46.9, 28.02326, 0.0, 28.1, 23.9, 0.195, 0.184, 0.0, 288.513
9yg, 20130831, 	34.8, 28.147224, 38.8, 27.602783, 0.0, 29.6, 24.5, 0.143, 0.136, 0.0, 391.0828
9ys, 20130831, 	34.7, 27.131601, 35.1, 26.137156, 0.0, 26.1, 23.0, 0.211, 0.199, 0.0, 425.91083
9wx, 20140801, 	29.7, 22.033495, 42.7, 24.049139, 0.0, 26.9, 20.4, 0.354, 0.257, 0.0, 559.8328
9yb, 20140801, 	30.3, 22.518394, 37.0, 22.207636, 0.0, 25.2, 21.0, 0.297, 0.267, 0.0, 460.142
9yg, 20140801, 	32.0, 24.524643, 46.9, 27.786806, 0.0, 31.5, 22.3, 0.155, 0.136, 0.0, 539.60364
9ys, 20140801, 	28.7, 21.517012, 31.8, 21.257982, 0.0, 22.9, 19.6, 0.155, 0.144, 0.0, 414.20605
9wx, 20140802, 	30.7, 23.726555, 47.0, 25.895845, 0.0, 28.0, 21.5, 0.329, 0.235, 0.0, 480.32822
9yb, 20140802, 	32.5, 23.382986, 37.3, 23.550348, 0.0, 26.2, 21.0, 0.271, 0.246, 0.0, 575.6829
9yg, 20140802, 	32.9, 25.431604, 46.3, 27.98472, 0.0, 31.2, 23.1, 0.144, 0.127, 0.0, 473.82822
9ys, 20140802, 	30.7, 22.896528, 34.3, 22.844788, 0.0, 23.4, 19.7, 0.147, 0.134, 0.0, 534.70483
9wx, 20140803, 	31.7, 23.13906, 45.8, 25.334362, 0.0, 28.4, 20.6, 0.306, 0.214, 0.0, 573.8187
9yb, 20140803, 	33.7, 25.620832, 38.1, 24.998257, 0.0, 26.1, 21.7, 0.249, 0.227, 0.0, 560.27545
9yg, 20140803, 	33.9, 26.433672, 45.0, 28.577427, 0.0, 31.2, 24.0, 0.131, 0.117, 0.0, 453.2956
9ys, 20140803, 	30.4, 22.624992, 34.1, 21.70417, 0.0, 23.3, 19.4, 0.138, 0.129, 0.0, 458.903
9wx, 20140804, 	32.3, 24.290615, 46.2, 26.326225, 0.0, 28.5, 21.4, 0.288, 0.195, 0.0, 538.7788
9yb, 20140804, 	34.2, 26.153126, 38.2, 25.315968, 0.0, 25.9, 21.8, 0.229, 0.215, 0.0, 557.2364
9yg, 20140804, 	36.0, 28.233685, 46.8, 30.236464, 0.0, 32.6, 24.6, 0.124, 0.112, 0.0, 477.65643
9ys, 20140804, 	33.2, 24.348269, 36.4, 23.806597, 0.0, 23.7, 19.8, 0.132, 0.124, 0.0, 512.2945
9wx, 20140805, 	32.7, 25.419806, 47.2, 27.34304, 0.0, 28.3, 21.7, 0.267, 0.178, 0.0, 500.49078
9yb, 20140805, 	34.9, 26.888546, 39.8, 25.960077, 0.0, 25.7, 22.2, 0.219, 0.207, 0.0, 416.57574
9yg, 20140805, 	36.0, 27.177427, 50.0, 29.688547, 0.0, 32.9, 24.3, 0.12, 0.107, 0.0, 466.93903
9ys, 20140805, 	34.3, 25.634726, 37.9, 25.624647, 0.0, 24.5, 20.9, 0.127, 0.12, 0.0, 516.4172
9wx, 20140806, 	34.1, 26.017183, 52.4, 29.566301, 0.0, 30.2, 21.7, 0.252, 0.163, 0.0, 558.0339
9yb, 20140806, 	35.0, 25.694448, 39.9, 26.056244, 0.0, 26.9, 22.6, 0.212, 0.204, 0.0, 576.97314
9yg, 20140806, 	36.5, 27.850351, 49.7, 29.42674, 0.0, 32.6, 25.0, 0.114, 0.102, 0.0, 398.56174
9ys, 20140806, 	34.6, 26.024998, 37.9, 25.22535, 0.0, 24.5, 21.0, 0.123, 0.116, 0.0, 425.71686
9wx, 20140807, 	35.2, -129.96786, 52.3, 29.112331, 0.0, 30.4, 22.4, 0.241, 0.149, 0.0, 500.78354
9yb, 20140807, 	31.9, 24.779524, 39.0, 25.042019, 0.0, 26.9, 22.6, 0.21, 0.199, 0.0, 436.12805
9yg, 20140807, 	30.3, 23.410078, 41.4, 25.802076, 0.0, 30.9, 25.0, 0.109, 0.099, 0.0, 342.1788
9ys, 20140807, 	31.5, 26.091679, 35.1, 26.2559, 0.0, 24.3, 21.7, 0.312, 0.115, 0.0, 467.00616
9wx, 20140808, 	33.3, 22.151222, 37.0, 23.770487, 0.0, 30.4, 23.0, 0.226, 0.141, 0.0, 321.6958
9yb, 20140808, 	29.7, 22.235764, 36.1, 23.88784, 0.0, 26.4, 21.8, 0.406, 0.203, 0.0, 520.6624
9yg, 20140808, 	31.7, 24.079176, 47.3, 26.35312, 0.0, 30.9, 24.0, 0.112, 0.099, 0.0, 368.5767
9ys, 20140808, 	29.6, 24.616323, 34.7, 25.237501, 0.0, 24.5, 22.6, 0.257, 0.235, 0.0, 401.87115
9wx, 20140809, 	34.3, 24.414742, 50.7, 27.375181, 0.0, 28.9, 21.6, 0.217, 0.136, 0.0, 529.3065
9yb, 20140809, 	32.9, 24.737497, 38.6, 25.554174, 0.0, 26.8, 23.2, 0.372, 0.341, 0.0, 494.10626
9yg, 20140809, 	34.6, 25.882982, 49.9, 29.82917, 0.0, 33.0, 24.2, 0.114, 0.1, 0.0, 514.23456
9ys, 20140809, 	28.8, 23.178125, 32.0, 23.31355, 0.0, 24.4, 22.1, 0.237, 0.227, 0.0, 311.37735
9wx, 20140810, 	31.7, 24.249828, 50.5, 28.39131, 0.0, 29.3, 21.8, 0.207, 0.13, 0.0, 543.081
9yb, 20140810, 	29.4, 21.62223, 36.0, 22.744434, 0.0, 26.6, 22.1, 0.455, 0.344, 0.0, 557.1419
9yg, 20140810, 	31.0, 23.903822, 42.1, 26.333334, 0.0, 31.8, 23.6, 0.363, 0.104, 0.0, 401.3375
9ys, 20140810, 	30.7, 24.274652, 34.7, 24.511461, 0.0, 24.5, 21.9, 0.23, 0.213, 0.0, 494.71698
9wx, 20140811, 	29.6, 23.301403, 49.7, 26.356422, 0.0, 29.3, 22.2, 0.197, 0.12, 0.0, 386.2082
9yb, 20140811, 	29.0, 22.332985, 37.9, 24.198261, 0.0, 26.3, 22.4, 0.384, 0.355, 0.0, 550.90796
9yg, 20140811, 	28.4, 23.126389, 41.3, 26.382633, 0.0, 29.1, 23.6, 0.301, 0.258, 0.0, 530.5926
9ys, 20140811, 	30.0, 23.836126, 33.3, 24.045835, 0.0, 24.4, 22.2, 0.214, 0.196, 0.0, 443.6503
9wx, 20140812, 	33.8, 23.793392, 51.6, 27.250538, 0.0, 29.0, 21.3, 0.188, 0.115, 0.0, 547.31036
9yb, 20140812, 	31.0, 22.825003, 37.3, 23.937853, 0.0, 26.5, 22.3, 0.358, 0.33, 0.0, 543.19135
9yg, 20140812, 	27.7, 19.731947, 40.5, 23.181593, 0.0, 28.5, 21.1, 0.263, 0.231, 0.0, 559.32715
9ys, 20140812, 	26.7, 20.831596, 30.4, 20.558327, 0.0, 23.9, 20.8, 0.197, 0.174, 0.0, 557.99384
9wx, 20140813, 	35.5, 26.603817, 54.5, 30.546522, 0.0, 29.8, 22.0, 0.184, 0.105, 0.0, 559.8951
9yb, 20140813, 	32.7, 24.049309, 36.7, 25.018394, 0.0, 26.5, 22.6, 0.333, 0.307, 0.0, 542.49384
9yg, 20140813, 	29.9, 20.727785, 41.3, 23.402426, 0.0, 28.7, 20.8, 0.236, 0.207, 0.0, 551.23456
9ys, 20140813, 	28.2, 19.473604, 31.8, 19.323954, 0.0, 22.4, 18.8, 0.177, 0.158, 0.0, 552.7407
9wx, 20140814, 	36.3, 28.112673, 49.3, 30.485239, 0.0, 30.0, 22.9, 0.178, 0.1, 0.0, 476.82278
9yb, 20140814, 	35.1, 26.47118, 37.2, 25.744797, 0.0, 26.2, 23.1, 0.309, 0.285, 0.0, 379.0432
9yg, 20140814, 	32.2, 23.828472, 43.6, 25.732296, 0.0, 29.2, 22.1, 0.213, 0.182, 0.0, 505.8125
9ys, 20140814, 	31.3, 21.42361, 35.0, 21.375357, 0.0, 22.6, 18.8, 0.162, 0.148, 0.0, 521.7963
9wx, 20140815, 	35.4, 27.647394, 56.9, 32.000164, 0.0, 30.5, 23.0, 0.17, 0.094, 0.0, 474.16824
9yb, 20140815, 	33.8, 26.635408, 40.0, 27.597576, 0.0, 26.9, 23.1, 0.288, 0.268, 0.0, 569.75165
9yg, 20140815, 	29.4, 24.58471, 30.2, 24.211464, 0.0, 28.2, 24.0, 0.188, 0.172, 0.0, 122.61875
9ys, 20140815, 	32.6, 24.102776, 35.7, 23.089586, 0.0, 23.2, 19.7, 0.149, 0.138, 0.0, 478.28662
9wx, 20140816, 	36.1, 25.542715, 58.5, 28.907457, 0.0, 30.5, 23.1, 0.166, 0.09, 0.0, 371.63324
9yb, 20140816, 	34.5, 25.969435, 40.5, 26.01667, 0.0, 27.2, 22.7, 0.269, 0.248, 0.0, 535.77356
9yg, 20140816, 	30.3, 24.384724, 41.4, 26.715277, 0.0, 29.3, 23.5, 0.177, 0.166, 0.0, 398.55902
9ys, 20140816, 	33.4, 26.780542, 37.0, 26.721521, 0.0, 24.3, 21.5, 0.141, 0.13, 0.0, 411.51923
9wx, 20140817, 	36.1, 25.438354, 52.0, 28.08386, 0.0, 30.1, 21.2, 0.16, 0.091, 0.0, 560.0687
9yb, 20140817, 	35.8, 24.725693, 40.6, 23.9309, 0.0, 26.8, 20.6, 0.465, 0.245, 0.0, 453.47238
9yg, 20140817, 	32.3, 24.025696, 44.3, 27.252771, 0.0, 30.6, 22.6, 0.169, 0.153, 0.0, 538.1188
9ys, 20140817, 	30.5, 24.031254, 35.4, 24.583681, 0.0, 24.0, 21.2, 0.134, 0.126, 0.0, 488.85184
9wx, 20140818, 	37.1, 27.11856, 54.4, 30.43645, 0.0, 30.4, 22.0, 0.159, 0.094, 0.0, 567.5409
9yb, 20140818, 	35.2, 24.450344, 39.2, 24.225693, 0.0, 26.3, 21.8, 0.443, 0.387, 0.0, 497.41934
9yg, 20140818, 	33.7, 24.385073, 40.3, 26.496874, 0.0, 30.2, 22.7, 0.235, 0.148, 0.0, 532.9241
9ys, 20140818, 	34.5, 24.686455, 39.3, 25.448267, 0.0, 24.6, 21.2, 0.128, 0.122, 0.0, 507.98102
9wx, 20140819, 	36.2, 27.463877, 54.6, 31.418386, 0.0, 30.6, 22.7, 0.156, 0.093, 0.0, 536.7468
9yb, 20140819, 	34.7, 24.928122, 38.0, 24.66666, 0.0, 26.1, 22.4, 0.393, 0.369, 0.0, 518.2418
9yg, 20140819, 	34.7, 27.419441, 41.7, 28.507301, 0.0, 30.7, 23.5, 0.214, 0.183, 0.0, 548.2222
9ys, 20140819, 	35.9, 26.829857, 40.7, 26.804174, 0.0, 25.2, 21.9, 0.124, 0.118, 0.0, 502.31647
9wx, 20140820, 	37.6, 27.696184, 56.0, 31.488024, 0.0, 30.8, 23.3, 0.154, 0.089, 0.0, 530.57416
9yb, 20140820, 	34.5, 26.92187, 39.0, 26.778128, 0.0, 26.4, 23.2, 0.371, 0.346, 0.0, 479.1709
9yg, 20140820, 	35.8, 29.121874, 43.5, 29.880201, 0.0, 30.6, 24.4, 0.19, 0.154, 0.0, 519.39105
9ys, 20140820, 	34.0, 27.346535, 37.2, 27.136808, 0.0, 25.2, 22.5, 0.122, 0.115, 0.0, 502.3671
9wx, 20140821, 	37.4, 28.774658, 57.8, 33.49461, 0.0, 32.3, 24.1, 0.152, 0.087, 0.0, 506.6171
9yb, 20140821, 	33.6, 27.225351, 39.8, 27.98611, 0.0, 27.1, 23.4, 0.349, 0.323, 0.0, 514.7107
9yg, 20140821, 	37.3, 30.742353, 46.5, 31.96461, 0.0, 31.8, 25.2, 0.159, 0.138, 0.0, 517.3141
9ys, 20140821, 	35.8, 28.752768, 39.3, 28.825352, 0.0, 25.9, 22.8, 0.119, 0.113, 0.0, 502.35443
9wx, 20140822, 	37.7, 28.046862, 58.5, 32.259045, 0.0, 32.1, 23.9, 0.15, 0.084, 0.0, 510.28214
9yb, 20140822, 	32.7, 25.420837, 34.2, 24.561462, 0.0, 27.0, 23.7, 0.387, 0.307, 0.0, 334.84723
9yg, 20140822, 	35.4, 30.041317, 46.8, 31.295135, 0.0, 31.8, 26.3, 0.141, 0.129, 0.0, 374.15686
9ys, 20140822, 	37.4, 29.455208, 41.1, 29.649998, 0.0, 26.5, 23.5, 0.117, 0.11, 0.0, 498.83545
9wx, 20140823, 	35.3, 26.06181, 48.2, 28.181593, 0.0, 32.0, 23.7, 0.146, 0.079, 0.0, 511.72467
9yb, 20140823, 	33.0, 23.308332, 36.9, 24.777782, 0.0, 26.6, 23.0, 0.391, 0.363, 0.0, 573.0284
9yg, 20140823, 	37.9, 30.338192, 48.7, 32.19479, 0.0, 32.7, 25.5, 0.133, 0.123, 0.0, 533.6645
9ys, 20140823, 	37.8, 29.345497, 41.6, 29.258327, 0.0, 26.4, 23.6, 0.115, 0.108, 0.0, 520.87823
9wx, 20140824, 	36.0, 26.41251, 55.7, 31.154694, 0.0, 31.2, 22.8, 0.143, 0.076, 0.0, 552.981
9yb, 20140824, 	31.8, 24.05522, 37.6, 25.249651, 0.0, 26.4, 22.8, 0.366, 0.335, 0.0, 547.2468
9yg, 20140824, 	39.3, 31.604506, 49.7, 32.905563, 0.0, 33.3, 25.7, 0.129, 0.117, 0.0, 529.75
9ys, 20140824, 	37.8, 28.3809, 42.4, 27.72917, 0.0, 26.2, 22.3, 0.112, 0.104, 0.0, 524.42676
9wx, 20140825, 	37.6, 27.629345, 54.6, 31.415792, 0.0, 31.5, 23.6, 0.142, 0.075, 0.0, 508.30893
9yb, 20140825, 	31.0, 23.509033, 39.1, 24.438887, 0.0, 26.3, 22.2, 0.337, 0.313, 0.0, 535.6242
9yg, 20140825, 	37.5, 30.262848, 49.8, 32.267685, 0.0, 33.5, 26.5, 0.123, 0.111, 0.0, 454.8255
9ys, 20140825, 	37.5, 28.35069, 44.4, 28.390621, 0.0, 26.4, 22.3, 0.11, 0.103, 0.0, 515.39105
9wx, 20140826, 	34.8, 25.472563, 54.4, 29.693237, 0.0, 31.4, 23.7, 0.14, 0.072, 0.0, 447.6699
9yb, 20140826, 	30.0, 22.237858, 37.0, 24.033672, 0.0, 26.0, 22.4, 0.315, 0.293, 0.0, 472.23566
9yg, 20140826, 	34.7, 26.97708, 47.2, 28.698952, 0.0, 32.4, 25.5, 0.118, 0.106, 0.0, 445.58087
9ys, 20140826, 	37.0, 27.890621, 45.7, 28.352095, 0.0, 26.4, 22.9, 0.11, 0.102, 0.0, 481.03845
9wx, 20140827, 	32.1, 23.662148, 41.8, 26.089066, 0.0, 30.8, 23.4, 0.138, 0.07, 0.0, 448.5522
9yb, 20140827, 	29.4, 22.791319, 33.7, 23.533678, 0.0, 25.6, 23.0, 0.3, 0.284, 0.0, 318.01324
9yg, 20140827, 	32.7, 26.107977, 47.8, 28.319437, 0.0, 30.7, 25.2, 0.115, 0.105, 0.0, 396.0137
9ys, 20140827, 	35.0, -7.949662, 40.9, 26.815624, 0.0, 26.3, 23.0, 0.263, 0.104, 0.0, 469.68182
9wx, 20140828, 	31.8, 23.52535, 49.4, 27.628294, 0.0, 30.0, 21.8, 0.137, 0.074, 0.0, 525.6314
9yb, 20140828, 	28.5, 21.627771, 37.0, 23.485064, 0.0, 25.6, 22.0, 0.366, 0.311, 0.0, 510.19873
9yg, 20140828, 	28.5, 25.84792, 32.0, 25.655205, 0.0, 30.3, 25.9, 0.115, 0.106, 0.0, 134.79861
9ys, 20140828, 	33.8, 26.548962, 38.6, 26.327782, 0.0, 25.6, 23.2, 0.228, 0.205, 0.0, 436.60388
9wx, 20140829, 	33.1, 22.94444, 51.3, 27.482807, 0.0, 29.9, 20.7, 0.137, 0.079, 0.0, 537.24036
9yb, 20140829, 	29.5, 21.076036, 36.4, 22.603476, 0.0, 25.7, 21.4, 0.35, 0.319, 0.0, 571.0136
9yg, 20140829, 	31.5, 24.320137, 41.7, 25.636814, 0.0, 29.1, 23.4, 0.113, 0.103, 0.0, 436.89362
9ys, 20140829, 	31.2, 24.751045, 34.8, 24.186455, 0.0, 25.1, 22.7, 0.207, 0.189, 0.0, 384.7843
9wx, 20140830, 	34.9, 24.240278, 51.3, 27.263374, 0.0, 29.6, 21.0, 0.135, 0.079, 0.0, 477.9935
9yb, 20140830, 	31.9, 22.276747, 37.7, 22.488201, 0.0, 24.9, 20.9, 0.323, 0.296, 0.0, 539.27454
9yg, 20140830, 	32.9, 24.70208, 46.7, 27.778133, 0.0, 31.0, 22.5, 0.116, 0.103, 0.0, 517.46454
9ys, 20140830, 	32.7, 25.95313, 38.4, 26.62119, 0.0, 25.1, 22.7, 0.192, 0.172, 0.0, 489.7651
9wx, 20140831, 	39.1, 28.337498, 55.1, 31.02186, 0.0, 30.7, 22.3, 0.137, 0.08, 0.0, 544.3377
9yb, 20140831, 	31.5, 24.345837, 38.7, 24.32639, 0.0, 25.4, 21.7, 0.296, 0.275, 0.0, 476.56863
9yg, 20140831, 	36.7, 27.693413, 45.7, 28.350342, 0.0, 30.2, 24.1, 0.116, 0.104, 0.0, 434.66
9ys, 20140831, 	34.8, 26.378819, 38.0, 26.075691, 0.0, 25.1, 22.3, 0.175, 0.154, 0.0, 496.03247
9wx, 20150801, 	31.0, 23.684381, 38.9, 25.239393, 0.0, 29.3, 23.5, 0.412, 0.291, 0.0, 432.9164
9yb, 20150801, 	34.2, 25.310072, 48.1, 27.872917, 0.0, 26.9, 22.2, 0.215, 0.2, 0.0, 544.2202
9yg, 20150801, 	33.0, 27.112495, 36.9, 26.907988, 0.0, 29.8, 24.6, 0.225, 0.178, 0.0, 510.5783
9ys, 20150801, 	32.5, -45.091, 32.8, 23.017359, 0.0, 26.0, 21.8, 0.165, 0.154, 0.0, 541.1497
9wx, 20150802, 	33.1, 25.472588, 41.1, 27.054863, 0.0, 30.3, 22.9, 0.541, 0.31, 0.0, 495.64725
9yb, 20150802, 	35.7, 26.930908, 50.4, 30.232979, 0.0, 27.9, 23.1, 0.204, 0.196, 0.0, 517.744
9yg, 20150802, 	33.7, 27.619795, 37.4, 27.294085, 0.0, 30.3, 24.9, 0.191, 0.16, 0.0, 540.73334
9ys, 20150802, 	32.5, 25.52847, 32.7, 24.537498, 0.0, 25.5, 22.3, 0.157, 0.144, 0.0, 512.32935
9wx, 20150803, 	31.2, 24.956934, 38.6, 26.608673, 0.0, 29.6, 24.3, 0.401, 0.298, 0.0, 457.88855
9yb, 20150803, 	33.5, 25.840967, 48.4, 27.92257, 0.0, 27.7, 22.9, 0.2, 0.19, 0.0, 413.875
9yg, 20150803, 	34.1, 27.626385, 38.1, 27.464575, 0.0, 30.5, 24.8, 0.171, 0.15, 0.0, 509.4601
9ys, 20150803, 	33.7, 25.434715, 33.2, 24.1757, 0.0, 25.4, 22.1, 0.147, 0.14, 0.0, 472.43637
9wx, 20150804, 	32.0, 23.164408, 38.6, 25.346527, 0.0, 30.2, 23.3, 0.422, 0.295, 0.0, 583.65436
9yb, 20150804, 	33.3, 25.44063, 49.1, 28.07778, 0.0, 27.3, 23.8, 0.199, 0.189, 0.0, 424.92682
9yg, 20150804, 	31.9, 25.121183, 35.1, 24.407646, 0.0, 29.7, 24.8, 0.159, 0.145, 0.0, 235.81097
9ys, 20150804, 	30.6, 23.935064, 29.4, 22.457981, 0.0, 25.3, 22.1, 0.143, 0.135, 0.0, 243.10242
9wx, 20150805, 	33.6, 25.97116, 39.4, 27.481071, 0.0, 30.7, 24.3, 0.391, 0.286, 0.0, 541.8092
9yb, 20150805, 	32.8, 22.715282, 49.6, 27.815285, 0.0, 28.0, 23.2, 0.196, 0.187, 0.0, 495.78787
9yg, 20150805, 	28.1, 22.906254, 32.1, 23.31423, 0.0, 27.8, 23.9, 0.24, 0.145, 0.0, 318.95334
9ys, 20150805, 	28.0, 23.14826, 29.4, 23.056606, 0.0, 24.1, 22.5, 0.392, 0.136, 0.0, 392.82645
9wx, 20150806, 	38.9, 27.397053, 44.8, 28.908684, 0.0, 30.9, 24.6, 0.37, 0.271, 0.0, 540.0183
9yb, 20150806, 	31.2, 23.805557, 47.2, 27.130205, 0.0, 27.9, 23.7, 0.195, 0.186, 0.0, 371.9217
9yg, 20150806, 	28.9, 22.207628, 31.1, 22.364584, 0.0, 27.4, 22.5, 0.227, 0.192, 0.0, 340.9695
9ys, 20150806, 	30.5, 24.384716, 30.4, 24.309374, 0.0, 25.1, 23.0, 0.31, 0.272, 0.0, 491.03067
9wx, 20150807, 	36.4, 27.92257, 43.0, 29.450174, 0.0, 30.5, 25.5, 0.348, 0.256, 0.0, 508.90994
9yb, 20150807, 	36.8, 25.863197, 48.1, 28.949314, 0.0, 28.1, 23.5, 0.194, 0.185, 0.0, 516.59033
9yg, 20150807, 	32.8, 25.838533, 36.5, 25.955896, 0.0, 29.0, 23.4, 0.201, 0.161, 0.0, 452.70908
9ys, 20150807, 	33.1, 27.174997, 33.5, 26.797218, 0.0, 26.3, 23.9, 0.274, 0.248, 0.0, 523.8013
9wx, 20150808, 	35.7, 27.094084, 44.3, 28.192366, 0.0, 30.2, 24.2, 0.326, 0.24, 0.0, 537.546
9yb, 20150808, 	36.6, 25.78437, 50.3, 30.09756, 0.0, 28.5, 24.1, 0.193, 0.184, 0.0, 475.23376
9yg, 20150808, 	34.1, 26.329857, 36.9, 25.52396, 0.0, 28.5, 23.6, 0.424, 0.159, 0.0, 418.44937
9ys, 20150808, 	32.9, 26.64132, 32.5, 26.035759, 0.0, 26.3, 24.1, 0.251, 0.229, 0.0, 425.33743
9wx, 20150809, 	33.7, 25.181248, 38.5, 26.469097, 0.0, 30.7, 24.3, 0.398, 0.234, 0.0, 495.4791
9yb, 20150809, 	33.7, 25.142712, 48.5, 27.605904, 0.0, 28.3, 24.3, 0.193, 0.183, 0.0, 330.96835
9yg, 20150809, 	32.7, 28.08611, 36.1, 27.330557, 0.0, 28.9, 25.4, 0.325, 0.271, 0.0, 353.30872
9ys, 20150809, 	34.6, 28.530897, 35.3, 27.75034, 0.0, 26.5, 24.4, 0.232, 0.21, 0.0, 415.4717
9wx, 20150810, 	32.1, 25.283672, 37.2, 26.011106, 0.0, 30.4, 24.7, 0.401, 0.263, 0.0, 439.98038
9yb, 20150810, 	32.3, 24.7184, 49.9, 27.16146, 0.0, 27.6, 23.6, 0.192, 0.182, 0.0, 346.45782
9yg, 20150810, 	30.9, 27.044453, 34.7, 27.181593, 0.0, 29.4, 25.4, 0.296, 0.244, 0.0, 472.58896
9ys, 20150810, 	31.4, 26.303825, 32.4, 26.098602, 0.0, 26.5, 23.8, 0.421, 0.209, 0.0, 412.40372
9wx, 20150811, 	28.4, 22.924477, 36.4, 24.43334, 0.0, 28.8, 24.6, 0.38, 0.256, 0.0, 329.58054
9yb, 20150811, 	29.7, 23.195839, 46.4, 26.766317, 0.0, 27.0, 23.6, 0.189, 0.18, 0.0, 384.72394
9yg, 20150811, 	28.7, 23.218754, 32.5, 23.15625, 0.0, 28.7, 23.1, 0.258, 0.208, 0.0, 535.1534
9ys, 20150811, 	28.0, 24.316313, 29.3, 24.080557, 0.0, 25.8, 24.0, 0.356, 0.322, 0.0, 527.31287
9wx, 20150812, 	31.8, 24.020485, 36.8, 25.569794, 0.0, 29.4, 24.2, 0.37, 0.257, 0.0, 474.92404
9yb, 20150812, 	27.9, 22.363546, 38.1, 23.891668, 0.0, 26.8, 23.2, 0.193, 0.18, 0.0, 344.2721
9yg, 20150812, 	29.8, -12.694779, 34.3, 22.35278, 0.0, 27.0, 21.6, 0.224, 0.188, 0.0, 539.4724
9ys, 20150812, 	28.3, 22.014927, 29.8, 21.513195, 0.0, 25.0, 21.9, 0.323, 0.306, 0.0, 508.5399
9wx, 20150813, 	34.7, 25.18177, 42.4, 27.022734, 0.0, 29.9, 23.6, 0.352, 0.24, 0.0, 532.90967
9yb, 20150813, 	32.9, 23.7875, 47.0, 27.873621, 0.0, 27.3, 22.2, 0.195, 0.186, 0.0, 514.4878
9yg, 20150813, 	30.9, 23.477085, 36.2, 23.371178, 0.0, 27.5, 21.7, 0.199, 0.172, 0.0, 532.3313
9ys, 20150813, 	29.1, -12.233669, 30.2, 21.800005, 0.0, 24.1, 21.4, 0.308, 0.29, 0.0, 538.3395
9wx, 20150814, 	33.7, 25.905724, 42.4, 27.679682, 0.0, 30.2, 24.2, 0.332, 0.228, 0.0, 512.79236
9yb, 20150814, 	33.4, 25.984724, 49.1, 30.089922, 0.0, 28.1, 23.2, 0.195, 0.184, 0.0, 507.0723
9yg, 20150814, 	31.4, 25.507992, 36.6, 25.459724, 0.0, 28.2, 23.4, 0.18, 0.157, 0.0, 531.01263
9ys, 20150814, 	29.7, 22.540968, 30.3, 21.869083, 0.0, 23.9, 21.2, 0.293, 0.276, 0.0, 512.5901
9wx, 20150815, 	32.8, 25.285923, 41.9, 27.308332, 0.0, 29.9, 24.1, 0.308, 0.214, 0.0, 531.1724
9yb, 20150815, 	35.0, 26.866323, 48.8, 30.0111, 0.0, 28.1, 24.0, 0.193, 0.184, 0.0, 513.68945
9yg, 20150815, 	31.7, 25.37744, 37.8, 25.629168, 0.0, 28.2, 23.2, 0.165, 0.15, 0.0, 523.98755
9ys, 20150815, 	30.4, 23.01979, 30.8, 22.335068, 0.0, 23.8, 21.0, 0.279, 0.264, 0.0, 513.59875
9wx, 20150816, 	33.8, 26.382471, 43.2, 28.213713, 0.0, 29.3, 24.2, 0.29, 0.2, 0.0, 502.16934
9yb, 20150816, 	35.8, 27.349312, 50.1, 30.494804, 0.0, 28.2, 24.1, 0.192, 0.183, 0.0, 475.62894
9yg, 20150816, 	32.5, 25.519787, 37.8, 25.33715, 0.0, 28.4, 23.2, 0.157, 0.144, 0.0, 495.27777
9ys, 20150816, 	31.4, 23.989586, 31.8, 22.891665, 0.0, 23.8, 21.2, 0.265, 0.25, 0.0, 426.6584
9wx, 20150817, 	32.0, 23.396866, 36.3, 25.013885, 0.0, 28.9, 22.5, 0.363, 0.197, 0.0, 449.30945
9yb, 20150817, 	32.5, 22.9632, 44.6, 25.432638, 0.0, 28.0, 23.3, 0.19, 0.181, 0.0, 352.80795
9yg, 20150817, 	31.1, 25.48821, 34.2, 24.512154, 0.0, 27.8, 23.5, 0.154, 0.14, 0.0, 324.34592
9ys, 20150817, 	32.2, 25.48507, 33.1, 24.724302, 0.0, 24.3, 22.2, 0.252, 0.24, 0.0, 425.35403
9wx, 20150818, 	26.5, 22.26197, 34.9, 23.85451, 0.0, 27.6, 23.1, 0.346, 0.302, 0.0, 474.5981
9yb, 20150818, 	27.0, 20.893404, 42.3, 24.093403, 0.0, 26.2, 22.8, 0.188, 0.179, 0.0, 465.61642
9yg, 20150818, 	29.5, 23.96215, 32.9, 23.126041, 0.0, 26.8, 23.3, 0.303, 0.138, 0.0, 331.96454
9ys, 20150818, 	28.7, 23.654161, 29.1, 23.003126, 0.0, 24.3, 22.8, 0.244, 0.238, 0.0, 177.60378
9wx, 20150819, 	24.1, 18.489925, 33.4, 21.188896, 0.0, 27.0, 22.2, 0.33, 0.29, 0.0, 463.73227
9yb, 20150819, 	24.1, 17.679863, 44.9, 22.038877, 0.0, 25.3, 21.1, 0.186, 0.176, 0.0, 503.81528
9yg, 20150819, 	23.5, 17.86875, 25.9, 17.76389, 0.0, 25.2, 20.9, 0.3, 0.245, 0.0, 447.40253
9ys, 20150819, 	26.4, 19.17222, 25.2, 18.719795, 0.0, 23.4, 21.4, 0.318, 0.24, 0.0, 313.58157
9wx, 20150820, 	27.9, 19.104351, 36.1, 20.933172, 0.0, 26.1, 21.0, 0.313, 0.275, 0.0, 512.8486
9yb, 20150820, 	30.0, 19.723265, 43.7, 21.656942, 0.0, 24.3, 19.6, 0.185, 0.175, 0.0, 505.32297
9yg, 20150820, 	28.4, 19.786806, 33.7, 19.62848, 0.0, 25.1, 19.3, 0.254, 0.205, 0.0, 538.673
9ys, 20150820, 	26.7, 17.87326, 28.1, 17.321875, 0.0, 21.6, 18.7, 0.299, 0.274, 0.0, 516.1375
9wx, 20150821, 	29.5, 20.931597, 35.3, 21.863726, 0.0, 25.7, 21.2, 0.294, 0.263, 0.0, 370.707
9yb, 20150821, 	30.5, 22.036108, 45.2, 25.096178, 0.0, 25.4, 20.7, 0.186, 0.176, 0.0, 472.3625
9yg, 20150821, 	29.6, 21.980547, 35.1, 21.950691, 0.0, 25.8, 20.4, 0.215, 0.175, 0.0, 507.31012
9ys, 20150821, 	26.3, 19.152426, 28.2, 17.872223, 0.0, 21.4, 18.6, 0.276, 0.262, 0.0, 335.525
9wx, 20150822, 	35.6, 24.930206, 42.5, 25.736813, 0.0, 27.6, 21.4, 0.283, 0.251, 0.0, 520.3576
9yb, 20150822, 	36.5, 25.215971, 52.2, 28.971527, 0.0, 27.2, 22.2, 0.188, 0.179, 0.0, 480.50626
9yg, 20150822, 	32.0, 25.118752, 37.0, 25.705555, 0.0, 27.4, 22.6, 0.182, 0.151, 0.0, 504.42105
9ys, 20150822, 	29.0, 22.852776, 30.3, 22.760763, 0.0, 22.5, 20.6, 0.266, 0.255, 0.0, 395.8808
9wx, 20150823, 	33.8, 20.61875, 34.9, 22.22604, 0.0, 27.2, 21.4, 0.271, 0.236, 0.0, 425.16077
9yb, 20150823, 	28.0, 18.720135, 42.2, 23.919447, 0.0, 26.8, 21.1, 0.186, 0.175, 0.0, 487.56604
9yg, 20150823, 	29.3, 20.65937, 27.6, 20.573626, 0.0, 26.7, 21.3, 0.233, 0.15, 0.0, 522.35254
9ys, 20150823, 	26.6, 21.837849, 27.8, 21.622913, 0.0, 22.5, 21.0, 0.389, 0.255, 0.0, 416.94446
9wx, 20150824, 	29.6, 20.090628, 40.2, 22.709204, 0.0, 26.2, 20.8, 0.256, 0.224, 0.0, 473.01947
9yb, 20150824, 	29.8, 18.44583, 45.6, 21.054865, 0.0, 24.9, 19.1, 0.184, 0.171, 0.0, 500.38992
9yg, 20150824, 	27.3, 17.230904, 31.2, 17.7, 0.0, 24.3, 17.9, 0.207, 0.174, 0.0, 542.3057
9ys, 20150824, 	25.5, 18.620842, 29.4, 18.230904, 0.0, 21.8, 19.3, 0.327, 0.299, 0.0, 520.2595
9wx, 20150825, 	34.5, 24.67256, 44.8, 26.3519, 0.0, 27.6, 21.6, 0.246, 0.215, 0.0, 511.19168
9yb, 20150825, 	33.8, 22.682991, 48.9, 26.447214, -381.0, 26.4, 21.1, 0.185, 0.173, 0.0, 485.67722
9yg, 20150825, 	29.0, 18.824991, 33.9, 18.936106, 0.0, 24.2, 17.9, 0.182, 0.155, 0.0, 515.6624
9ys, 20150825, 	27.5, 18.657982, 31.0, 17.160072, 0.0, 21.1, 18.0, 0.303, 0.285, 0.0, 511.29745
9wx, 20150826, 	35.1, 25.868237, 45.1, 26.256754, 0.0, 27.6, 21.9, 0.234, 0.201, 0.0, 449.14517
9yb, 20150826, 	39.4, 25.878124, 53.0, 28.957283, -7082.0, 26.9, 22.1, 0.184, 0.174, 0.0, 486.63058
9yg, 20150826, 	30.6, 20.192013, 36.7, 20.455555, 0.0, 25.1, 18.4, 0.159, 0.143, 0.0, 483.6129
9ys, 20150826, 	28.4, 20.325005, 31.3, 18.9257, 0.0, 21.0, 18.3, 0.287, 0.273, 0.0, 468.6688
9wx, 20150827, 	34.4, 26.616497, 43.3, 27.33004, 0.0, 27.2, 22.4, 0.224, 0.187, 0.0, 452.37543
9yb, 20150827, 	36.6, 28.11111, 53.1, 30.090973, -6666.0, 27.2, 23.0, 0.183, 0.175, 0.0, 411.56128
9yg, 20150827, 	32.4, 24.977432, 36.4, 24.65104, 0.0, 25.7, 21.6, 0.151, 0.138, 0.0, 419.29678
9ys, 20150827, 	26.2, 19.584028, 29.7, 18.031595, 0.0, 21.0, 18.9, 0.277, 0.27, 0.0, 191.45625
9wx, 20150828, 	32.5, 25.6854, 43.7, 27.772392, 0.0, 28.2, 22.6, 0.213, 0.178, 0.0, 480.8795
9yb, 20150828, 	35.0, 25.646528, 48.8, 27.42813, -1701.0, 27.0, 22.5, 0.185, 0.175, 0.0, 504.82782
9yg, 20150828, 	30.6, 24.618069, 33.8, 24.136803, 0.0, 25.6, 22.2, 0.349, 0.136, 0.0, 421.539
9ys, 20150828, 	24.9, 21.010067, 25.5, 20.28889, 0.0, 20.7, 19.8, 0.274, 0.269, 0.0, 144.79355
9wx, 20150829, 	32.0, 23.726215, 41.8, 25.663559, 0.0, 27.7, 22.0, 0.208, 0.167, 0.0, 486.51456
9yb, 20150829, 	34.2, 22.73542, 49.2, 25.783335, -798.0, 26.2, 21.0, 0.184, 0.173, 0.0, 454.43588
9yg, 20150829, 	27.9, 20.336815, 26.6, 20.293402, 0.0, 25.5, 21.8, 0.287, 0.247, 0.0, 174.51352
9ys, 20150829, 	27.2, 22.262152, 33.7, 22.721521, 0.0, 21.6, 20.0, 0.273, 0.263, 0.0, 288.85907
9wx, 20150830, 	32.4, 22.26805, 44.0, 23.496706, 0.0, 27.2, 20.9, 0.201, 0.154, 0.0, 472.02295
9yb, 20150830, 	35.1, 22.88159, 46.6, 24.1559, -7499.0, 25.8, 20.3, 0.183, 0.172, 0.0, 468.19107
9yg, 20150830, 	27.6, 19.8507, 31.3, 20.470135, 0.0, 24.2, 20.4, 0.254, 0.22, 0.0, 339.1111
9ys, 20150830, 	29.8, -11.599298, 34.0, 23.681602, 0.0, 22.5, 20.7, 0.266, 0.255, 0.0, 334.1438
9wx, 20150831, 	34.4, 24.433702, 44.6, 25.284893, 0.0, 26.9, 21.2, 0.195, 0.144, 0.0, 493.49838
9yb, 20150831, 	37.2, 24.323616, 49.7, 26.901731, -6249.0, 26.1, 20.9, 0.183, 0.17, 0.0, 486.8654
9yg, 20150831, 	33.3, 24.693068, 37.3, 24.47604, 0.0, 26.5, 20.8, 0.227, 0.182, 0.0, 493.63397
9ys, 20150831, 	31.6, 24.539581, 32.8, 23.28646, 0.0, 22.9, 20.6, 0.257, 0.241, 0.0, 482.1316
9wx, 20160801, 	37.9, 29.062866, 46.9, 30.783333, 0.0, 29.5, 23.5, 0.24, 0.181, 0.0, 511.39706
9yb, 20160801, 	39.0, 28.903133, 50.7, 31.34375, 0.0, 29.2, 24.2, 0.236, 0.211, 0.0, 481.97702
9yg, 20160801, 	31.2, 27.969799, 35.1, 27.939224, 0.0, 28.7, 25.3, 0.33, 0.253, 0.0, 447.6842
9ys, 20160801, 	34.1, 27.726738, 36.1, 28.432991, 0.0, 27.9, 25.1, 0.252, 0.23, 0.0, 465.72562
9wx, 20160802, 	35.8, 26.529686, 48.1, 26.440956, 0.0, 28.9, 23.7, 0.22, 0.174, 0.0, 254.71217
9yb, 20160802, 	37.4, 28.732992, 51.6, 32.987858, 0.0, 30.2, 25.1, 0.215, 0.197, 0.0, 449.6839
9yg, 20160802, 	30.9, 27.964222, 32.4, 27.050701, 0.0, 28.5, 25.7, 0.266, 0.217, 0.0, 273.11176
9ys, 20160802, 	34.2, 28.043402, 34.7, 28.237156, 0.0, 28.1, 24.9, 0.233, 0.212, 0.0, 507.2134
9wx, 20160803, 	34.6, 25.23957, 44.1, 27.271517, 0.0, 28.6, 22.7, 0.221, 0.191, 0.0, 490.3565
9yb, 20160803, 	37.1, 26.177773, 50.6, 29.9264, 0.0, 30.2, 24.8, 0.2, 0.186, 0.0, 473.97702
9yg, 20160803, 	36.0, 28.046183, 39.9, 28.522566, 0.0, 29.8, 25.1, 0.231, 0.168, 0.0, 470.5607
9ys, 20160803, 	33.8, 27.856255, 34.1, 28.4132, 0.0, 28.0, 25.6, 0.215, 0.205, 0.0, 368.64197
9wx, 20160804, 	36.8, -7.253126, 44.0, 27.06215, 0.0, 28.0, 23.4, 0.224, 0.181, 0.0, 283.41248
9yb, 20160804, 	36.6, 28.352776, 54.8, 31.960073, 0.0, 29.9, 25.1, 0.19, 0.179, 0.0, 444.0977
9yg, 20160804, 	36.0, 30.521872, 39.9, 29.488888, 0.0, 29.5, 25.7, 0.179, 0.147, 0.0, 392.87134
9ys, 20160804, 	35.5, 28.52988, 36.1, 28.716661, 0.0, 28.3, 24.7, 0.208, 0.195, 0.0, 520.06024
9wx, 20160805, 	30.6, 22.962675, 39.5, 25.5519, 0.0, 29.0, 22.6, 0.387, 0.178, 0.0, 443.2371
9yb, 20160805, 	29.5, 21.578468, 35.4, 23.922916, 0.0, 29.8, 24.7, 0.184, 0.172, 0.0, 149.01755
9yg, 20160805, 	35.1, 23.727455, 33.0, 22.976734, 0.0, 29.4, 24.3, 0.382, 0.142, 0.0, 120.398735
9ys, 20160805, 	32.7, 27.24965, 33.9, 27.6948, 0.0, 28.2, 25.4, 0.197, 0.188, 0.0, 411.8589
9wx, 20160806, 	31.4, 22.990793, 38.5, 24.738716, 0.0, 28.6, 23.2, 0.365, 0.248, 0.0, 349.49246
9yb, 20160806, 	26.1, 20.854168, 36.5, 23.427076, 0.0, 26.0, 23.8, 0.177, 0.17, 0.0, 175.99411
9yg, 20160806, 	26.2, 22.373255, 29.8, 22.208336, 0.0, 25.7, 23.7, 0.343, 0.294, 0.0, 228.47368
9ys, 20160806, 	30.1, 24.110073, 30.6, 25.098614, 0.0, 27.7, 25.1, 0.347, 0.187, 0.0, 126.71605
9wx, 20160807, 	32.5, 24.071703, 43.1, 26.497902, 0.0, 29.0, 23.5, 0.341, 0.233, 0.0, 407.51526
9yb, 20160807, 	25.6, 20.69029, 34.2, 22.597923, 0.0, 25.8, 22.4, 0.405, 0.17, 0.0, 186.29941
9yg, 20160807, 	24.9, 21.359377, 26.4, 21.02639, 0.0, 25.7, 22.2, 0.47, 0.29, 0.0, 139.92073
9ys, 20160807, 	26.2, 22.582647, 27.4, 23.408327, 0.0, 25.7, 24.0, 0.375, 0.291, 0.0, 111.27329
9wx, 20160808, 	35.1, 24.042364, 43.6, 26.788702, 0.0, 29.3, 23.0, 0.325, 0.22, 0.0, 510.75156
9yb, 20160808, 	28.3, 21.47812, 43.1, 24.785416, 0.0, 26.3, 23.3, 0.376, 0.353, 0.0, 272.0595
9yg, 20160808, 	27.8, 22.604855, 32.0, 22.945831, 0.0, 25.5, 23.2, 0.378, 0.331, 0.0, 257.50302
9ys, 20160808, 	29.8, 25.095482, 33.3, 26.225695, 0.0, 26.7, 24.3, 0.329, 0.299, 0.0, 398.4516
9wx, 20160809, 	31.9, 24.519798, 41.9, 26.680218, 0.0, 28.5, 23.2, 0.308, 0.21, 0.0, 495.62122
9yb, 20160809, 	34.4, 25.486464, 45.4, 28.210766, 0.0, 27.6, 23.5, 0.355, 0.325, 0.0, 481.21637
9yg, 20160809, 	34.0, 26.902775, 37.4, 27.201733, 0.0, 27.8, 23.7, 0.351, 0.289, 0.0, 468.7
9ys, 20160809, 	32.7, 26.706944, 35.3, 27.894447, 0.0, 27.7, 24.7, 0.301, 0.277, 0.0, 504.82098
9wx, 20160810, 	36.3, 27.581594, 44.1, 29.50644, 0.0, 28.9, 23.8, 0.283, 0.2, 0.0, 519.7553
9yb, 20160810, 	36.1, 27.041313, 44.2, 29.005554, 0.0, 28.0, 24.2, 0.326, 0.296, 0.0, 485.78363
9yg, 20160810, 	34.2, 28.855543, 38.3, 28.672567, 0.0, 28.5, 25.3, 0.315, 0.248, 0.0, 443.37057
9ys, 20160810, 	33.6, 26.674309, 35.6, 27.543406, 0.0, 27.9, 24.9, 0.279, 0.26, 0.0, 425.1605
9wx, 20160811, 	35.9, 28.504852, 48.7, 30.024466, 0.0, 28.4, 24.2, 0.268, 0.188, 0.0, 391.8155
9yb, 20160811, 	35.3, 27.294102, 50.6, 28.976736, 0.0, 28.0, 24.8, 0.298, 0.275, 0.0, 310.97076
9yg, 20160811, 	35.7, 30.164589, 38.4, 29.76457, 0.0, 29.4, 25.8, 0.267, 0.216, 0.0, 479.39053
9ys, 20160811, 	34.8, 28.131947, 35.9, 28.838196, 0.0, 28.2, 25.2, 0.263, 0.241, 0.0, 497.85275
9wx, 20160812, 	31.6, 24.387672, 46.0, 27.161991, 0.0, 29.0, 23.3, 0.247, 0.18, 0.0, 484.06647
9yb, 20160812, 	31.6, 23.729172, 45.6, 27.007286, 0.0, 27.3, 23.4, 0.279, 0.247, 0.0, 432.65295
9yg, 20160812, 	31.7, 25.516668, 34.4, 25.782291, 0.0, 28.9, 25.3, 0.44, 0.215, 0.0, 351.9625
9ys, 20160812, 	32.0, 27.349651, 33.5, 27.964577, 0.0, 28.2, 26.1, 0.244, 0.237, 0.0, 284.0779
9wx, 20160813, 	31.7, -11.66682, 46.1, 26.140804, 0.0, 28.9, 22.2, 0.224, 0.171, 0.0, 507.56458
9yb, 20160813, 	32.4, 22.609028, 48.2, 25.677431, 0.0, 27.1, 22.3, 0.25, 0.224, 0.0, 473.34503
9yg, 20160813, 	31.1, 23.337156, 36.0, 23.872223, 0.0, 26.8, 23.2, 0.388, 0.331, 0.0, 488.49704
9ys, 20160813, 	29.0, 24.692024, 30.7, 25.621527, 0.0, 27.3, 24.7, 0.241, 0.224, 0.0, 535.6049
9wx, 20160814, 	29.7, 22.016668, 41.5, 23.240976, 0.0, 28.2, 21.8, 0.206, 0.161, 0.0, 318.02127
9yb, 20160814, 	32.2, 22.465275, 43.6, 25.018064, 0.0, 26.7, 22.4, 0.228, 0.21, 0.0, 399.1437
9yg, 20160814, 	30.1, 23.847563, 36.1, 24.076738, 0.0, 26.7, 23.4, 0.366, 0.318, 0.0, 444.1607
9ys, 20160814, 	28.8, 22.462152, 31.3, 23.461111, 0.0, 26.5, 23.3, 0.228, 0.211, 0.0, 449.85184
9wx, 20160815, 	33.3, 23.052786, 49.5, 26.169611, 0.0, 27.6, 20.8, 0.19, 0.153, 0.0, 539.59393
9yb, 20160815, 	35.1, 23.936802, 45.5, 25.456251, 0.0, 26.1, 21.4, 0.212, 0.196, 0.0, 497.35504
9yg, 20160815, 	28.7, 22.38299, 35.2, 22.277777, 0.0, 26.5, 23.2, 0.335, 0.298, 0.0, 303.19278
9ys, 20160815, 	25.1, 20.79062, 25.6, 21.617716, 0.0, 25.9, 23.1, 0.215, 0.208, 0.0, 185.77988
9wx, 20160816, 	35.1, 24.994106, 51.9, 28.164232, 0.0, 28.2, 21.5, 0.182, 0.146, 0.0, 511.96048
9yb, 20160816, 	34.8, 25.250706, 49.8, 28.574667, 0.0, 27.2, 22.1, 0.2, 0.186, 0.0, 458.35715
9yg, 20160816, 	32.3, 24.815975, 39.6, 25.453127, 0.0, 27.2, 23.1, 0.312, 0.274, 0.0, 488.71686
9ys, 20160816, 	29.4, 21.334366, 31.8, 22.680214, 0.0, 25.3, 21.9, 0.213, 0.201, 0.0, 474.23602
9wx, 20160817, 	35.6, 26.134901, 52.0, 29.280382, 0.0, 29.0, 21.9, 0.173, 0.139, 0.0, 512.58234
9yb, 20160817, 	37.8, 25.792364, 51.2, 27.822575, 0.0, 27.1, 22.3, 0.19, 0.178, 0.0, 449.30356
9yg, 20160817, 	33.6, 26.868746, 38.9, 27.255907, 0.0, 27.5, 23.7, 0.292, 0.251, 0.0, 487.60843
9ys, 20160817, 	30.0, 23.115282, 31.8, 23.90833, 0.0, 25.3, 22.1, 0.204, 0.195, 0.0, 443.5625
9wx, 20160818, 	34.1, 24.717354, 51.5, 28.596365, 0.0, 29.1, 22.1, 0.168, 0.131, 0.0, 511.49545
9yb, 20160818, 	36.1, 26.560074, 47.8, 27.924305, 0.0, 27.3, 22.2, 0.183, 0.172, 0.0, 488.8012
9yg, 20160818, 	32.8, 27.127773, 41.3, 28.092018, 0.0, 27.9, 24.2, 0.272, 0.239, 0.0, 486.98788
9ys, 20160818, 	30.6, 23.785416, 33.1, 24.502083, 0.0, 25.2, 22.3, 0.198, 0.19, 0.0, 403.10062
9wx, 20160819, 	33.3, 25.254866, 49.7, 28.776571, 0.0, 29.4, 23.3, 0.164, 0.126, 0.0, 442.30676
9yb, 20160819, 	33.0, 22.65834, 40.5, 24.334026, 0.0, 27.2, 23.5, 0.178, 0.17, 0.0, 243.63252
9yg, 20160819, 	32.1, 25.463198, 42.2, 26.223604, 0.0, 27.9, 24.0, 0.471, 0.226, 0.0, 423.44897
9ys, 20160819, 	31.6, 25.260761, 33.0, 26.273952, 0.0, 25.9, 23.6, 0.193, 0.186, 0.0, 422.5849
9wx, 20160820, 	28.7, 20.083855, 42.2, 24.073273, 0.0, 28.7, 22.0, 0.162, 0.12, 0.0, 466.2742
9yb, 20160820, 	25.1, 18.564583, 44.8, 24.353815, 0.0, 26.2, 21.4, 0.176, 0.165, 0.0, 503.6788
9yg, 20160820, 	24.2, 20.163198, 30.4, 21.323965, 0.0, 24.4, 22.9, 0.477, 0.368, 0.0, 483.15585
9ys, 20160820, 	28.4, 22.459711, 29.2, 23.667013, 0.0, 25.7, 23.3, 0.26, 0.185, 0.0, 352.97403
9wx, 20160821, 	29.3, 21.103462, 43.8, 24.304329, 0.0, 26.8, 21.4, 0.159, 0.119, 0.0, 453.18768
9yb, 20160821, 	32.6, 19.714584, 44.2, 21.32222, 0.0, 26.0, 20.2, 0.174, 0.161, 0.0, 441.625
9yg, 20160821, 	27.5, 18.786806, 35.8, 20.162846, 0.0, 24.4, 20.7, 0.385, 0.343, 0.0, 509.98193
9ys, 20160821, 	26.5, 19.521875, 30.1, 20.27708, 0.0, 24.4, 20.6, 0.252, 0.23, 0.0, 513.31445
9wx, 20160822, 	31.7, 23.022753, 45.2, 25.541656, 0.0, 26.2, 21.2, 0.157, 0.119, 0.0, 440.8954
9yb, 20160822, 	33.6, 24.883682, 43.6, 26.462502, 0.0, 26.0, 22.1, 0.171, 0.163, 0.0, 407.2455
9yg, 20160822, 	28.5, 22.354168, 37.1, 22.621521, 0.0, 24.8, 21.5, 0.361, 0.309, 0.0, 474.90964
9ys, 20160822, 	28.7, 19.70451, 31.2, 20.486465, 0.0, 23.5, 19.8, 0.232, 0.213, 0.0, 506.7405
9wx, 20160823, 	36.9, 27.067371, 50.8, 30.01614, 0.0, 27.9, 22.1, 0.157, 0.119, 0.0, 510.9784
9yb, 20160823, 	36.4, 27.263891, 53.1, 31.390968, 0.0, 28.3, 23.0, 0.173, 0.162, 0.0, 466.20123
9yg, 20160823, 	31.3, 25.099312, 37.2, 25.290977, 0.0, 25.8, 22.5, 0.327, 0.293, 0.0, 391.0
9ys, 20160823, 	29.7, 23.190632, 31.4, 23.87014, 0.0, 23.6, 21.4, 0.216, 0.207, 0.0, 246.30719
9wx, 20160824, 	34.9, 24.639256, 46.9, 25.957644, 0.0, 27.9, 23.0, 0.158, 0.117, 0.0, 282.43533
9yb, 20160824, 	34.4, 23.321873, 38.6, 24.818405, 0.0, 28.1, 23.1, 0.172, 0.159, 0.0, 283.79013
9yg, 20160824, 	29.2, 24.931587, 39.5, 24.727083, 0.0, 25.7, 23.5, 0.315, 0.279, 0.0, 196.98766
9ys, 20160824, 	33.8, 27.543404, 36.0, 28.281252, 0.0, 25.7, 22.8, 0.211, 0.197, 0.0, 479.66232
9wx, 20160825, 	22.1, 18.523083, 32.7, 20.431416, 0.0, 25.8, 21.2, 0.289, 0.133, 0.0, 253.0
9yb, 20160825, 	23.9, 18.003824, 37.1, 20.355898, 0.0, 25.4, 20.8, 0.31, 0.159, 0.0, 254.15
9yg, 20160825, 	25.5, 21.463188, 32.5, 22.43264, 0.0, 25.0, 21.8, 0.461, 0.284, 0.0, 355.5329
9ys, 20160825, 	32.4, 25.943407, 35.1, 26.456947, 0.0, 25.8, 22.8, 0.199, 0.185, 0.0, 450.4091
9wx, 20160826, 	29.6, 20.415981, 38.2, 22.99861, 0.0, 25.5, 21.0, 0.246, 0.223, 0.0, 386.66135
9yb, 20160826, 	27.5, 19.600002, 42.7, 22.913546, 0.0, 24.7, 21.2, 0.309, 0.29, 0.0, 346.225
9yg, 20160826, 	27.4, 21.198265, 35.9, 21.852081, 0.0, 24.0, 21.6, 0.56, 0.374, 0.0, 272.9557
9ys, 20160826, 	28.8, 24.015972, 31.5, 24.9559, 0.0, 25.6, 23.1, 0.19, 0.182, 0.0, 342.82782
9wx, 20160827, 	32.5, 22.155388, 41.0, 23.556429, 0.0, 26.0, 20.8, 0.23, 0.213, 0.0, 407.0621
9yb, 20160827, 	32.8, 20.746517, 44.2, 24.081947, 0.0, 25.7, 20.6, 0.292, 0.263, 0.0, 457.9753
9yg, 20160827, 	29.8, 23.161108, 38.5, 24.422556, 0.0, 24.9, 22.2, 0.532, 0.441, 0.0, 419.09375
9ys, 20160827, 	32.0, 24.073273, 37.0, 25.17674, 0.0, 25.6, 22.2, 0.185, 0.176, 0.0, 490.1842
9wx, 20160828, 	30.0, 21.622215, 38.8, 23.714218, 0.0, 26.1, 20.2, 0.405, 0.208, 0.0, 475.18927
9yb, 20160828, 	31.8, 23.33715, 45.8, 25.137505, 0.0, 25.5, 22.0, 0.264, 0.242, 0.0, 317.38126
9yg, 20160828, 	32.0, 26.295486, 41.7, 27.455208, 0.0, 26.3, 23.2, 0.486, 0.415, 0.0, 447.54037
9ys, 20160828, 	32.6, 25.156597, 35.1, 26.032997, 0.0, 25.6, 22.6, 0.18, 0.172, 0.0, 434.71243
9wx, 20160829, 	24.6, 19.222569, 25.7, 19.74982, 0.0, 25.3, 21.3, 0.351, 0.271, 0.0, 138.80952
9yb, 20160829, 	30.1, 20.631594, 32.1, 20.941334, 0.0, 25.1, 21.8, 0.244, 0.232, 0.0, 142.2236
9yg, 20160829, 	31.8, 25.364578, 41.8, 26.679173, 0.0, 26.4, 23.6, 0.445, 0.394, 0.0, 406.89374
9ys, 20160829, 	33.1, 25.095146, 36.5, 26.131248, 0.0, 25.7, 22.8, 0.175, 0.167, 0.0, 454.41446
9wx, 20160830, 	22.9, 19.869097, 28.3, 20.678642, 0.0, 23.4, 21.1, 0.336, 0.266, 0.0, 168.56549
9yb, 20160830, 	25.2, 20.86528, 28.6, 22.199308, 0.0, 24.0, 21.9, 0.237, 0.229, 0.0, 162.66037
9yg, 20160830, 	29.3, 23.009026, 38.3, 23.611462, 0.0, 26.2, 23.5, 0.447, 0.398, 0.0, 272.6329
9ys, 20160830, 	32.7, 24.577433, 36.1, 25.52606, 0.0, 25.6, 22.9, 0.196, 0.165, 0.0, 381.57144
9wx, 20160831, 	25.8, 20.074297, 34.9, 21.314566, 0.0, 24.4, 20.9, 0.331, 0.259, 0.0, 243.47078
9yb, 20160831, 	27.7, 20.487154, 44.0, 23.227777, 0.0, 25.2, 21.5, 0.234, 0.222, 0.0, 289.1375
9yg, 20160831, 	26.1, 22.733692, 33.9, 23.057985, 0.0, 25.1, 23.7, 0.475, 0.4, 0.0, 203.35065
9ys, 20160831, 	29.0, 23.228474, 33.5, 24.32779, 0.0, 25.4, 23.4, 0.235, 0.188, 0.0, 251.05333
9wx, 20170801, 	29.7, 22.605719, 44.1, 25.097225, 0.0, 28.2, 23.3, 0.246, 0.2, 0.0, 346.23895
9yb, 20170801, 	31.8, 23.53437, 49.8, 27.83993, 0.0, 26.9, 23.3, 0.184, 0.174, 0.0, 444.66272
9yg, 20170801, 	29.9, -13.477085, 39.9, 23.77604, 0.0, 26.7, 20.7, 0.157, 0.143, 0.0, 283.55902
9ys, 20170801, 	28.2, 22.955555, 35.3, 24.92048, 0.0, 24.5, 22.7, 0.165, 0.16, 0.0, 451.52258
9wx, 20170802, 	30.0, 22.708855, 46.7, 26.202932, 0.0, 28.6, 22.1, 0.24, 0.183, 0.0, 501.32938
9yb, 20170802, 	31.9, 23.4875, 50.2, 27.375698, 0.0, 26.7, 22.1, 0.183, 0.173, 0.0, 502.29517
9yg, 20170802, 	32.4, 23.475004, 45.8, 25.24097, 0.0, 26.6, 21.5, 0.19, 0.134, 0.0, 285.05554
9ys, 20170802, 	30.3, 23.992699, 37.4, 25.244444, 0.0, 24.7, 22.4, 0.165, 0.158, 0.0, 442.03638
9wx, 20170803, 	29.0, 22.506422, 43.3, 24.614243, 0.0, 27.9, 22.2, 0.225, 0.164, 0.0, 413.09525
9yb, 20170803, 	29.5, 20.534376, 40.4, 23.176731, 0.0, 26.4, 22.3, 0.182, 0.172, 0.0, 340.73007
9yg, 20170803, 	30.0, 23.08472, 35.2, 24.426035, 0.0, 26.2, 21.8, 0.283, 0.167, 0.0, 282.63196
9ys, 20170803, 	31.4, 23.019793, 37.7, 23.580559, 0.0, 24.7, 21.8, 0.162, 0.154, 0.0, 392.21118
9wx, 20170804, 	31.1, 21.854004, 44.8, 25.412327, 0.0, 27.6, 21.8, 0.209, 0.147, 0.0, 506.73135
9yb, 20170804, 	28.6, 20.302423, 46.2, 24.37709, 0.0, 24.9, 21.2, 0.179, 0.171, 0.0, 440.2378
9yg, 20170804, 	25.2, 19.470137, 36.1, 22.170492, 0.0, 25.2, 20.0, 0.245, 0.212, 0.0, 333.1389
9ys, 20170804, 	25.2, 20.738895, 33.2, 22.698275, 0.0, 23.8, 21.4, 0.158, 0.151, 0.0, 534.9518
9wx, 20170805, 	36.9, 27.541492, 55.3, 29.797218, 0.0, 28.0, 23.0, 0.195, 0.133, 0.0, 470.7741
9yb, 20170805, 	31.4, 23.790966, 48.9, 27.990973, 0.0, 26.5, 22.0, 0.181, 0.171, 0.0, 494.09814
9yg, 20170805, 	26.6, 19.75833, 32.3, 20.05521, 0.0, 23.8, 18.5, 0.334, 0.206, 0.0, 185.77083
9ys, 20170805, 	26.0, 17.576393, 28.7, 17.767357, 0.0, 22.8, 17.9, 0.446, 0.148, 0.0, 344.58
9wx, 20170806, 	34.7, 23.377096, 41.7, 25.47569, 0.0, 27.7, 23.4, 0.175, 0.122, 0.0, 285.48624
9yb, 20170806, 	28.8, 22.256601, 50.8, 26.723263, 0.0, 26.4, 23.0, 0.181, 0.172, 0.0, 371.4304
9yg, 20170806, 	22.8, 19.73507, 25.6, 20.3507, 0.0, 22.7, 20.6, 0.581, 0.265, 0.0, 84.513885
9ys, 20170806, 	24.5, 20.718407, 28.6, 21.782286, 0.0, 21.2, 19.8, 0.454, 0.407, 0.0, 243.34395
9wx, 20170807, 	27.1, 20.273273, 30.8, 20.922384, 0.0, 27.1, 22.0, 0.202, 0.114, 0.0, 136.23404
9yb, 20170807, 	26.2, 20.24826, 36.4, 22.619095, 0.0, 26.2, 21.4, 0.397, 0.173, 0.0, 328.66666
9yg, 20170807, 	25.5, 20.021175, 29.3, 20.914936, 0.0, 23.3, 20.1, 0.303, 0.275, 0.0, 185.54167
9ys, 20170807, 	27.1, 21.763893, 32.3, 22.727772, 0.0, 22.1, 20.7, 0.444, 0.392, 0.0, 302.2857
9wx, 20170808, 	26.1, 19.341484, 38.5, 21.827263, 0.0, 24.7, 20.3, 0.206, 0.147, 0.0, 360.94528
9yb, 20170808, 	23.3, 19.015972, 28.4, 20.078474, 0.0, 23.7, 21.2, 0.354, 0.33, 0.0, 197.61006
9yg, 20170808, 	26.9, 20.5521, 38.7, 21.881947, 0.0, 23.9, 20.3, 0.284, 0.258, 0.0, 243.84375
9ys, 20170808, 	27.1, 21.252434, 35.5, 22.83854, 0.0, 22.5, 20.7, 0.392, 0.369, 0.0, 499.94446
9wx, 20170809, 	30.9, 22.653477, 42.4, 24.830742, 0.0, 26.3, 21.5, 0.212, 0.15, 0.0, 391.5552
9yb, 20170809, 	30.3, 21.961449, 46.4, 26.25555, 0.0, 25.5, 20.7, 0.333, 0.303, 0.0, 527.0455
9yg, 20170809, 	27.1, 21.741325, 36.3, 22.124998, 0.0, 23.7, 20.9, 0.286, 0.253, 0.0, 194.95139
9ys, 20170809, 	28.9, 21.715977, 35.1, 22.885765, 0.0, 22.7, 20.6, 0.372, 0.355, 0.0, 442.05554
9wx, 20170810, 	31.1, 23.353987, 43.6, 25.379505, 0.0, 26.2, 22.2, 0.202, 0.158, 0.0, 335.24545
9yb, 20170810, 	29.4, 20.72013, 48.2, 23.505901, 0.0, 25.4, 21.4, 0.331, 0.288, 0.0, 398.4601
9yg, 20170810, 	28.3, 21.982641, 36.2, 23.609379, 0.0, 25.0, 21.0, 0.281, 0.257, 0.0, 230.42708
9ys, 20170810, 	30.5, 24.386467, 37.7, 25.25382, 0.0, 23.5, 21.4, 0.359, 0.344, 0.0, 450.90506
9wx, 20170811, 	29.5, 21.45365, 39.6, 23.80311, 0.0, 26.0, 22.1, 0.186, 0.158, 0.0, 287.48276
9yb, 20170811, 	26.0, 20.237154, 41.8, 23.667366, 0.0, 24.9, 21.6, 0.388, 0.325, 0.0, 421.44937
9yg, 20170811, 	27.8, 22.532635, 35.6, 24.304861, 0.0, 24.9, 21.5, 0.392, 0.253, 0.0, 308.9618
9ys, 20170811, 	27.8, 23.57638, 32.5, 24.307636, 0.0, 23.6, 22.2, 0.461, 0.345, 0.0, 379.59125
9wx, 20170812, 	24.9, 20.727104, 27.3, 21.65936, 0.0, 24.9, 22.1, 0.237, 0.16, 0.0, 158.56604
9yb, 20170812, 	27.5, 22.15487, 38.8, 23.963202, 0.0, 24.8, 22.1, 0.356, 0.337, 0.0, 379.69183
9yg, 20170812, 	28.0, -14.017361, 36.5, 22.118752, 0.0, 24.9, 20.6, 0.321, 0.278, 0.0, 266.8854
9ys, 20170812, 	25.5, 21.144085, 31.3, 21.969448, 0.0, 23.6, 21.5, 0.461, 0.455, 0.0, 265.68555
9wx, 20170813, 	29.4, 22.509207, 42.6, 24.237852, 0.0, 25.2, 21.6, 0.235, 0.18, 0.0, 326.53354
9yb, 20170813, 	30.7, 22.076733, 43.7, 25.262146, 0.0, 26.0, 21.5, 0.346, 0.324, 0.0, 525.76874
9yg, 20170813, 	28.5, 21.524302, 38.2, 22.960411, 0.0, 25.0, 20.8, 0.296, 0.273, 0.0, 245.07639
9ys, 20170813, 	24.7, 21.028816, 29.0, 22.245136, 0.0, 22.5, 21.3, 0.455, 0.431, 0.0, 264.24683
9wx, 20170814, 	31.3, 21.939413, 43.4, 24.645302, 0.0, 26.1, 20.9, 0.216, 0.193, 0.0, 480.49533
9yb, 20170814, 	32.5, 23.580898, 45.3, 25.98334, 0.0, 26.1, 21.8, 0.328, 0.3, 0.0, 538.01263
9yg, 20170814, 	31.8, 24.627426, 40.3, 26.216667, 0.0, 26.3, 22.4, 0.287, 0.259, 0.0, 236.90625
9ys, 20170814, 	29.3, 22.616322, 37.4, 25.44167, 0.0, 23.5, 21.6, 0.433, 0.399, 0.0, 429.77847
9wx, 20170815, 	32.2, 24.257298, 44.9, 27.01842, 0.0, 26.5, 21.5, 0.204, 0.165, 0.0, 504.7383
9yb, 20170815, 	32.4, 24.997913, 44.3, 26.948265, 0.0, 25.9, 22.7, 0.304, 0.275, 0.0, 479.32278
9yg, 20170815, 	30.9, 26.208338, 40.4, 27.792017, 0.0, 27.1, 23.2, 0.272, 0.248, 0.0, 275.88196
9ys, 20170815, 	30.3, 23.362843, 38.4, 24.913542, 0.0, 23.6, 21.4, 0.4, 0.38, 0.0, 399.8981
9wx, 20170816, 	30.9, 23.647749, 42.2, 26.135246, 0.0, 26.5, 21.7, 0.192, 0.142, 0.0, 526.73834
9yb, 20170816, 	29.4, 22.502779, 42.8, 25.331245, 0.0, 25.7, 22.4, 0.278, 0.256, 0.0, 443.07547
9yg, 20170816, 	29.1, 24.340973, 32.3, 24.911469, 0.0, 26.6, 23.1, 0.326, 0.243, 0.0, 239.55556
9ys, 20170816, 	29.8, 25.087503, 32.6, 25.501389, 0.0, 23.9, 22.7, 0.413, 0.376, 0.0, 330.7171
9wx, 20170817, 	32.3, -81.2898, 46.9, 25.762674, 0.0, 26.4, 21.2, 0.18, 0.127, 0.0, 500.29755
9yb, 20170817, 	32.1, 21.101738, 46.6, 23.89549, 0.0, 25.5, 20.9, 0.257, 0.232, 0.0, 481.18634
9yg, 20170817, 	29.2, 22.780554, 34.5, 23.745834, 0.0, 25.3, 22.4, 0.312, 0.265, 0.0, 311.20486
9ys, 20170817, 	28.4, 22.778471, 34.5, 24.310066, 0.0, 23.9, 22.1, 0.462, 0.39, 0.0, 489.2416
9wx, 20170818, 	32.1, 22.57759, 41.4, 24.854673, 0.0, 26.4, 18.2, 0.557, 0.124, 0.0, 510.02493
9yb, 20170818, 	31.6, 23.182287, 44.9, 25.524649, 0.0, 25.7, 21.3, 0.233, 0.217, 0.0, 543.6688
9yg, 20170818, 	31.4, 24.491308, 38.6, 25.790615, 0.0, 25.9, 22.3, 0.279, 0.249, 0.0, 284.36804
9ys, 20170818, 	31.0, 22.166319, 35.1, 21.692022, 0.0, 23.7, 20.8, 0.461, 0.451, 0.0, 313.275
9wx, 20170819, 	34.0, 25.398956, 41.6, 26.562857, 0.0, 25.6, 21.8, 0.36, 0.204, 0.0, 488.16
9yb, 20170819, 	37.2, 24.837845, 46.7, 26.098602, 0.0, 25.6, 21.0, 0.219, 0.202, 0.0, 507.40253
9yg, 20170819, 	33.4, 24.659033, 39.9, 25.93889, 0.0, 26.8, 22.1, 0.266, 0.235, 0.0, 295.04514
9ys, 20170819, 	34.1, 24.982994, 38.4, 25.33715, 0.0, 24.1, 21.4, 0.452, 0.413, 0.0, 441.3291
9wx, 20170820, 	33.5, 26.263878, 41.2, 27.304, 0.0, 25.6, 22.5, 0.323, 0.177, 0.0, 466.68826
9yb, 20170820, 	36.5, 26.417015, 49.8, 27.78299, 0.0, 25.7, 21.5, 0.205, 0.192, 0.0, 481.80624
9yg, 20170820, 	34.5, 27.90555, 41.2, 28.644447, 0.0, 27.5, 23.6, 0.253, 0.231, 0.0, 274.9271
9ys, 20170820, 	34.1, 27.36077, 36.3, 27.206596, 0.0, 24.8, 22.9, 0.427, 0.396, 0.0, 457.59872
9wx, 20170821, 	32.2, 24.28958, 40.2, 25.410769, 0.0, 25.5, 22.5, 0.3, 0.158, 0.0, 362.5514
9yb, 20170821, 	33.3, 26.237158, 44.1, 27.253809, 0.0, 25.7, 22.6, 0.194, 0.186, 0.0, 330.28387
9yg, 20170821, 	32.9, 27.48784, 39.2, 27.385761, 0.0, 27.1, 24.6, 0.248, 0.222, 0.0, 144.49306
9ys, 20170821, 	32.2, 26.084723, 35.4, 26.128822, 0.0, 24.7, 23.0, 0.399, 0.378, 0.0, 412.50317
9wx, 20170822, 	28.2, 22.035927, 35.2, 22.776232, 0.0, 24.8, 22.1, 0.289, 0.147, 0.0, 206.62187
9yb, 20170822, 	32.3, 22.942005, 46.3, 26.398958, 0.0, 25.1, 22.1, 0.189, 0.181, 0.0, 409.29745
9yg, 20170822, 	28.3, 23.462488, 32.9, 24.605558, 0.0, 26.5, 23.4, 0.265, 0.226, 0.0, 286.80902
9ys, 20170822, 	30.0, 25.055197, 33.3, 25.615967, 0.0, 24.7, 22.6, 0.46, 0.369, 0.0, 369.82483
9wx, 20170823, 	27.7, 21.645468, 40.1, 24.069798, 0.0, 25.0, 21.6, 0.278, 0.136, 0.0, 373.34937
9yb, 20170823, 	30.5, 20.393059, 44.2, 23.238201, 0.0, 25.0, 20.3, 0.185, 0.175, 0.0, 498.81647
9yg, 20170823, 	27.1, 18.377083, 33.8, 19.695137, 0.0, 24.2, 19.9, 0.253, 0.23, 0.0, 296.97916
9ys, 20170823, 	25.9, 20.543753, 31.5, 21.820477, 0.0, 23.9, 21.7, 0.461, 0.455, 0.0, 532.1076
9wx, 20170824, 	28.0, 22.345837, 39.0, 23.877274, 0.0, 24.7, 21.9, 0.27, 0.128, 0.0, 306.72586
9yb, 20170824, 	31.2, 22.979164, 40.3, 24.106941, 0.0, 24.9, 21.4, 0.183, 0.174, 0.0, 289.1519
9yg, 20170824, 	27.0, 20.328125, 35.2, 20.646523, 0.0, 23.9, 19.9, 0.242, 0.222, 0.0, 235.40973
9ys, 20170824, 	27.7, 19.24514, 34.4, 20.199648, 0.0, 22.8, 20.4, 0.457, 0.418, 0.0, 494.72784
9wx, 20170825, 	28.9, 22.786638, 42.3, 25.117517, 0.0, 25.2, 21.8, 0.262, 0.122, 0.0, 396.10062
9yb, 20170825, 	32.3, 24.183332, 46.3, 26.905909, 0.0, 25.7, 21.5, 0.182, 0.173, 0.0, 513.9618
9yg, 20170825, 	27.9, 22.873259, 36.4, 24.256601, 0.0, 25.0, 21.2, 0.229, 0.209, 0.0, 270.28125
9ys, 20170825, 	27.2, 20.593407, 33.2, 21.271172, 0.0, 22.3, 20.6, 0.419, 0.389, 0.0, 414.94193
9wx, 20170826, 	30.9, 22.854172, 43.9, 25.693754, 0.0, 25.6, 21.6, 0.25, 0.117, 0.0, 435.65616
9yb, 20170826, 	33.1, 24.098959, 50.3, 27.762148, 0.0, 26.6, 22.3, 0.182, 0.172, 0.0, 460.76624
9yg, 20170826, 	30.5, 22.691668, 39.1, 23.845829, 0.0, 25.4, 21.1, 0.216, 0.199, 0.0, 233.12848
9ys, 20170826, 	28.5, 22.189936, 35.5, 23.328125, 0.0, 22.7, 21.2, 0.393, 0.373, 0.0, 433.80264
9wx, 20170827, 	32.1, 23.988731, 44.6, 26.662514, 0.0, 26.4, 21.7, 0.238, 0.112, 0.0, 473.85535
9yb, 20170827, 	31.2, 24.054512, 49.1, 27.727083, 0.0, 26.5, 22.1, 0.181, 0.17, 0.0, 519.07385
9yg, 20170827, 	28.6, 23.48368, 33.3, 24.01599, 0.0, 25.2, 21.9, 0.237, 0.195, 0.0, 214.65973
9ys, 20170827, 	28.3, 21.782988, 33.7, 22.304853, 0.0, 22.7, 20.9, 0.382, 0.366, 0.0, 371.5909
9wx, 20170828, 	29.0, 22.00417, 43.3, 25.160759, 0.0, 26.2, 21.8, 0.222, 0.108, 0.0, 506.4704
9yb, 20170828, 	30.9, 21.981947, 49.4, 26.159376, 0.0, 26.2, 21.4, 0.18, 0.167, 0.0, 526.1731
9yg, 20170828, 	27.3, 20.90277, 35.2, 22.460417, 0.0, 24.6, 20.7, 0.238, 0.215, 0.0, 292.11804
9ys, 20170828, 	28.0, 20.978128, 34.2, 22.223272, 0.0, 22.6, 20.8, 0.378, 0.366, 0.0, 502.987
9wx, 20170829, 	30.5, -49.43697, 45.2, 23.098434, 0.0, 25.6, 20.0, 0.209, 0.1, 0.0, 509.8127
9yb, 20170829, 	32.4, 21.660078, 49.4, 24.72466, 0.0, 25.8, 20.8, 0.176, 0.164, 0.0, 500.45456
9yg, 20170829, 	26.6, -16.063885, 34.7, 20.310411, 0.0, 23.6, 19.4, 0.234, 0.217, 0.0, 281.43402
9ys, 20170829, 	25.5, 19.481607, 34.2, 20.259382, 0.0, 22.6, 20.2, 0.369, 0.359, 0.0, 464.9613
9wx, 20170830, 	30.3, 21.307985, 44.3, 23.556944, 0.0, 25.4, 20.2, 0.197, 0.096, 0.0, 481.30475
9yb, 20170830, 	31.9, 22.190266, 48.8, 25.251045, 0.0, 25.6, 20.8, 0.175, 0.163, 0.0, 487.0974
9yg, 20170830, 	28.0, -15.513194, 35.0, 20.539585, 0.0, 23.7, 19.1, 0.224, 0.209, 0.0, 280.34723
9ys, 20170830, 	27.5, 19.933678, 32.9, 20.406946, 0.0, 21.9, 20.0, 0.362, 0.352, 0.0, 436.05844
9wx, 20170831, 	29.8, -14.142528, 44.0, 22.711647, 0.0, 25.2, 19.6, 0.187, 0.092, 0.0, 489.63898
9yb, 20170831, 	30.9, 21.167719, 48.4, 24.237152, 0.0, 25.4, 20.6, 0.173, 0.161, 0.0, 495.94736
9yg, 20170831, 	28.0, 20.310415, 35.3, 21.289928, 0.0, 23.7, 19.4, 0.222, 0.201, 0.0, 268.2639
9ys, 20170831, 	27.0, 20.604517, 32.8, 20.90035, 0.0, 21.9, 20.2, 0.356, 0.331, 0.0, 467.73856
9wx, 20180801, 	34.0, 22.645311, 53.1, 26.251747, 0.0, 1.4E-45, 0.0, 1.4E-45, 0.0, 0.0, 519.5106
9yb, 20180801, 	30.9, 21.72465, 48.0, 25.533335, 0.0, 1.4E-45, 0.0, 1.4E-45, 0.0, 0.0, 534.1138
9yg, 20180801, 	30.4, 22.293056, 46.5, 26.004171, 0.0, 1.4E-45, 0.0, 1.4E-45, 0.0, 0.0, 548.0
9ys, 20180801, 	31.8, 22.18333, 37.2, 21.581602, 0.0, 1.4E-45, 0.0, 1.4E-45, 0.0, 0.0, 511.59885
9wx, 20180802, 	32.9, 24.488186, 52.8, 29.1007, 0.0, 1.4E-45, 0.0, 1.4E-45, 0.0, 0.0, 537.1059
9yb, 20180802, 	33.3, 24.768745, 50.1, 28.674997, 0.0, 1.4E-45, 0.0, 1.4E-45, 0.0, 0.0, 545.3804
9yg, 20180802, 	33.9, 25.552774, 47.8, 28.639595, 0.0, 1.4E-45, 0.0, 1.4E-45, 0.0, 0.0, 535.103
9ys, 20180802, 	32.8, 23.798609, 38.1, 22.878471, 0.0, 1.4E-45, 0.0, 1.4E-45, 0.0, 0.0, 501.6686
9wx, 20180803, 	36.7, 27.103128, 52.5, 29.798445, 0.0, 1.4E-45, 0.0, 1.4E-45, 0.0, 0.0, 509.31595
9yb, 20180803, 	34.0, 25.667015, 47.9, 28.059034, 0.0, 1.4E-45, 0.0, 1.4E-45, 0.0, 0.0, 490.61584
9yg, 20180803, 	35.7, 27.613548, 47.0, 29.629509, 0.0, 1.4E-45, 0.0, 1.4E-45, 0.0, 0.0, 541.6667
9ys, 20180803, 	34.2, 24.588196, 38.6, 23.382978, 0.0, 1.4E-45, 0.0, 1.4E-45, 0.0, 0.0, 506.7035
9wx, 20180804, 	36.0, 26.553474, 51.0, 29.96544, 0.0, 1.4E-45, 0.0, 1.4E-45, 0.0, 0.0, 548.6318
9yb, 20180804, 	34.4, 24.882988, 47.3, 27.822914, 0.0, 1.4E-45, 0.0, 1.4E-45, 0.0, 0.0, 583.24304
9yg, 20180804, 	33.5, 27.289236, 40.7, 27.236462, 0.0, 1.4E-45, 0.0, 1.4E-45, 0.0, 0.0, 357.7875
9ys, 20180804, 	34.3, 25.838892, 38.5, 24.410767, 0.0, 1.4E-45, 0.0, 1.4E-45, 0.0, 0.0, 497.06976
9wx, 20180805, 	37.0, 27.758673, 52.2, 29.607992, 0.0, 1.4E-45, 0.0, 1.4E-45, 0.0, 0.0, 505.9595
9yb, 20180805, 	33.6, 25.910769, 50.0, 27.323257, 0.0, 1.4E-45, 0.0, 1.4E-45, 0.0, 0.0, 386.42236
9yg, 20180805, 	37.4, 29.886116, 49.0, 31.482296, 0.0, 1.4E-45, 0.0, 1.4E-45, 0.0, 0.0, 482.97562
9ys, 20180805, 	35.9, 27.369432, 40.6, 26.358337, 0.0, 1.4E-45, 0.0, 1.4E-45, 0.0, 0.0, 480.25595
9wx, 20180806, 	35.4, 27.652945, 53.7, 30.419437, 0.0, 1.4E-45, 0.0, 1.4E-45, 0.0, 0.0, 443.33334
9yb, 20180806, 	30.1, 24.240969, 42.8, 26.261812, 0.0, 1.4E-45, 0.0, 1.4E-45, 0.0, 0.0, 411.48026
9yg, 20180806, 	36.3, 29.66701, 51.3, 32.183693, 0.0, 1.4E-45, 0.0, 1.4E-45, 0.0, 0.0, 381.1358
9ys, 20180806, 	36.5, 28.365973, 41.4, 27.219799, 0.0, 1.4E-45, 0.0, 1.4E-45, 0.0, 0.0, 450.7976
9wx, 20180807, 	33.5, 24.654167, 43.4, 27.483334, 0.0, 1.4E-45, 0.0, 1.4E-45, 0.0, 0.0, 500.27936
9yb, 20180807, 	29.4, 24.00521, 46.8, 28.524305, 0.0, 1.4E-45, 0.0, 1.4E-45, 0.0, 0.0, 505.9125
9yg, 20180807, 	33.4, 25.582634, 44.7, 28.630907, 0.0, 1.4E-45, 0.0, 1.4E-45, 0.0, 0.0, 470.0382
9ys, 20180807, 	33.1, 24.591656, 33.9, 23.057291, 0.0, 1.4E-45, 0.0, 1.4E-45, 0.0, 0.0, 258.64285
9wx, 20180808, 	30.6, 23.664238, 43.3, 26.09114, 0.0, 1.4E-45, 0.0, 1.4E-45, 0.0, 0.0, 414.7152
9yb, 20180808, 	30.9, 23.868752, 51.3, 27.421885, 0.0, 1.4E-45, 0.0, 1.4E-45, 0.0, 0.0, 445.1019
9yg, 20180808, 	34.0, 24.803474, 50.5, 28.319786, 0.0, 1.4E-45, 0.0, 1.4E-45, 0.0, 0.0, 463.2622
9ys, 20180808, 	31.9, -79.94686, 37.9, 24.27604, 0.0, 1.4E-45, 0.0, 1.4E-45, 0.0, 0.0, 376.47675
9wx, 20180809, 	32.0, 23.768227, 46.1, 26.992174, 0.0, 1.4E-45, 0.0, 1.4E-45, 0.0, 0.0, 520.0217
9yb, 20180809, 	33.3, 23.85, 51.2, 26.580553, 0.0, 1.4E-45, 0.0, 1.4E-45, 0.0, 0.0, 485.72394
9yg, 20180809, 	35.1, 25.48576, 54.2, 28.254171, 0.0, 1.4E-45, 0.0, 1.4E-45, 0.0, 0.0, 404.23926
9ys, 20180809, 	33.4, 24.743761, 40.5, 24.429512, 0.0, 1.4E-45, 0.0, 1.4E-45, 0.0, 0.0, 369.1302
9wx, 20180810, 	31.5, -10.711613, 45.8, 26.510767, 0.0, 1.4E-45, 0.0, 1.4E-45, 0.0, 0.0, 536.8031
9yb, 20180810, 	32.1, 24.20625, 48.3, 27.089586, 0.0, 1.4E-45, 0.0, 1.4E-45, 0.0, 0.0, 506.44653
9yg, 20180810, 	33.7, 25.58265, 51.0, 29.339926, 0.0, 1.4E-45, 0.0, 1.4E-45, 0.0, 0.0, 503.908
9ys, 20180810, 	35.5, 25.170137, 41.8, 24.835407, 0.0, 1.4E-45, 0.0, 1.4E-45, 0.0, 0.0, 399.19525
9wx, 20180811, 	31.2, 23.250343, 45.7, 27.005907, 0.0, 1.4E-45, 0.0, 1.4E-45, 0.0, 0.0, 530.6987
9yb, 20180811, 	32.4, 23.614582, 48.7, 26.942366, 0.0, 1.4E-45, 0.0, 1.4E-45, 0.0, 0.0, 506.20496
9yg, 20180811, 	34.1, 23.916319, 50.0, 27.53368, 0.0, 1.4E-45, 0.0, 1.4E-45, 0.0, 0.0, 485.74075
9ys, 20180811, 	34.1, 25.394094, 40.9, 25.657642, 0.0, 1.4E-45, 0.0, 1.4E-45, 0.0, 0.0, 458.71857
9wx, 20180812, 	31.7, -12.132128, 50.9, 26.10973, 0.0, 1.4E-45, 0.0, 1.4E-45, 0.0, 0.0, 501.21875
9yb, 20180812, 	30.5, 21.978819, 43.4, 23.637848, 0.0, 1.4E-45, 0.0, 1.4E-45, 0.0, 0.0, 393.11322
9yg, 20180812, 	35.9, 26.11285, 52.9, 28.342701, 0.0, 1.4E-45, 0.0, 1.4E-45, 0.0, 0.0, 446.14374
9ys, 20180812, 	34.1, 24.729162, 42.7, 24.196178, 0.0, 1.4E-45, 0.0, 1.4E-45, 0.0, 0.0, 333.4643
9wx, 20180813, 	32.9, 23.66752, 51.1, 27.398808, 0.0, 1.4E-45, 0.0, 1.4E-45, 0.0, 0.0, 469.4209
9yb, 20180813, 	29.9, 22.143753, 50.7, 25.261116, 0.0, 1.4E-45, 0.0, 1.4E-45, 0.0, 0.0, 382.28482
9yg, 20180813, 	32.0, 25.854519, 42.8, 26.309723, 0.0, 1.4E-45, 0.0, 1.4E-45, 0.0, 0.0, 296.24243
9ys, 20180813, 	31.2, 23.263191, 37.2, 22.57395, 0.0, 1.4E-45, 0.0, 1.4E-45, 0.0, 0.0, 276.4909
9wx, 20180814, 	30.3, 23.730892, 50.6, 27.938896, 0.0, 1.4E-45, 0.0, 1.4E-45, 0.0, 0.0, 465.8673
9yb, 20180814, 	27.5, 21.265968, 44.6, 24.489584, 0.0, 1.4E-45, 0.0, 1.4E-45, 0.0, 0.0, 351.88678
9yg, 20180814, 	29.4, 23.39582, 44.3, 25.897911, 0.0, 1.4E-45, 0.0, 1.4E-45, 0.0, 0.0, 448.23358
9ys, 20180814, 	26.3, 22.562508, 27.1, 21.625, 0.0, 1.4E-45, 0.0, 1.4E-45, 0.0, 0.0, 158.35403
9wx, 20180815, 	32.7, 22.336819, 49.2, 25.840456, 0.0, 1.4E-45, 0.0, 1.4E-45, 0.0, 0.0, 422.8719
9yb, 20180815, 	31.4, 20.842012, 49.5, 25.493753, 0.0, 1.4E-45, 0.0, 1.4E-45, 0.0, 0.0, 496.32074
9yg, 20180815, 	29.3, 23.311113, 44.2, 26.318056, 0.0, 1.4E-45, 0.0, 1.4E-45, 0.0, 0.0, 350.57233
9ys, 20180815, 	30.3, 23.769785, 34.2, 23.428467, 0.0, 1.4E-45, 0.0, 1.4E-45, 0.0, 0.0, 334.3846
9wx, 20180816, 	34.7, 26.396858, 51.0, 30.012133, 0.0, 1.4E-45, 0.0, 1.4E-45, 0.0, 0.0, 539.20264
9yb, 20180816, 	32.5, 24.036459, 50.9, 28.346884, 0.0, 1.4E-45, 0.0, 1.4E-45, 0.0, 0.0, 506.87976
9yg, 20180816, 	31.9, 24.320145, 47.2, 27.521523, 0.0, 1.4E-45, 0.0, 1.4E-45, 0.0, 0.0, 438.02563
9ys, 20180816, 	33.4, 24.937508, 37.2, 24.39027, 0.0, 1.4E-45, 0.0, 1.4E-45, 0.0, 0.0, 452.6048
9wx, 20180817, 	34.0, 25.515966, 48.6, 28.924313, 0.0, 1.4E-45, 0.0, 1.4E-45, 0.0, 0.0, 456.88388
9yb, 20180817, 	31.5, 23.980202, 51.6, 28.867699, 0.0, 1.4E-45, 0.0, 1.4E-45, 0.0, 0.0, 499.5886
9yg, 20180817, 	31.2, 25.069786, 47.7, 28.989933, 0.0, 1.4E-45, 0.0, 1.4E-45, 0.0, 0.0, 512.9108
9ys, 20180817, 	30.2, 22.956251, 34.3, 22.82465, 0.0, 1.4E-45, 0.0, 1.4E-45, 0.0, 0.0, 376.14865
9wx, 20180818, 	32.2, 24.764927, 50.4, 28.180021, 0.0, 1.4E-45, 0.0, 1.4E-45, 0.0, 0.0, 380.25974
9yb, 20180818, 	29.4, 22.781937, 38.8, 23.162842, 0.0, 1.4E-45, 0.0, 1.4E-45, 0.0, 0.0, 236.12675
9yg, 20180818, 	32.1, 24.284723, 47.8, 27.510069, 0.0, 1.4E-45, 0.0, 1.4E-45, 0.0, 0.0, 454.1962
9ys, 20180818, 	31.7, 24.290627, 35.5, 23.71528, 0.0, 1.4E-45, 0.0, 1.4E-45, 0.0, 0.0, 480.27274
9wx, 20180819, 	30.0, 22.782295, 42.7, 25.990438, 0.0, 1.4E-45, 0.0, 1.4E-45, 0.0, 0.0, 474.21304
9yb, 20180819, 	27.1, 20.418053, 37.9, 22.483683, 0.0, 1.4E-45, 0.0, 1.4E-45, 0.0, 0.0, 499.9507
9yg, 20180819, 	30.0, 22.013884, 30.8, 21.628826, 0.0, 1.4E-45, 0.0, 1.4E-45, 0.0, 0.0, 57.812904
9ys, 20180819, 	28.7, 21.579168, 25.5, 19.84027, 0.0, 1.4E-45, 0.0, 1.4E-45, 0.0, 0.0, 109.89634
9wx, 20180820, 	28.2, 20.46406, 43.0, 23.323082, 0.0, 1.4E-45, 0.0, 1.4E-45, 0.0, 0.0, 457.95224
9yb, 20180820, 	24.0, 18.163887, 35.6, 21.011452, 0.0, 1.4E-45, 0.0, 1.4E-45, 0.0, 0.0, 481.97385
9yg, 20180820, 	23.7, 20.085766, 27.8, 20.375008, 0.0, 1.4E-45, 0.0, 1.4E-45, 0.0, 0.0, 195.80392
9ys, 20180820, 	26.2, 21.855904, 29.0, 20.78611, 0.0, 1.4E-45, 0.0, 1.4E-45, 0.0, 0.0, 311.61584
9wx, 20180821, 	30.8, -14.9097185, 49.4, 21.891848, 0.0, 1.4E-45, 0.0, 1.4E-45, 0.0, 0.0, 370.31088
9yb, 20180821, 	22.8, 15.180198, 30.9, 16.331596, 0.0, 1.4E-45, 0.0, 1.4E-45, 0.0, 0.0, 210.33974
9yg, 20180821, 	27.5, 20.94341, 39.6, 23.330551, 0.0, 1.4E-45, 0.0, 1.4E-45, 0.0, 0.0, 421.451
9ys, 20180821, 	28.3, 23.119795, 32.4, 23.02639, 0.0, 1.4E-45, 0.0, 1.4E-45, 0.0, 0.0, 444.55347
9wx, 20180822, 	31.9, 22.023106, 39.9, 24.151056, 0.0, 1.4E-45, 0.0, 1.4E-45, 0.0, 0.0, 333.9007
9yb, 20180822, 	20.5, 17.253819, 23.4, 18.012508, 0.0, 1.4E-45, 0.0, 1.4E-45, 0.0, 0.0, 67.60135
9yg, 20180822, 	24.5, 19.317007, 35.7, 20.916325, 0.0, 1.4E-45, 0.0, 1.4E-45, 0.0, 0.0, 288.51974
9ys, 20180822, 	25.6, 21.373955, 29.1, 20.670128, 0.0, 1.4E-45, 0.0, 1.4E-45, 0.0, 0.0, 239.52147
9wx, 20180823, 	34.7, 25.612658, 42.9, 26.896873, 0.0, 1.4E-45, 0.0, 1.4E-45, 0.0, 0.0, 480.41614
9yb, 20180823, 	32.0, 22.392708, 49.5, 26.91285, 0.0, 1.4E-45, 0.0, 1.4E-45, 0.0, 0.0, 467.1316
9yg, 20180823, 	24.1, 20.409029, 26.0, 20.165285, 0.0, 1.4E-45, 0.0, 1.4E-45, 0.0, 0.0, 175.78862
9ys, 20180823, 	23.3, 18.654867, 22.2, 17.44479, 0.0, 1.4E-45, 0.0, 1.4E-45, 0.0, 0.0, 68.582825
9wx, 20180824, 	34.0, 26.268583, 47.4, 27.967367, 0.0, 1.4E-45, 0.0, 1.4E-45, 0.0, 0.0, 527.2516
9yb, 20180824, 	33.6, 24.7566, 48.5, 27.65242, 0.0, 1.4E-45, 0.0, 1.4E-45, 0.0, 0.0, 517.9276
9yg, 20180824, 	32.8, 26.377077, 44.3, 28.702087, 0.0, 1.4E-45, 0.0, 1.4E-45, 0.0, 0.0, 522.7303
9ys, 20180824, 	31.9, 24.293058, 33.8, 23.026737, 0.0, 1.4E-45, 0.0, 1.4E-45, 0.0, 0.0, 281.55
9wx, 20180825, 	36.8, 26.332296, 48.8, 27.722237, 0.0, 1.4E-45, 0.0, 1.4E-45, 0.0, 0.0, 464.3718
9yb, 20180825, 	36.2, 23.782639, 50.5, 25.720835, 0.0, 1.4E-45, 0.0, 1.4E-45, 0.0, 0.0, 481.23227
9yg, 20180825, 	33.6, 27.53923, 45.0, 29.371529, 0.0, 1.4E-45, 0.0, 1.4E-45, 0.0, 0.0, 521.1871
9ys, 20180825, 	31.2, 26.876043, 31.8, 25.469429, 0.0, 1.4E-45, 0.0, 1.4E-45, 0.0, 0.0, 279.2716
9wx, 20180826, 	36.2, 26.591667, 45.4, 28.006979, 0.0, 1.4E-45, 0.0, 1.4E-45, 0.0, 0.0, 531.34985
9yb, 20180826, 	35.5, 26.48263, 46.1, 28.016678, 0.0, 1.4E-45, 0.0, 1.4E-45, 0.0, 0.0, 522.3775
9yg, 20180826, 	33.8, 27.41492, 39.4, 27.071177, 0.0, 1.4E-45, 0.0, 1.4E-45, 0.0, 0.0, 339.2953
9ys, 20180826, 	33.4, 27.253132, 35.4, 26.14896, 0.0, 1.4E-45, 0.0, 1.4E-45, 0.0, 0.0, 460.96933
9wx, 20180827, 	37.6, 29.352774, 50.4, 30.936977, 0.0, 1.4E-45, 0.0, 1.4E-45, 0.0, 0.0, 528.6984
9yb, 20180827, 	37.5, 27.8375, 50.9, 29.496525, 0.0, 1.4E-45, 0.0, 1.4E-45, 0.0, 0.0, 530.4675
9yg, 20180827, 	34.6, 29.523264, 40.2, 30.052795, 0.0, 1.4E-45, 0.0, 1.4E-45, 0.0, 0.0, 510.27274
9ys, 20180827, 	33.0, 27.812494, 35.1, 26.540977, 0.0, 1.4E-45, 0.0, 1.4E-45, 0.0, 0.0, 475.84567
9wx, 20180828, 	35.1, 25.862843, 49.2, 28.776726, 0.0, 1.4E-45, 0.0, 1.4E-45, 0.0, 0.0, 526.91907
9yb, 20180828, 	35.3, 22.047918, 34.3, 22.373262, 0.0, 1.4E-45, 0.0, 1.4E-45, 0.0, 0.0, 248.74026
9yg, 20180828, 	33.1, 29.035753, 41.8, 29.729858, 0.0, 1.4E-45, 0.0, 1.4E-45, 0.0, 0.0, 414.84314
9ys, 20180828, 	33.4, 28.357647, 35.5, 27.324667, 0.0, 1.4E-45, 0.0, 1.4E-45, 0.0, 0.0, 475.21606
9wx, 20180829, 	27.5, 19.7665, 46.8, 25.0052, 0.0, 1.4E-45, 0.0, 1.4E-45, 0.0, 0.0, 446.41776
9yb, 20180829, 	27.3, 17.545835, 45.1, 20.706944, 0.0, 1.4E-45, 0.0, 1.4E-45, 0.0, 0.0, 321.32
9yg, 20180829, 	26.9, 20.4111, 39.8, 24.767359, 0.0, 1.4E-45, 0.0, 1.4E-45, 0.0, 0.0, 506.5066
9ys, 20180829, 	30.6, 24.34479, 29.3, 23.374306, 0.0, 1.4E-45, 0.0, 1.4E-45, 0.0, 0.0, 174.43312
9wx, 20180830, 	38.6, 26.301208, 51.4, 28.32432, 0.0, 1.4E-45, 0.0, 1.4E-45, 0.0, 0.0, 492.88235
9yb, 20180830, 	35.2, 24.002083, 47.6, 26.245499, 0.0, 1.4E-45, 0.0, 1.4E-45, 0.0, 0.0, 523.9448
9yg, 20180830, 	28.9, 23.03369, 37.4, 24.811462, 0.0, 1.4E-45, 0.0, 1.4E-45, 0.0, 0.0, 424.10886
9ys, 20180830, 	23.5, 21.32152, 22.6, 20.199646, 0.0, 1.4E-45, 0.0, 1.4E-45, 0.0, 0.0, 33.88158
9wx, 20180831, 	38.5, 29.926735, 53.8, 32.07276, 0.0, 1.4E-45, 0.0, 1.4E-45, 0.0, 0.0, 518.5538
9yb, 20180831, 	34.6, 26.467354, 48.4, 27.221878, 0.0, 1.4E-45, 0.0, 1.4E-45, 0.0, 0.0, 401.60785
9yg, 20180831, 	34.9, 26.969788, 43.8, 28.26909, 0.0, 1.4E-45, 0.0, 1.4E-45, 0.0, 0.0, 502.8926
9ys, 20180831, 	32.6, 23.748257, 35.3, 23.06806, 0.0, 1.4E-45, 0.0, 1.4E-45, 0.0, 0.0, 464.33542
