dpj, 20070801, 	30.2, 25.2132, 1.4E-45, -9999.0, 0.0, 1.4E-45, 0.0, 1.4E-45, 0.0, 0.0, 0.0
dpj, 20070802, 	30.3, 25.386803, 1.4E-45, -9999.0, 0.0, 1.4E-45, 0.0, 1.4E-45, 0.0, 0.0, 0.0
dpj, 20070803, 	30.8, 25.586111, 1.4E-45, -9999.0, 0.0, 1.4E-45, 0.0, 1.4E-45, 0.0, 0.0, 0.0
dpj, 20070804, 	29.8, 24.703468, 1.4E-45, -9999.0, 0.0, 1.4E-45, 0.0, 1.4E-45, 0.0, 0.0, 0.0
dpj, 20070805, 	25.8, 20.991661, 1.4E-45, -9999.0, 0.0, 1.4E-45, 0.0, 1.4E-45, 0.0, 0.0, 0.0
dpj, 20070806, 	30.3, 25.067015, 1.4E-45, -9999.0, 0.0, 1.4E-45, 0.0, 1.4E-45, 0.0, 0.0, 0.0
dpj, 20070807, 	31.0, 26.434368, 1.4E-45, -9999.0, 0.0, 1.4E-45, 0.0, 1.4E-45, 0.0, 0.0, 0.0
dpj, 20070808, 	31.9, 26.47013, 1.4E-45, -9999.0, 0.0, 1.4E-45, 0.0, 1.4E-45, 0.0, 0.0, 0.0
dpj, 20070809, 	32.1, 25.307291, 1.4E-45, -9999.0, 0.0, 1.4E-45, 0.0, 1.4E-45, 0.0, 0.0, 0.0
dpj, 20070810, 	27.0, 22.84514, 1.4E-45, -9999.0, 0.0, 1.4E-45, 0.0, 1.4E-45, 0.0, 0.0, 0.0
dpj, 20070811, 	26.7, 21.928823, 1.4E-45, -9999.0, 0.0, 1.4E-45, 0.0, 1.4E-45, 0.0, 0.0, 0.0
dpj, 20070812, 	28.8, 23.034025, 1.4E-45, -9999.0, 0.0, 1.4E-45, 0.0, 1.4E-45, 0.0, 0.0, 0.0
dpj, 20070813, 	26.8, 23.287502, 1.4E-45, -9999.0, 0.0, 1.4E-45, 0.0, 1.4E-45, 0.0, 0.0, 0.0
dpj, 20070814, 	24.7, 19.175346, 1.4E-45, -9999.0, 0.0, 1.4E-45, 0.0, 1.4E-45, 0.0, 0.0, 0.0
dpj, 20070815, 	27.8, 21.140614, 1.4E-45, -9999.0, 0.0, 1.4E-45, 0.0, 1.4E-45, 0.0, 0.0, 0.0
dpj, 20070816, 	28.1, 23.474998, 1.4E-45, -9999.0, 0.0, 1.4E-45, 0.0, 1.4E-45, 0.0, 0.0, 0.0
dpj, 20070817, 	26.2, 23.339245, 1.4E-45, -9999.0, 0.0, 1.4E-45, 0.0, 1.4E-45, 0.0, 0.0, 0.0
dpj, 20070818, 	22.9, 17.574308, 1.4E-45, -9999.0, 0.0, 1.4E-45, 0.0, 1.4E-45, 0.0, 0.0, 0.0
dpj, 20070819, 	18.9, 16.41249, 1.4E-45, -9999.0, 0.0, 1.4E-45, 0.0, 1.4E-45, 0.0, 0.0, 0.0
dpj, 20070820, 	25.5, 18.215973, 1.4E-45, -9999.0, 0.0, 1.4E-45, 0.0, 1.4E-45, 0.0, 0.0, 0.0
dpj, 20070821, 	24.5, 21.33956, 1.4E-45, -9999.0, 0.0, 1.4E-45, 0.0, 1.4E-45, 0.0, 0.0, 0.0
dpj, 20070822, 	28.3, 23.992363, 1.4E-45, -9999.0, 0.0, 1.4E-45, 0.0, 1.4E-45, 0.0, 0.0, 0.0
dpj, 20070823, 	31.9, 26.335064, 1.4E-45, -9999.0, 0.0, 1.4E-45, 0.0, 1.4E-45, 0.0, 0.0, 0.0
dpj, 20070824, 	31.8, 27.098618, 1.4E-45, -9999.0, 0.0, 1.4E-45, 0.0, 1.4E-45, 0.0, 0.0, 0.0
dpj, 20070825, 	28.7, 25.09339, 1.4E-45, -9999.0, 0.0, 1.4E-45, 0.0, 1.4E-45, 0.0, 0.0, 0.0
dpj, 20070826, 	25.6, 21.505209, 1.4E-45, -9999.0, 0.0, 1.4E-45, 0.0, 1.4E-45, 0.0, 0.0, 0.0
dpj, 20070827, 	26.6, 20.55764, 1.4E-45, -9999.0, 0.0, 1.4E-45, 0.0, 1.4E-45, 0.0, 0.0, 0.0
dpj, 20070828, 	27.8, 22.03333, 1.4E-45, -9999.0, 0.0, 1.4E-45, 0.0, 1.4E-45, 0.0, 0.0, 0.0
dpj, 20070829, 	30.9, 23.703478, 1.4E-45, -9999.0, 0.0, 1.4E-45, 0.0, 1.4E-45, 0.0, 0.0, 0.0
dpj, 20070830, 	27.8, 22.499306, 1.4E-45, -9999.0, 0.0, 1.4E-45, 0.0, 1.4E-45, 0.0, 0.0, 0.0
dpj, 20070831, 	23.8, 19.213543, 1.4E-45, -9999.0, 0.0, 1.4E-45, 0.0, 1.4E-45, 0.0, 0.0, 0.0
dpj, 20080801, 	28.1, 22.911808, 1.4E-45, -9999.0, 0.0, 1.4E-45, 0.0, 1.4E-45, 0.0, 0.0, 0.0
dpj, 20080802, 	26.6, 21.986458, 1.4E-45, -9999.0, 0.0, 1.4E-45, 0.0, 1.4E-45, 0.0, 0.0, 0.0
dpj, 20080803, 	25.5, 20.561098, 1.4E-45, -9999.0, 0.0, 1.4E-45, 0.0, 1.4E-45, 0.0, 0.0, 0.0
dpj, 20080804, 	26.6, 21.211107, 1.4E-45, -9999.0, 0.0, 1.4E-45, 0.0, 1.4E-45, 0.0, 0.0, 0.0
dpj, 20080805, 	26.0, 22.16353, 1.4E-45, -9999.0, 0.0, 1.4E-45, 0.0, 1.4E-45, 0.0, 0.0, 0.0
dpj, 20080806, 	28.0, 23.926388, 1.4E-45, -9999.0, 0.0, 1.4E-45, 0.0, 1.4E-45, 0.0, 0.0, 0.0
dpj, 20080807, 	25.3, 21.523962, 1.4E-45, -9999.0, 0.0, 1.4E-45, 0.0, 1.4E-45, 0.0, 0.0, 0.0
dpj, 20080808, 	23.7, 18.604868, 1.4E-45, -9999.0, 0.0, 1.4E-45, 0.0, 1.4E-45, 0.0, 0.0, 0.0
dpj, 20080809, 	24.8, 18.58229, 1.4E-45, -9999.0, 0.0, 1.4E-45, 0.0, 1.4E-45, 0.0, 0.0, 0.0
dpj, 20080810, 	21.7, 17.445496, 1.4E-45, -9999.0, 0.0, 1.4E-45, 0.0, 1.4E-45, 0.0, 0.0, 0.0
dpj, 20080811, 	22.8, 17.42118, 1.4E-45, -9999.0, 0.0, 1.4E-45, 0.0, 1.4E-45, 0.0, 0.0, 0.0
dpj, 20080812, 	24.7, 18.705908, 1.4E-45, -9999.0, 0.0, 1.4E-45, 0.0, 1.4E-45, 0.0, 0.0, 0.0
dpj, 20080813, 	25.1, 20.150349, 1.4E-45, -9999.0, 0.0, 1.4E-45, 0.0, 1.4E-45, 0.0, 0.0, 0.0
dpj, 20080814, 	25.1, 19.742714, 1.4E-45, -9999.0, 0.0, 1.4E-45, 0.0, 1.4E-45, 0.0, 0.0, 0.0
dpj, 20080815, 	24.3, 19.519442, 1.4E-45, -9999.0, 0.0, 1.4E-45, 0.0, 1.4E-45, 0.0, 0.0, 0.0
dpj, 20080816, 	25.4, 18.783686, 1.4E-45, -9999.0, 0.0, 1.4E-45, 0.0, 1.4E-45, 0.0, 0.0, 0.0
dpj, 20080817, 	26.3, 19.798613, 1.4E-45, -9999.0, 0.0, 1.4E-45, 0.0, 1.4E-45, 0.0, 0.0, 0.0
dpj, 20080818, 	27.0, 20.693752, 1.4E-45, -9999.0, 0.0, 1.4E-45, 0.0, 1.4E-45, 0.0, 0.0, 0.0
dpj, 20080819, 	26.6, 21.514233, 1.4E-45, -9999.0, 0.0, 1.4E-45, 0.0, 1.4E-45, 0.0, 0.0, 0.0
dpj, 20080820, 	27.1, 18.854172, 1.4E-45, -9999.0, 0.0, 1.4E-45, 0.0, 1.4E-45, 0.0, 0.0, 0.0
dpj, 20080821, 	30.4, 22.32291, 1.4E-45, -9999.0, 0.0, 1.4E-45, 0.0, 1.4E-45, 0.0, 0.0, 0.0
dpj, 20080822, 	30.3, 24.477444, 1.4E-45, -9999.0, 0.0, 1.4E-45, 0.0, 1.4E-45, 0.0, 0.0, 0.0
dpj, 20080823, 	29.7, 23.276741, 1.4E-45, -9999.0, 0.0, 1.4E-45, 0.0, 1.4E-45, 0.0, 0.0, 0.0
dpj, 20080824, 	31.4, 23.101738, 1.4E-45, -9999.0, 0.0, 1.4E-45, 0.0, 1.4E-45, 0.0, 0.0, 0.0
dpj, 20080825, 	25.1, 20.43055, 1.4E-45, -9999.0, 0.0, 1.4E-45, 0.0, 1.4E-45, 0.0, 0.0, 0.0
dpj, 20080826, 	26.9, 18.108328, 1.4E-45, -9999.0, 0.0, 1.4E-45, 0.0, 1.4E-45, 0.0, 0.0, 0.0
dpj, 20080827, 	23.3, 17.626034, 1.4E-45, -9999.0, 0.0, 1.4E-45, 0.0, 1.4E-45, 0.0, 0.0, 0.0
dpj, 20080828, 	18.6, 16.339241, 1.4E-45, -9999.0, 0.0, 1.4E-45, 0.0, 1.4E-45, 0.0, 0.0, 0.0
dpj, 20080829, 	27.3, 20.413893, 1.4E-45, -9999.0, 0.0, 1.4E-45, 0.0, 1.4E-45, 0.0, 0.0, 0.0
dpj, 20080830, 	27.5, 23.217354, 1.4E-45, -9999.0, 0.0, 1.4E-45, 0.0, 1.4E-45, 0.0, 0.0, 0.0
dpj, 20080831, 	27.8, 21.701735, 1.4E-45, -9999.0, 0.0, 1.4E-45, 0.0, 1.4E-45, 0.0, 0.0, 0.0
dpj, 20090801, 	26.6, -49.396187, 1.4E-45, -9999.0, 0.0, 1.4E-45, 0.0, 1.4E-45, 0.0, 0.0, 0.0
dpj, 20090802, 	24.3, 20.605904, 1.4E-45, -9999.0, 0.0, 1.4E-45, 0.0, 1.4E-45, 0.0, 0.0, 0.0
dpj, 20090803, 	25.4, 19.081589, 1.4E-45, -9999.0, 0.0, 1.4E-45, 0.0, 1.4E-45, 0.0, 0.0, 0.0
dpj, 20090804, 	25.7, 20.908339, 1.4E-45, -9999.0, 0.0, 1.4E-45, 0.0, 1.4E-45, 0.0, 0.0, 0.0
dpj, 20090805, 	24.0, 20.005547, 1.4E-45, -9999.0, 0.0, 1.4E-45, 0.0, 1.4E-45, 0.0, 0.0, 0.0
dpj, 20090806, 	23.9, 19.001038, 1.4E-45, -9999.0, 0.0, 1.4E-45, 0.0, 1.4E-45, 0.0, 0.0, 0.0
dpj, 20090807, 	24.8, 19.037853, 1.4E-45, -9999.0, 0.0, 1.4E-45, 0.0, 1.4E-45, 0.0, 0.0, 0.0
dpj, 20090808, 	25.1, 20.474312, 1.4E-45, -9999.0, 0.0, 1.4E-45, 0.0, 1.4E-45, 0.0, 0.0, 0.0
dpj, 20090809, 	31.1, 24.97291, 1.4E-45, -9999.0, 0.0, 1.4E-45, 0.0, 1.4E-45, 0.0, 0.0, 0.0
dpj, 20090810, 	31.0, 25.312506, 1.4E-45, -9999.0, 0.0, 1.4E-45, 0.0, 1.4E-45, 0.0, 0.0, 0.0
dpj, 20090811, 	28.4, 22.641314, 1.4E-45, -9999.0, 0.0, 1.4E-45, 0.0, 1.4E-45, 0.0, 0.0, 0.0
dpj, 20090812, 	25.9, 21.417702, 1.4E-45, -9999.0, 0.0, 1.4E-45, 0.0, 1.4E-45, 0.0, 0.0, 0.0
dpj, 20090813, 	27.0, 21.020836, 1.4E-45, -9999.0, 0.0, 1.4E-45, 0.0, 1.4E-45, 0.0, 0.0, 0.0
dpj, 20090814, 	28.5, 23.430893, 1.4E-45, -9999.0, 0.0, 1.4E-45, 0.0, 1.4E-45, 0.0, 0.0, 0.0
dpj, 20090815, 	29.0, 23.548264, 1.4E-45, -9999.0, 0.0, 1.4E-45, 0.0, 1.4E-45, 0.0, 0.0, 0.0
dpj, 20090816, 	31.4, 24.805895, 1.4E-45, -9999.0, 0.0, 1.4E-45, 0.0, 1.4E-45, 0.0, 0.0, 0.0
dpj, 20090817, 	30.7, 25.248268, 1.4E-45, -9999.0, 0.0, 1.4E-45, 0.0, 1.4E-45, 0.0, 0.0, 0.0
dpj, 20090818, 	26.7, 23.230207, 1.4E-45, -9999.0, 0.0, 1.4E-45, 0.0, 1.4E-45, 0.0, 0.0, 0.0
dpj, 20090819, 	24.9, 22.78681, 1.4E-45, -9999.0, 0.0, 1.4E-45, 0.0, 1.4E-45, 0.0, 0.0, 0.0
dpj, 20090820, 	27.9, 23.416664, 1.4E-45, -9999.0, 0.0, 1.4E-45, 0.0, 1.4E-45, 0.0, 0.0, 0.0
dpj, 20090821, 	25.6, 22.144102, 1.4E-45, -9999.0, 0.0, 1.4E-45, 0.0, 1.4E-45, 0.0, 0.0, 0.0
dpj, 20090822, 	23.3, 19.302086, 1.4E-45, -9999.0, 0.0, 1.4E-45, 0.0, 1.4E-45, 0.0, 0.0, 0.0
dpj, 20090823, 	21.2, 17.03195, 1.4E-45, -9999.0, 0.0, 1.4E-45, 0.0, 1.4E-45, 0.0, 0.0, 0.0
dpj, 20090824, 	23.7, 18.209726, 1.4E-45, -9999.0, 0.0, 1.4E-45, 0.0, 1.4E-45, 0.0, 0.0, 0.0
dpj, 20090825, 	26.5, 20.182638, 1.4E-45, -9999.0, 0.0, 1.4E-45, 0.0, 1.4E-45, 0.0, 0.0, 0.0
dpj, 20090826, 	28.1, 21.546877, 1.4E-45, -9999.0, 0.0, 1.4E-45, 0.0, 1.4E-45, 0.0, 0.0, 0.0
dpj, 20090827, 	26.6, 22.097921, 1.4E-45, -9999.0, 0.0, 1.4E-45, 0.0, 1.4E-45, 0.0, 0.0, 0.0
dpj, 20090828, 	23.3, 19.826393, 1.4E-45, -9999.0, 0.0, 1.4E-45, 0.0, 1.4E-45, 0.0, 0.0, 0.0
dpj, 20090829, 	23.7, 20.428133, 1.4E-45, -9999.0, 0.0, 1.4E-45, 0.0, 1.4E-45, 0.0, 0.0, 0.0
dpj, 20090830, 	19.7, 14.858684, 1.4E-45, -9999.0, 0.0, 1.4E-45, 0.0, 1.4E-45, 0.0, 0.0, 0.0
dpj, 20090831, 	20.0, 14.62292, 1.4E-45, -9999.0, 0.0, 1.4E-45, 0.0, 1.4E-45, 0.0, 0.0, 0.0
dpj, 20100801, 	27.9, 22.030548, 1.4E-45, -9999.0, 0.0, 1.4E-45, 0.0, 1.4E-45, 0.0, 0.0, 0.0
dpj, 20100802, 	29.2, 23.677425, 1.4E-45, -9999.0, 0.0, 1.4E-45, 0.0, 1.4E-45, 0.0, 0.0, 0.0
dpj, 20100803, 	26.7, 22.946177, 1.4E-45, -9999.0, 0.0, 1.4E-45, 0.0, 1.4E-45, 0.0, 0.0, 0.0
dpj, 20100804, 	30.0, 23.829865, 1.4E-45, -9999.0, 0.0, 1.4E-45, 0.0, 1.4E-45, 0.0, 0.0, 0.0
dpj, 20100805, 	28.3, 23.486813, 1.4E-45, -9999.0, 0.0, 1.4E-45, 0.0, 1.4E-45, 0.0, 0.0, 0.0
dpj, 20100806, 	25.5, 21.997915, 1.4E-45, -9999.0, 0.0, 1.4E-45, 0.0, 1.4E-45, 0.0, 0.0, 0.0
dpj, 20100807, 	25.8, 20.83819, 1.4E-45, -9999.0, 0.0, 1.4E-45, 0.0, 1.4E-45, 0.0, 0.0, 0.0
dpj, 20100808, 	28.0, 21.922913, 1.4E-45, -9999.0, 0.0, 1.4E-45, 0.0, 1.4E-45, 0.0, 0.0, 0.0
dpj, 20100809, 	29.7, 23.457647, 1.4E-45, -9999.0, 0.0, 1.4E-45, 0.0, 1.4E-45, 0.0, 0.0, 0.0
dpj, 20100810, 	30.7, 25.73924, 1.4E-45, -9999.0, 0.0, 1.4E-45, 0.0, 1.4E-45, 0.0, 0.0, 0.0
dpj, 20100811, 	28.9, 25.388887, 1.4E-45, -9999.0, 0.0, 1.4E-45, 0.0, 1.4E-45, 0.0, 0.0, 0.0
dpj, 20100812, 	30.3, 25.342007, 1.4E-45, -9999.0, 0.0, 1.4E-45, 0.0, 1.4E-45, 0.0, 0.0, 0.0
dpj, 20100813, 	30.2, 24.822567, 1.4E-45, -9999.0, 0.0, 1.4E-45, 0.0, 1.4E-45, 0.0, 0.0, 0.0
dpj, 20100814, 	31.5, 24.503128, 1.4E-45, -9999.0, 0.0, 1.4E-45, 0.0, 1.4E-45, 0.0, 0.0, 0.0
dpj, 20100815, 	29.1, 23.7455, 1.4E-45, -9999.0, 0.0, 1.4E-45, 0.0, 1.4E-45, 0.0, 0.0, 0.0
dpj, 20100816, 	26.7, 23.574995, 1.4E-45, -9999.0, 0.0, 1.4E-45, 0.0, 1.4E-45, 0.0, 0.0, 0.0
dpj, 20100817, 	26.2, 20.493406, 1.4E-45, -9999.0, 0.0, 1.4E-45, 0.0, 1.4E-45, 0.0, 0.0, 0.0
dpj, 20100818, 	27.7, 21.845139, 1.4E-45, -9999.0, 0.0, 1.4E-45, 0.0, 1.4E-45, 0.0, 0.0, 0.0
dpj, 20100819, 	29.0, 22.727427, 1.4E-45, -9999.0, 0.0, 1.4E-45, 0.0, 1.4E-45, 0.0, 0.0, 0.0
dpj, 20100820, 	29.9, 23.964573, 1.4E-45, -9999.0, 0.0, 1.4E-45, 0.0, 1.4E-45, 0.0, 0.0, 0.0
dpj, 20100821, 	26.9, 23.367352, 1.4E-45, -9999.0, 0.0, 1.4E-45, 0.0, 1.4E-45, 0.0, 0.0, 0.0
dpj, 20100822, 	26.9, 22.360415, 1.4E-45, -9999.0, 0.0, 1.4E-45, 0.0, 1.4E-45, 0.0, 0.0, 0.0
dpj, 20100823, 	24.9, 20.778471, 1.4E-45, -9999.0, 0.0, 1.4E-45, 0.0, 1.4E-45, 0.0, 0.0, 0.0
dpj, 20100824, 	23.7, 19.532293, 1.4E-45, -9999.0, 0.0, 1.4E-45, 0.0, 1.4E-45, 0.0, 0.0, 0.0
dpj, 20100825, 	25.9, 20.323616, 1.4E-45, -9999.0, 0.0, 1.4E-45, 0.0, 1.4E-45, 0.0, 0.0, 0.0
dpj, 20100826, 	23.6, 19.124298, 1.4E-45, -9999.0, 0.0, 1.4E-45, 0.0, 1.4E-45, 0.0, 0.0, 0.0
dpj, 20100827, 	23.7, 17.623611, 1.4E-45, -9999.0, 0.0, 1.4E-45, 0.0, 1.4E-45, 0.0, 0.0, 0.0
dpj, 20100828, 	27.3, 20.048615, 1.4E-45, -9999.0, 0.0, 1.4E-45, 0.0, 1.4E-45, 0.0, 0.0, 0.0
dpj, 20100829, 	30.1, 22.355202, 1.4E-45, -9999.0, 0.0, 1.4E-45, 0.0, 1.4E-45, 0.0, 0.0, 0.0
dpj, 20100830, 	31.2, 24.463902, 1.4E-45, -9999.0, 0.0, 1.4E-45, 0.0, 1.4E-45, 0.0, 0.0, 0.0
dpj, 20100831, 	31.7, 25.021532, 1.4E-45, -9999.0, 0.0, 1.4E-45, 0.0, 1.4E-45, 0.0, 0.0, 0.0
dpj, 20110801, 	29.9, 24.96944, 1.4E-45, -9999.0, 0.0, 1.4E-45, 0.0, 1.4E-45, 0.0, 0.0, 0.0
dpj, 20110802, 	29.4, 23.698952, 1.4E-45, -9999.0, 0.0, 1.4E-45, 0.0, 1.4E-45, 0.0, 0.0, 0.0
dpj, 20110803, 	26.8, 23.980904, 1.4E-45, -9999.0, 0.0, 1.4E-45, 0.0, 1.4E-45, 0.0, 0.0, 0.0
dpj, 20110804, 	28.5, 23.848265, 1.4E-45, -9999.0, 0.0, 1.4E-45, 0.0, 1.4E-45, 0.0, 0.0, 0.0
dpj, 20110805, 	29.8, 24.519085, 1.4E-45, -9999.0, 0.0, 1.4E-45, 0.0, 1.4E-45, 0.0, 0.0, 0.0
dpj, 20110806, 	28.1, 24.795479, 1.4E-45, -9999.0, 0.0, 1.4E-45, 0.0, 1.4E-45, 0.0, 0.0, 0.0
dpj, 20110807, 	28.5, 24.115635, 1.4E-45, -9999.0, 0.0, 1.4E-45, 0.0, 1.4E-45, 0.0, 0.0, 0.0
dpj, 20110808, 	27.9, 22.287502, 1.4E-45, -9999.0, 0.0, 1.4E-45, 0.0, 1.4E-45, 0.0, 0.0, 0.0
dpj, 20110809, 	26.1, 22.718758, 1.4E-45, -9999.0, 0.0, 1.4E-45, 0.0, 1.4E-45, 0.0, 0.0, 0.0
dpj, 20110810, 	24.8, 20.507647, 1.4E-45, -9999.0, 0.0, 1.4E-45, 0.0, 1.4E-45, 0.0, 0.0, 0.0
dpj, 20110811, 	23.8, 19.276045, 1.4E-45, -9999.0, 0.0, 1.4E-45, 0.0, 1.4E-45, 0.0, 0.0, 0.0
dpj, 20110812, 	25.5, 19.354513, 1.4E-45, -9999.0, 0.0, 1.4E-45, 0.0, 1.4E-45, 0.0, 0.0, 0.0
dpj, 20110813, 	27.7, 20.838192, 1.4E-45, -9999.0, 0.0, 1.4E-45, 0.0, 1.4E-45, 0.0, 0.0, 0.0
dpj, 20110814, 	26.0, 19.485422, 1.4E-45, -9999.0, 0.0, 1.4E-45, 0.0, 1.4E-45, 0.0, 0.0, 0.0
dpj, 20110815, 	24.6, 19.338884, 1.4E-45, -9999.0, 0.0, 1.4E-45, 0.0, 1.4E-45, 0.0, 0.0, 0.0
dpj, 20110816, 	25.7, 20.378471, 1.4E-45, -9999.0, 0.0, 1.4E-45, 0.0, 1.4E-45, 0.0, 0.0, 0.0
dpj, 20110817, 	26.5, 20.886805, 1.4E-45, -9999.0, 0.0, 1.4E-45, 0.0, 1.4E-45, 0.0, 0.0, 0.0
dpj, 20110818, 	27.7, 22.084383, 1.4E-45, -9999.0, 0.0, 1.4E-45, 0.0, 1.4E-45, 0.0, 0.0, 0.0
dpj, 20110819, 	27.1, 22.132637, 1.4E-45, -9999.0, 0.0, 1.4E-45, 0.0, 1.4E-45, 0.0, 0.0, 0.0
dpj, 20110820, 	27.4, -13.135407, 1.4E-45, -9999.0, 0.0, 1.4E-45, 0.0, 1.4E-45, 0.0, 0.0, 0.0
dpj, 20110821, 	26.0, 22.743057, 1.4E-45, -9999.0, 0.0, 1.4E-45, 0.0, 1.4E-45, 0.0, 0.0, 0.0
dpj, 20110822, 	22.8, 18.636452, 1.4E-45, -9999.0, 0.0, 1.4E-45, 0.0, 1.4E-45, 0.0, 0.0, 0.0
dpj, 20110823, 	25.1, 18.7191, 1.4E-45, -9999.0, 0.0, 1.4E-45, 0.0, 1.4E-45, 0.0, 0.0, 0.0
dpj, 20110824, 	26.8, -814.5314, 1.4E-45, -9999.0, -833.0, 1.4E-45, 0.0, 1.4E-45, 0.0, 0.0, 0.0
dpj, 20110825, 	25.7, 23.415617, 1.4E-45, -9999.0, 0.0, 1.4E-45, 0.0, 1.4E-45, 0.0, 0.0, 0.0
dpj, 20110826, 	24.3, 19.8993, 1.4E-45, -9999.0, 0.0, 1.4E-45, 0.0, 1.4E-45, 0.0, 0.0, 0.0
dpj, 20110827, 	25.2, 19.707293, 1.4E-45, -9999.0, 0.0, 1.4E-45, 0.0, 1.4E-45, 0.0, 0.0, 0.0
dpj, 20110828, 	24.3, 20.246183, 1.4E-45, -9999.0, 0.0, 1.4E-45, 0.0, 1.4E-45, 0.0, 0.0, 0.0
dpj, 20110829, 	22.5, 17.960066, 1.4E-45, -9999.0, 0.0, 1.4E-45, 0.0, 1.4E-45, 0.0, 0.0, 0.0
dpj, 20110830, 	24.1, -399.06906, 1.4E-45, -9999.0, -416.0, 1.4E-45, 0.0, 1.4E-45, 0.0, 0.0, 0.0
dpj, 20110831, 	26.4, 20.863886, 1.4E-45, -9999.0, 0.0, 1.4E-45, 0.0, 1.4E-45, 0.0, 0.0, 0.0
