dp1, 20120801, 	32.2, 24.481245, 42.6, 26.32848, 0.0, 30.1, 21.4, 0.144, 0.129, 0.0, 0.0
dp2, 20120801, 	31.1, 22.731253, 42.4, 26.755209, 0.0, 28.9, 21.7, 0.144, 0.131, 0.0, 0.0
dp1, 20120802, 	35.7, 24.812151, 43.2, 25.126738, 0.0, 29.7, 21.4, 0.142, 0.126, 0.0, 0.0
dp2, 20120802, 	31.2, 24.001385, 43.9, 27.121885, 0.0, 28.3, 22.4, 0.141, 0.131, 0.0, 0.0
dp1, 20120803, 	34.1, 25.278118, 42.0, 26.888197, 0.0, 30.6, 22.4, 0.142, 0.127, 0.0, 0.0
dp2, 20120803, 	33.0, 24.501738, 43.3, 27.88611, 0.0, 29.4, 22.1, 0.14, 0.128, 0.0, 0.0
dp1, 20120804, 	34.2, 26.895144, 41.7, 27.960413, 0.0, 29.9, 24.0, 0.139, 0.127, 0.0, 0.0
dp2, 20120804, 	32.2, 23.7934, 42.4, 25.692019, 0.0, 28.7, 23.2, 0.234, 0.126, 0.0, 0.0
dp1, 20120805, 	30.3, 25.67257, 36.7, 27.184713, 0.0, 29.0, 24.2, 0.184, 0.129, 0.0, 0.0
dp2, 20120805, 	26.6, 21.97605, 36.1, 25.12431, 0.0, 26.7, 22.0, 0.212, 0.185, 0.0, 0.0
dp1, 20120806, 	30.0, 21.640633, 39.8, 23.583675, 0.0, 29.0, 20.4, 0.153, 0.139, 0.0, 0.0
dp2, 20120806, 	27.2, 19.381252, 38.3, 23.045488, 0.0, 27.0, 19.9, 0.189, 0.173, 0.0, 0.0
dp1, 20120807, 	34.2, 22.846876, 42.1, 23.750345, 0.0, 29.2, 20.1, 0.148, 0.134, 0.0, 0.0
dp2, 20120807, 	32.0, 21.724306, 41.6, 24.395832, 0.0, 26.9, 20.4, 0.178, 0.163, 0.0, 0.0
dp1, 20120808, 	33.9, 24.580902, 43.5, 25.033333, 0.0, 28.4, 21.9, 0.148, 0.134, 0.0, 0.0
dp2, 20120808, 	29.3, -12.827783, 34.0, 22.748957, 0.0, 26.5, 21.8, 0.182, 0.155, 0.0, 0.0
dp1, 20120809, 	32.1, 23.120506, 41.5, 24.788887, 0.0, 28.7, 22.3, 0.145, 0.133, 0.0, 0.0
dp2, 20120809, 	24.6, 19.419094, 33.4, 20.965977, 0.0, 24.4, 21.0, 0.185, 0.171, 0.0, 0.0
dp1, 20120810, 	25.8, 20.272224, 37.7, 21.788887, 0.0, 26.7, 21.4, 0.141, 0.13, 0.0, 0.0
dp2, 20120810, 	23.7, 18.460066, 32.6, 21.071873, 0.0, 23.2, 19.5, 0.175, 0.163, 0.0, 0.0
dp1, 20120811, 	26.1, 17.341318, 36.7, 18.932644, 0.0, 26.4, 17.9, 0.14, 0.126, 0.0, 0.0
dp2, 20120811, 	24.6, 16.955208, 35.6, 19.893408, 0.0, 23.9, 17.7, 0.165, 0.155, 0.0, 0.0
dp1, 20120812, 	27.5, 17.668407, 37.8, 17.294441, 0.0, 24.9, 17.9, 0.136, 0.123, 0.0, 0.0
dp2, 20120812, 	23.9, 16.44305, 31.8, 17.872229, 0.0, 23.1, 18.0, 0.157, 0.148, 0.0, 0.0
dp1, 20120813, 	22.4, 18.886112, 23.8, 18.494438, 0.0, 23.0, 19.8, 0.149, 0.126, 0.0, 0.0
dp2, 20120813, 	20.0, 17.288872, 21.6, 18.034714, 0.0, 21.9, 19.2, 0.242, 0.144, 0.0, 0.0
dp1, 20120814, 	27.0, 20.38784, 37.3, 22.829851, 0.0, 26.0, 19.4, 0.146, 0.134, 0.0, 0.0
dp2, 20120814, 	27.0, 18.126043, 34.8, 20.145834, 0.0, 23.7, 16.9, 0.238, 0.208, 0.0, 0.0
dp1, 20120815, 	30.7, 21.04722, 38.6, 22.299654, 0.0, 26.9, 18.5, 0.146, 0.133, 0.0, 0.0
dp2, 20120815, 	27.9, 21.451393, 36.2, 23.368052, 0.0, 25.3, 19.9, 0.209, 0.192, 0.0, 0.0
dp1, 20120816, 	27.2, 20.349651, 25.7, 19.154171, 0.0, 25.4, 20.2, 0.245, 0.133, 0.0, 0.0
dp2, 20120816, 	24.6, 21.212852, 26.4, 21.157648, 0.0, 24.5, 20.5, 0.212, 0.184, 0.0, 0.0
dp1, 20120817, 	23.9, 18.120838, 32.9, 19.589586, 0.0, 24.6, 17.4, 0.224, 0.191, 0.0, 0.0
dp2, 20120817, 	22.9, 16.583687, 31.7, 19.164928, 0.0, 22.9, 17.7, 0.206, 0.188, 0.0, 0.0
dp1, 20120818, 	24.9, 16.587843, 35.9, 17.767357, 0.0, 24.4, 16.2, 0.196, 0.177, 0.0, 0.0
dp2, 20120818, 	23.5, 15.76285, 35.2, 18.116323, 0.0, 23.0, 16.8, 0.19, 0.174, 0.0, 0.0
dp1, 20120819, 	24.4, 17.896526, 32.1, 18.329517, 0.0, 23.0, 17.8, 0.182, 0.17, 0.0, 0.0
dp2, 20120819, 	24.7, 17.646532, 36.2, 20.328129, 0.0, 22.9, 18.2, 0.177, 0.162, 0.0, 0.0
dp1, 20120820, 	26.2, 17.24583, 35.3, 18.379864, 0.0, 24.4, 16.4, 0.174, 0.162, 0.0, 0.0
dp2, 20120820, 	25.1, 17.373268, 37.1, 20.593754, 0.0, 23.4, 17.7, 0.167, 0.153, 0.0, 0.0
dp1, 20120821, 	26.9, 18.010769, 37.4, 19.794094, 0.0, 24.7, 17.2, 0.169, 0.156, 0.0, 0.0
dp2, 20120821, 	25.3, 16.949308, 38.6, 20.559376, 0.0, 23.5, 17.2, 0.155, 0.144, 0.0, 0.0
dp1, 20120822, 	30.0, 19.99445, 38.1, 20.291319, 0.0, 25.4, 17.3, 0.161, 0.149, 0.0, 0.0
dp2, 20120822, 	28.9, 18.522919, 39.6, 21.053123, 0.0, 24.0, 17.5, 0.148, 0.137, 0.0, 0.0
dp1, 20120823, 	32.5, 21.843407, 39.7, 22.102085, 0.0, 26.1, 18.0, 0.158, 0.145, 0.0, 0.0
dp2, 20120823, 	32.9, 22.033682, 40.6, 23.553123, 0.0, 24.4, 19.2, 0.143, 0.134, 0.0, 0.0
dp1, 20120824, 	33.5, 23.574995, 40.4, 23.410763, 0.0, 26.4, 18.9, 0.154, 0.141, 0.0, 0.0
dp2, 20120824, 	33.4, 24.307634, 42.9, 26.481598, 0.0, 25.7, 19.8, 0.139, 0.13, 0.0, 0.0
dp1, 20120825, 	32.9, 23.921185, 37.3, 23.43264, 0.0, 25.7, 19.4, 0.15, 0.139, 0.0, 0.0
dp2, 20120825, 	32.6, 24.199993, 43.1, 26.23056, 0.0, 25.8, 20.2, 0.136, 0.128, 0.0, 0.0
dp1, 20120826, 	31.1, 22.677082, 35.7, 22.30035, 0.0, 24.8, 20.2, 0.218, 0.137, 0.0, 0.0
dp2, 20120826, 	27.9, 21.69062, 27.2, 21.757988, 0.0, 25.1, 21.5, 0.244, 0.126, 0.0, 0.0
dp1, 20120827, 	29.5, 24.273266, 35.8, 25.437504, 0.0, 26.4, 22.1, 0.301, 0.209, 0.0, 0.0
dp2, 20120827, 	29.6, 23.125694, 36.1, 25.070486, 0.0, 24.7, 21.0, 0.268, 0.212, 0.0, 0.0
dp1, 20120828, 	29.6, 21.778467, 37.0, 22.248262, 0.0, 26.2, 19.5, 0.256, 0.217, 0.0, 0.0
dp2, 20120828, 	29.4, 20.995832, 37.0, 22.900011, 0.0, 24.9, 19.4, 0.216, 0.191, 0.0, 0.0
dp1, 20120829, 	29.6, 21.963205, 37.1, 22.327782, 0.0, 26.3, 19.8, 0.23, 0.199, 0.0, 0.0
dp2, 20120829, 	28.5, 21.3757, 37.1, 23.446882, 0.0, 25.2, 20.0, 0.192, 0.17, 0.0, 0.0
dp1, 20120830, 	32.2, 23.162842, 36.5, 22.750696, 0.0, 25.9, 20.0, 0.208, 0.183, 0.0, 0.0
dp2, 20120830, 	32.0, 23.682621, 39.3, 25.670122, 0.0, 25.8, 20.8, 0.178, 0.159, 0.0, 0.0
dp1, 20120831, 	28.4, 22.971886, 28.8, 21.613194, 0.0, 24.7, 20.4, 0.189, 0.176, 0.0, 0.0
dp2, 20120831, 	32.2, 24.777433, 40.2, 25.592005, 0.0, 26.5, 20.7, 0.167, 0.156, 0.0, 0.0
dp1, 20130801, 	27.1, -13.886815, 39.8, 23.207636, 0.0, 26.3, 18.9, 0.292, 0.231, 0.0, 0.0
dp2, 20130801, 	25.0, 19.97257, 31.5, 20.865978, 0.0, 23.0, 18.5, 0.205, 0.19, 0.0, 0.0
dp1, 20130802, 	27.4, 20.492363, 38.6, 21.325344, 0.0, 24.3, 19.6, 0.242, 0.205, 0.0, 0.0
dp2, 20130802, 	27.7, 21.000338, 34.0, 21.656252, 0.0, 24.1, 19.2, 0.212, 0.187, 0.0, 0.0
dp1, 20130803, 	27.3, 22.907995, 42.7, 26.481598, 0.0, 27.1, 21.1, 0.22, 0.192, 0.0, 0.0
dp2, 20130803, 	25.0, 20.663202, 33.6, 22.542362, 0.0, 25.2, 20.1, 0.208, 0.193, 0.0, 0.0
dp1, 20130804, 	25.7, 19.082985, 42.0, 22.570494, 0.0, 27.6, 18.8, 0.204, 0.182, 0.0, 0.0
dp2, 20130804, 	24.7, 18.32883, 35.1, 20.405907, 0.0, 25.3, 18.9, 0.198, 0.182, 0.0, 0.0
dp1, 20130805, 	25.2, 19.320501, 36.2, 20.591663, 0.0, 26.1, 19.3, 0.196, 0.174, 0.0, 0.0
dp2, 20130805, 	21.8, 17.241661, 27.2, 18.000355, 0.0, 24.5, 19.6, 0.186, 0.175, 0.0, 0.0
dp1, 20130806, 	28.5, 22.1816, 45.1, 25.36875, 0.0, 28.9, 21.0, 0.195, 0.169, 0.0, 0.0
dp2, 20130806, 	28.3, 21.743408, 36.1, 23.111107, 0.0, 24.8, 20.3, 0.189, 0.18, 0.0, 0.0
dp1, 20130807, 	27.2, 23.089926, 32.1, 24.02152, 0.0, 26.7, 21.9, 0.19, 0.168, 0.0, 0.0
dp2, 20130807, 	29.2, 24.338533, 36.6, 25.348614, 0.0, 26.2, 21.5, 0.188, 0.181, 0.0, 0.0
dp1, 20130808, 	25.7, 22.131258, 32.8, 23.492722, 0.0, 25.2, 21.7, 0.188, 0.168, 0.0, 0.0
dp2, 20130808, 	25.6, 20.504173, 35.3, 21.877434, 0.0, 25.4, 20.9, 0.184, 0.172, 0.0, 0.0
dp1, 20130809, 	27.3, 21.35834, 43.3, 24.80764, 0.0, 27.6, 20.0, 0.186, 0.162, 0.0, 0.0
dp2, 20130809, 	25.9, 19.510773, 33.5, 20.715618, 0.0, 24.5, 19.6, 0.174, 0.164, 0.0, 0.0
dp1, 20130810, 	27.6, 22.533327, 44.0, 26.793753, 0.0, 29.5, 21.5, 0.189, 0.163, 0.0, 0.0
dp2, 20130810, 	25.9, 20.023268, 38.4, 22.254868, 0.0, 25.1, 19.5, 0.168, 0.159, 0.0, 0.0
dp1, 20130811, 	27.2, 19.78333, 43.1, 23.764582, 0.0, 29.1, 20.0, 0.183, 0.158, 0.0, 0.0
dp2, 20130811, 	26.9, 18.16493, 38.0, 19.56494, 0.0, 24.3, 18.5, 0.163, 0.151, 0.0, 0.0
dp1, 20130812, 	27.8, 21.54931, 42.2, 23.753128, 0.0, 27.6, 21.3, 0.18, 0.159, 0.0, 0.0
dp2, 20130812, 	27.4, 21.919436, 33.8, 22.588896, 0.0, 24.1, 20.6, 0.159, 0.15, 0.0, 0.0
dp1, 20130813, 	24.2, 20.206602, 41.3, 23.4875, 0.0, 26.6, 20.9, 0.177, 0.154, 0.0, 0.0
dp2, 20130813, 	24.6, 17.637844, 35.5, 20.273958, 0.0, 23.9, 19.3, 0.155, 0.146, 0.0, 0.0
dp1, 20130814, 	21.6, 14.955215, 40.3, 17.97222, 0.0, 24.5, 17.7, 0.174, 0.151, 0.0, 0.0
dp2, 20130814, 	21.8, 14.545839, 37.9, 17.20486, 0.0, 23.1, 16.7, 0.151, 0.139, 0.0, 0.0
dp1, 20130815, 	23.1, 15.689926, 41.1, 19.20278, 0.0, 26.5, 17.4, 0.174, 0.151, 0.0, 0.0
dp2, 20130815, 	22.9, 15.945138, 34.9, 17.403124, 0.0, 22.2, 17.3, 0.149, 0.138, 0.0, 0.0
dp1, 20130816, 	24.8, 18.771519, 41.6, 22.07187, 0.0, 26.0, 19.4, 0.173, 0.15, 0.0, 0.0
dp2, 20130816, 	26.1, 17.75589, 40.6, 19.972921, 0.0, 23.7, 17.0, 0.147, 0.135, 0.0, 0.0
dp1, 20130817, 	25.9, 18.643398, 42.2, 21.977776, 0.0, 27.7, 18.9, 0.174, 0.15, 0.0, 0.0
dp2, 20130817, 	26.1, 17.529512, 39.6, 19.543741, 0.0, 23.7, 16.9, 0.147, 0.133, 0.0, 0.0
dp1, 20130818, 	27.4, 19.518745, 42.5, 22.877085, 0.0, 28.8, 19.1, 0.171, 0.148, 0.0, 0.0
dp2, 20130818, 	26.2, 17.778822, 40.8, 20.507294, 0.0, 24.5, 17.1, 0.145, 0.131, 0.0, 0.0
dp1, 20130819, 	28.0, 20.648613, 42.0, 23.419102, 0.0, 28.6, 19.9, 0.172, 0.148, 0.0, 0.0
dp2, 20130819, 	27.8, 18.840965, 39.0, 21.048607, 0.0, 24.5, 18.0, 0.142, 0.13, 0.0, 0.0
dp1, 20130820, 	28.8, 21.405903, 44.4, 24.186806, 0.0, 29.5, 20.1, 0.172, 0.149, 0.0, 0.0
dp2, 20130820, 	29.0, 21.479864, 38.9, 22.603813, 0.0, 24.6, 19.2, 0.14, 0.129, 0.0, 0.0
dp1, 20130821, 	29.7, 22.707302, 42.5, 25.063879, 0.0, 29.2, 20.7, 0.17, 0.148, 0.0, 0.0
dp2, 20130821, 	30.6, 23.559372, 41.8, 25.492363, 0.0, 26.6, 20.4, 0.142, 0.131, 0.0, 0.0
dp1, 20130822, 	28.9, 22.367712, 42.9, 24.184021, 0.0, 28.7, 22.2, 0.17, 0.149, 0.0, 0.0
dp2, 20130822, 	27.4, 21.516312, 26.6, 21.378471, 0.0, 25.8, 20.6, 0.418, 0.132, 0.0, 0.0
dp1, 20130823, 	28.5, 22.604525, 42.2, 26.119446, 0.0, 29.5, 21.2, 0.174, 0.15, 0.0, 0.0
dp2, 20130823, 	26.5, 19.543756, 33.0, 20.727774, 0.0, 24.3, 18.9, 0.362, 0.314, 0.0, 0.0
dp1, 20130824, 	29.4, 22.039238, 43.3, 24.656242, 0.0, 30.3, 20.6, 0.173, 0.148, 0.0, 0.0
dp2, 20130824, 	27.4, 19.1566, 34.9, 19.957985, 0.0, 24.3, 18.5, 0.319, 0.292, 0.0, 0.0
dp1, 20130825, 	29.7, 22.019787, 42.6, 24.654167, 0.0, 30.0, 20.7, 0.171, 0.147, 0.0, 0.0
dp2, 20130825, 	29.6, 22.905205, 36.2, 23.85799, 0.0, 26.2, 20.4, 0.296, 0.268, 0.0, 0.0
dp1, 20130826, 	31.0, 22.8493, 43.1, 25.082987, 0.0, 29.7, 21.1, 0.17, 0.146, 0.0, 0.0
dp2, 20130826, 	30.4, 24.023611, 38.1, 24.15, 0.0, 26.5, 21.4, 0.275, 0.248, 0.0, 0.0
dp1, 20130827, 	31.4, 25.23403, 41.2, 26.85173, 0.0, 29.4, 22.8, 0.169, 0.146, 0.0, 0.0
dp2, 20130827, 	31.9, 26.403814, 38.0, 26.562845, 0.0, 27.7, 22.7, 0.253, 0.228, 0.0, 0.0
dp1, 20130828, 	32.4, 26.146524, 44.3, 28.507982, 0.0, 30.8, 22.9, 0.17, 0.148, 0.0, 0.0
dp2, 20130828, 	29.5, 26.011112, 36.3, 26.531254, 0.0, 27.0, 23.1, 0.231, 0.215, 0.0, 0.0
dp1, 20130829, 	29.2, 24.546522, 42.1, 27.237833, 0.0, 30.3, 24.1, 0.172, 0.146, 0.0, 0.0
dp2, 20130829, 	28.5, 22.843056, 35.9, 24.682297, 0.0, 27.3, 22.9, 0.221, 0.204, 0.0, 0.0
dp1, 20130830, 	33.4, 24.15902, 45.4, 26.35, 0.0, 30.6, 22.3, 0.168, 0.143, 0.0, 0.0
dp2, 20130830, 	32.9, 24.044102, 38.5, 25.167013, 0.0, 28.2, 22.4, 0.208, 0.193, 0.0, 0.0
dp1, 20130831, 	34.2, 25.582634, 44.3, 27.610064, 0.0, 30.9, 23.0, 0.168, 0.144, 0.0, 0.0
dp2, 20130831, 	25.7, 21.927092, 33.8, 23.344088, 0.0, 27.2, 23.1, 0.313, 0.193, 0.0, 0.0
dp1, 20140801, 	26.7, 19.795145, 32.4, 19.580212, 0.0, 25.5, 19.7, 0.313, 0.285, 0.0, 0.0
dp2, 20140801, 	26.4, 19.608337, 34.7, 20.950691, 0.0, 1.4E-45, 0.0, 1.4E-45, 0.0, 0.0, 0.0
dp1, 20140802, 	26.5, 19.70208, 30.8, 20.281942, 0.0, 25.8, 19.1, 0.299, 0.276, 0.0, 0.0
dp2, 20140802, 	26.3, 18.984728, 35.1, 21.607288, 0.0, 1.4E-45, 0.0, 1.4E-45, 0.0, 0.0, 0.0
dp1, 20140803, 	27.3, 20.720142, 32.3, 21.025694, 0.0, 26.6, 19.5, 0.292, 0.267, 0.0, 0.0
dp2, 20140803, 	27.6, 21.090277, 34.1, 22.559372, 0.0, 1.4E-45, 0.0, 1.4E-45, 0.0, 0.0, 0.0
dp1, 20140804, 	27.7, 21.035425, 32.4, 21.146523, 0.0, 26.6, 20.0, 0.283, 0.258, 0.0, 0.0
dp2, 20140804, 	28.1, 21.098953, 36.8, 22.777788, 0.0, 1.4E-45, 0.0, 1.4E-45, 0.0, 0.0, 0.0
dp1, 20140805, 	27.0, 22.323612, 32.2, 22.691662, 0.0, 26.4, 21.4, 0.36, 0.256, 0.0, 0.0
dp2, 20140805, 	24.6, 20.497921, 32.8, 22.21215, 0.0, 21.7, 0.0, 1.4E-45, 0.0, 0.0, 0.0
dp1, 20140806, 	25.0, 20.807293, 27.7, 20.892714, 0.0, 25.6, 21.4, 0.33, 0.299, 0.0, 0.0
dp2, 20140806, 	24.8, -780.4715, 31.6, 21.482988, -798.0, 24.7, 0.0, 1.4E-45, 0.0, 0.0, 0.0
dp1, 20140807, 	22.7, 20.235771, 23.2, 19.622572, 0.0, 23.9, 20.8, 0.311, 0.288, 0.0, 0.0
dp2, 20140807, 	24.8, -16.178127, 29.2, 19.085072, -34.0, 24.6, 0.0, 1.4E-45, 0.0, 0.0, 0.0
dp1, 20140808, 	22.2, 19.838882, 23.4, 19.411455, 0.0, 22.8, 20.5, 0.304, 0.285, 0.0, 0.0
dp2, 20140808, 	25.7, 19.93924, 32.4, 20.49653, 0.0, 23.5, 0.0, 1.4E-45, 0.0, 0.0, 0.0
dp1, 20140809, 	24.5, 20.695484, 28.1, 20.206944, 0.0, 23.5, 20.3, 0.303, 0.282, 0.0, 0.0
dp2, 20140809, 	25.6, 20.20833, 31.6, 21.093754, 0.0, 24.2, 19.8, 1.4E-45, 0.0, 0.0, 0.0
dp1, 20140810, 	26.1, 22.301735, 31.5, 22.523949, 0.0, 24.5, 20.9, 0.299, 0.281, 0.0, 0.0
dp2, 20140810, 	26.8, 21.375698, 33.9, 22.730902, 0.0, 25.1, 0.0, 1.4E-45, 0.0, 0.0, 0.0
dp1, 20140811, 	26.7, 22.243744, 30.1, 22.411121, 0.0, 25.1, 21.6, 0.296, 0.275, 0.0, 0.0
dp2, 20140811, 	27.1, 21.409027, 34.0, 23.266315, 0.0, 24.4, 0.0, 1.4E-45, 0.0, 0.0, 0.0
dp1, 20140812, 	24.1, 19.230562, 25.0, 18.982285, 0.0, 24.5, 20.7, 0.288, 0.267, 0.0, 0.0
dp2, 20140812, 	23.3, 18.275, 27.6, 18.935415, 0.0, 1.4E-45, 0.0, 1.4E-45, 0.0, 0.0, 0.0
dp1, 20140813, 	25.0, 18.797916, 30.2, 19.408688, 0.0, 24.7, 18.6, 0.278, 0.258, 0.0, 0.0
dp2, 20140813, 	26.4, 18.319107, 31.3, 18.361458, 0.0, 1.4E-45, 0.0, 1.4E-45, 0.0, 0.0, 0.0
dp1, 20140814, 	25.5, 20.02257, 31.4, 20.719097, 0.0, 25.1, 19.9, 0.268, 0.25, 0.0, 0.0
dp2, 20140814, 	22.6, 17.756952, 31.7, 19.556248, 0.0, 1.4E-45, 0.0, 1.4E-45, 0.0, 0.0, 0.0
dp1, 20140815, 	22.8, 16.66112, 29.3, 16.51667, 0.0, 23.8, 18.2, 0.262, 0.243, 0.0, 0.0
dp2, 20140815, 	23.8, -1236.4746, 33.6, 17.01458, -1249.0, 24.0, 0.0, 1.4E-45, 0.0, 0.0, 0.0
dp1, 20140816, 	24.1, 20.410774, 26.7, 20.321861, 0.0, 22.7, 20.2, 0.254, 0.24, 0.0, 0.0
dp2, 20140816, 	25.4, 19.031593, 33.3, 19.83994, 0.0, 23.3, 19.1, 1.4E-45, 0.0, 0.0, 0.0
dp1, 20140817, 	25.9, 21.052776, 29.3, 21.321526, 0.0, 23.9, 20.2, 0.289, 0.239, 0.0, 0.0
dp2, 20140817, 	25.3, 19.86284, 35.2, 21.180214, 0.0, 24.2, 19.2, 1.4E-45, 0.0, 0.0, 0.0
dp1, 20140818, 	26.9, 21.403128, 33.5, 22.778118, 0.0, 25.4, 20.8, 0.269, 0.249, 0.0, 0.0
dp2, 20140818, 	26.7, 20.000696, 35.8, 22.43681, 0.0, 25.2, 20.2, 1.4E-45, 0.0, 0.0, 0.0
dp1, 20140819, 	28.0, 22.413877, 32.2, 22.041668, 0.0, 24.9, 20.8, 0.26, 0.238, 0.0, 0.0
dp2, 20140819, 	28.5, 23.018402, 35.2, 23.316326, 0.0, 25.1, 21.2, 1.4E-45, 0.0, 0.0, 0.0
dp1, 20140820, 	25.4, -13.976382, 28.5, 20.27535, 0.0, 24.5, 20.2, 0.261, 0.237, 0.0, 0.0
dp2, 20140820, 	28.3, 21.976044, 36.4, 23.132627, 0.0, 26.2, 20.2, 1.4E-45, 0.0, 0.0, 0.0
dp1, 20140821, 	30.0, 24.57431, 33.6, 24.574661, 0.0, 25.8, 21.3, 0.263, 0.246, 0.0, 0.0
dp2, 20140821, 	26.4, 22.283337, 33.8, 22.674988, 0.0, 25.5, 21.8, 1.4E-45, 0.0, 0.0, 0.0
dp1, 20140822, 	28.5, 25.139929, 32.2, 24.76735, 0.0, 25.5, 22.9, 0.266, 0.246, 0.0, 0.0
dp2, 20140822, 	27.9, 24.027088, 31.6, 24.773966, 0.0, 25.6, 22.4, 1.4E-45, 0.0, 0.0, 0.0
dp1, 20140823, 	29.8, 24.284727, 34.0, 24.572214, 0.0, 26.7, 22.8, 0.365, 0.247, 0.0, 0.0
dp2, 20140823, 	26.6, 22.720146, 29.3, 23.088541, 0.0, 25.6, 22.7, 1.4E-45, 0.0, 0.0, 0.0
dp1, 20140824, 	30.9, 24.582285, 35.5, 25.390274, 0.0, 28.0, 22.6, 0.353, 0.305, 0.0, 0.0
dp2, 20140824, 	29.5, 22.843044, 35.1, 24.198265, 0.0, 26.9, 21.4, 1.4E-45, 0.0, 0.0, 0.0
dp1, 20140825, 	32.4, 26.221874, 36.2, 26.80451, 0.0, 28.7, 23.3, 0.32, 0.286, 0.0, 0.0
dp2, 20140825, 	27.5, 24.592361, 34.3, 25.494087, 0.0, 26.9, 24.0, 1.4E-45, 0.0, 0.0, 0.0
dp1, 20140826, 	31.2, 24.012505, 36.2, 24.313189, 0.0, 28.2, 22.8, 0.431, 0.287, 0.0, 0.0
dp2, 20140826, 	26.7, 22.971182, 35.0, 24.65243, 0.0, 27.7, 22.6, 1.4E-45, 0.0, 0.0, 0.0
dp1, 20140827, 	29.3, 23.27362, 35.4, 23.933678, 0.0, 27.2, 23.0, 0.372, 0.328, 0.0, 0.0
dp2, 20140827, 	25.4, 21.019442, 35.1, 23.117704, 0.0, 27.0, 22.5, 1.4E-45, 0.0, 0.0, 0.0
dp1, 20140828, 	27.9, 22.232986, 30.5, 22.557283, 0.0, 26.8, 22.7, 0.375, 0.322, 0.0, 0.0
dp2, 20140828, 	24.9, 19.15937, 31.3, 20.249992, 0.0, 26.0, 21.1, 1.4E-45, 0.0, 0.0, 0.0
dp1, 20140829, 	30.0, 24.173954, 33.3, 24.059368, 0.0, 26.8, 23.5, 0.364, 0.325, 0.0, 0.0
dp2, 20140829, 	28.4, 22.432987, 32.3, 23.15486, 0.0, 25.6, 21.5, 1.4E-45, 0.0, 0.0, 0.0
dp1, 20140830, 	27.6, 24.180557, 31.1, 24.046877, 0.0, 26.3, 23.4, 0.349, 0.317, 0.0, 0.0
dp2, 20140830, 	26.5, 22.962494, 32.4, 23.432976, 0.0, 25.7, 22.1, 1.4E-45, 0.0, 0.0, 0.0
dp1, 20140831, 	28.1, 23.957642, 32.1, 24.38541, 0.0, 26.2, 23.4, 0.337, 0.31, 0.0, 0.0
dp2, 20140831, 	27.8, 21.451393, 35.2, 23.023964, 0.0, 27.1, 21.2, 1.4E-45, 0.0, 0.0, 0.0
dp1, 20150801, 	28.4, 21.716671, 34.4, 21.982635, 0.0, 25.4, 20.3, 0.297, 0.274, 0.0, 0.0
dp2, 20150801, 	28.2, 20.845484, 37.7, 23.078135, 0.0, 25.7, 20.4, 1.4E-45, 0.0, 0.0, 0.0
dp1, 20150802, 	31.5, 23.09236, 34.7, 23.410418, 0.0, 25.4, 20.7, 0.284, 0.263, 0.0, 0.0
dp2, 20150802, 	30.5, 24.507986, 41.5, 26.238531, 0.0, 27.0, 21.9, 1.4E-45, 0.0, 0.0, 0.0
dp1, 20150803, 	28.9, 24.671877, 33.6, 25.691324, 0.0, 26.3, 22.1, 0.275, 0.258, 0.0, 0.0
dp2, 20150803, 	28.8, 23.347565, 36.3, 26.124657, 0.0, 26.3, 22.6, 1.4E-45, 0.0, 0.0, 0.0
dp1, 20150804, 	27.0, 20.270834, 33.1, 21.221527, 0.0, 25.6, 20.2, 0.268, 0.247, 0.0, 0.0
dp2, 20150804, 	25.7, 19.53715, 37.1, 21.998941, 0.0, 25.1, 20.6, 1.4E-45, 0.0, 0.0, 0.0
dp1, 20150805, 	27.9, 21.818754, 34.0, 22.786455, 0.0, 25.5, 20.8, 0.261, 0.244, 0.0, 0.0
dp2, 20150805, 	25.9, 18.877434, 37.5, 22.000343, 0.0, 25.3, 19.5, 1.4E-45, 0.0, 0.0, 0.0
dp1, 20150806, 	27.1, 22.603132, 31.1, 23.287155, 0.0, 24.8, 21.5, 0.258, 0.239, 0.0, 0.0
dp2, 20150806, 	27.3, 20.697214, 42.0, 23.712852, 0.0, 25.7, 20.4, 1.4E-45, 0.0, 0.0, 0.0
dp1, 20150807, 	27.1, 19.843058, 35.0, 21.967365, 0.0, 25.6, 19.8, 0.254, 0.237, 0.0, 0.0
dp2, 20150807, 	26.6, 20.670492, 38.3, 23.802782, 0.0, 25.3, 20.8, 1.4E-45, 0.0, 0.0, 0.0
dp1, 20150808, 	29.4, 21.987846, 37.9, 22.966667, 0.0, 25.1, 20.9, 0.252, 0.236, 0.0, 0.0
dp2, 20150808, 	24.5, 20.917364, 34.2, 22.455202, 0.0, 25.0, 21.4, 1.4E-45, 0.0, 0.0, 0.0
dp1, 20150809, 	27.5, 22.822912, 31.3, 22.935762, 0.0, 25.0, 22.4, 0.331, 0.235, 0.0, 0.0
dp2, 20150809, 	24.0, 20.085405, 30.4, 21.331951, 0.0, 23.1, 21.0, 1.4E-45, 0.0, 0.0, 0.0
dp1, 20150810, 	28.1, 24.640274, 34.7, 25.890982, 0.0, 26.2, 22.9, 0.309, 0.285, 0.0, 0.0
dp2, 20150810, 	27.1, -12.712858, 42.4, 24.717014, 0.0, 24.9, 21.6, 1.4E-45, 0.0, 0.0, 0.0
dp1, 20150811, 	27.4, 22.537153, 32.7, 23.847918, 0.0, 25.7, 22.2, 0.298, 0.273, 0.0, 0.0
dp2, 20150811, 	26.5, 20.928476, 37.2, 23.728474, 0.0, 25.5, 20.7, 1.4E-45, 0.0, 0.0, 0.0
dp1, 20150812, 	27.0, 20.420135, 33.9, 22.474306, 0.0, 25.5, 20.6, 0.284, 0.26, 0.0, 0.0
dp2, 20150812, 	25.5, 19.773268, 39.2, 23.478125, 0.0, 25.9, 20.4, 1.4E-45, 0.0, 0.0, 0.0
dp1, 20150813, 	27.8, 20.595833, 34.9, 22.39201, 0.0, 25.6, 20.2, 0.27, 0.25, 0.0, 0.0
dp2, 20150813, 	26.8, 20.825005, 38.4, 22.916323, 0.0, 25.4, 21.0, 1.4E-45, 0.0, 0.0, 0.0
dp1, 20150814, 	29.4, 22.424305, 37.3, 24.009373, 0.0, 26.1, 21.2, 0.258, 0.243, 0.0, 0.0
dp2, 20150814, 	29.5, 24.004173, 39.9, 25.538538, 0.0, 26.3, 22.1, 1.4E-45, 0.0, 0.0, 0.0
dp1, 20150815, 	30.7, 24.198263, 39.3, 26.429861, 0.0, 27.4, 22.3, 0.253, 0.236, 0.0, 0.0
dp2, 20150815, 	30.2, 23.392357, 40.5, 25.359718, 0.0, 27.0, 21.9, 1.4E-45, 0.0, 0.0, 0.0
dp1, 20150816, 	30.1, 24.355204, 36.1, 26.236458, 0.0, 27.1, 22.4, 0.249, 0.232, 0.0, 0.0
dp2, 20150816, 	30.0, 23.862839, 40.6, 26.290962, 0.0, 28.0, 21.9, 1.4E-45, 0.0, 0.0, 0.0
dp1, 20150817, 	29.9, 23.951733, 37.9, 25.395832, 0.0, 26.8, 22.5, 0.277, 0.228, 0.0, 0.0
dp2, 20150817, 	29.8, 22.951733, 39.3, 24.601042, 0.0, 27.3, 22.5, 1.4E-45, 0.0, 0.0, 0.0
dp1, 20150818, 	29.0, 22.767706, 32.1, 22.628813, 0.0, 25.8, 22.7, 0.353, 0.246, 0.0, 0.0
dp2, 20150818, 	25.4, 21.279503, 33.8, 23.212498, 0.0, 26.2, 22.5, 1.4E-45, 0.0, 0.0, 0.0
dp1, 20150819, 	25.3, 21.422918, 28.3, 21.51076, 0.0, 24.8, 22.1, 0.357, 0.318, 0.0, 0.0
dp2, 20150819, 	23.7, 19.605211, 32.4, 21.945826, 0.0, 24.7, 22.2, 1.4E-45, 0.0, 0.0, 0.0
dp1, 20150820, 	24.1, 17.969091, 29.1, 18.63056, 0.0, 22.9, 19.4, 0.344, 0.314, 0.0, 0.0
dp2, 20150820, 	22.5, 17.2375, 28.4, 18.85244, 0.0, 23.0, 19.3, 1.4E-45, 0.0, 0.0, 0.0
dp1, 20150821, 	26.1, 18.031599, 32.7, 18.747927, 0.0, 23.6, 18.2, 0.329, 0.303, 0.0, 0.0
dp2, 20150821, 	26.7, 17.850689, 37.3, 19.927431, 0.0, 24.4, 17.9, 1.4E-45, 0.0, 0.0, 0.0
dp1, 20150822, 	24.9, 18.983324, 28.5, 18.969093, 0.0, 23.1, 19.2, 0.319, 0.294, 0.0, 0.0
dp2, 20150822, 	24.8, 19.54966, 32.8, 20.695826, 0.0, 23.9, 19.4, 1.4E-45, 0.0, 0.0, 0.0
dp1, 20150823, 	24.3, 20.359024, 28.5, 20.578468, 0.0, 22.4, 20.2, 0.306, 0.288, 0.0, 0.0
dp2, 20150823, 	22.3, 19.796879, 29.7, 21.057636, 0.0, 22.8, 20.3, 1.4E-45, 0.0, 0.0, 0.0
dp1, 20150824, 	23.8, 16.965273, 28.2, 17.336113, 0.0, 22.0, 17.9, 0.298, 0.275, 0.0, 0.0
dp2, 20150824, 	21.7, 15.94792, 29.1, 17.312845, 0.0, 21.9, 17.6, 1.4E-45, 0.0, 0.0, 0.0
dp1, 20150825, 	22.8, 16.071531, 29.4, 16.82708, 0.0, 21.8, 17.1, 0.286, 0.265, 0.0, 0.0
dp2, 20150825, 	21.8, 16.372572, 32.7, 18.626392, 0.0, 21.5, 17.4, 1.4E-45, 0.0, 0.0, 0.0
dp1, 20150826, 	21.2, 16.943745, 29.3, 18.177431, 0.0, 21.9, 18.4, 0.278, 0.256, 0.0, 0.0
dp2, 20150826, 	19.8, 15.858675, 32.1, 17.740278, 0.0, 20.8, 17.9, 1.4E-45, 0.0, 0.0, 0.0
dp1, 20150827, 	24.2, 15.614933, 34.1, 17.11111, 0.0, 22.5, 16.6, 0.265, 0.249, 0.0, 0.0
dp2, 20150827, 	21.4, 14.032292, 33.7, 16.423613, 0.0, 21.8, 16.0, 1.4E-45, 0.0, 0.0, 0.0
dp1, 20150828, 	25.4, 18.732634, 33.6, 18.990974, 0.0, 22.2, 18.0, 0.26, 0.243, 0.0, 0.0
dp2, 20150828, 	20.3, 15.966673, 23.5, 16.335762, 0.0, 21.1, 17.7, 1.4E-45, 0.0, 0.0, 0.0
dp1, 20150829, 	26.5, 20.619102, 30.4, 20.448273, 0.0, 22.1, 19.5, 0.255, 0.24, 0.0, 0.0
dp2, 20150829, 	21.7, 18.616663, 27.7, 19.028818, 0.0, 20.1, 18.2, 1.4E-45, 0.0, 0.0, 0.0
dp1, 20150830, 	28.7, 22.17743, 36.9, 23.413887, 0.0, 24.0, 19.8, 0.251, 0.238, 0.0, 0.0
dp2, 20150830, 	23.9, 19.673256, 32.4, 21.860775, 0.0, 22.8, 19.0, 1.4E-45, 0.0, 0.0, 0.0
dp1, 20150831, 	29.4, 22.812859, 35.4, 23.961811, 0.0, 25.1, 20.4, 0.249, 0.234, 0.0, 0.0
dp2, 20150831, 	28.4, 19.30486, 34.4, 21.21424, 0.0, 24.4, 18.6, 1.4E-45, 0.0, 0.0, 0.0
dp1, 20160801, 	28.6, 23.204512, 35.1, 23.785416, 0.0, 27.3, 23.5, 0.387, 0.358, 0.0, 0.0
dp2, 20160801, 	27.8, 21.717018, 35.5, 23.272575, 0.0, 24.8, 21.2, 0.301, 0.277, 0.0, 0.0
dp1, 20160802, 	28.1, 23.236803, 33.4, 23.531933, 0.0, 26.9, 23.3, 0.373, 0.344, 0.0, 0.0
dp2, 20160802, 	28.6, 22.714931, 35.0, 23.859383, 0.0, 24.9, 21.7, 0.279, 0.264, 0.0, 0.0
dp1, 20160803, 	30.2, 24.55903, 35.4, 25.143744, 0.0, 28.0, 23.6, 0.362, 0.333, 0.0, 0.0
dp2, 20160803, 	29.9, 23.861456, 36.9, 25.498604, 0.0, 25.7, 22.0, 0.267, 0.247, 0.0, 0.0
dp1, 20160804, 	30.4, 24.711805, 36.9, 25.642008, 0.0, 28.4, 23.7, 0.347, 0.316, 0.0, 0.0
dp2, 20160804, 	30.2, 23.486803, 36.5, 24.990273, 0.0, 25.9, 22.0, 0.25, 0.232, 0.0, 0.0
dp1, 20160805, 	28.1, 24.444796, 34.1, 24.881254, 0.0, 28.0, 24.6, 0.333, 0.305, 0.0, 0.0
dp2, 20160805, 	27.7, 23.69271, 34.9, 24.91806, 0.0, 25.6, 23.1, 0.279, 0.232, 0.0, 0.0
dp1, 20160806, 	27.1, 22.577423, 35.7, 23.91771, 0.0, 27.3, 23.4, 0.32, 0.295, 0.0, 0.0
dp2, 20160806, 	26.6, 21.164581, 34.5, 23.010416, 0.0, 25.2, 21.9, 0.275, 0.255, 0.0, 0.0
dp1, 20160807, 	27.1, 21.210764, 36.4, 22.271875, 0.0, 26.5, 22.2, 0.303, 0.283, 0.0, 0.0
dp2, 20160807, 	27.0, 20.07396, 36.2, 21.32258, 0.0, 24.8, 20.6, 0.258, 0.243, 0.0, 0.0
dp1, 20160808, 	28.3, 21.66493, 33.3, 21.7184, 0.0, 25.9, 22.3, 0.291, 0.273, 0.0, 0.0
dp2, 20160808, 	27.9, 22.23403, 35.0, 23.522224, 0.0, 24.5, 21.5, 0.246, 0.229, 0.0, 0.0
dp1, 20160809, 	29.5, 23.769438, 36.3, 24.906593, 0.0, 27.4, 22.6, 0.284, 0.268, 0.0, 0.0
dp2, 20160809, 	28.8, 22.772564, 35.5, 24.006939, 0.0, 24.8, 21.4, 0.231, 0.217, 0.0, 0.0
dp1, 20160810, 	31.0, 24.509718, 37.3, 25.692009, 0.0, 28.0, 22.8, 0.28, 0.26, 0.0, 0.0
dp2, 20160810, 	29.9, 23.337843, 38.8, 26.005209, 0.0, 25.2, 21.6, 0.22, 0.208, 0.0, 0.0
dp1, 20160811, 	31.8, 26.257984, 37.4, 27.05244, 0.0, 28.1, 24.1, 0.273, 0.255, 0.0, 0.0
dp2, 20160811, 	31.6, 23.894094, 39.5, 25.40244, 0.0, 25.2, 22.2, 0.211, 0.202, 0.0, 0.0
dp1, 20160812, 	30.4, 26.382982, 33.0, 26.523949, 0.0, 27.5, 24.7, 0.265, 0.25, 0.0, 0.0
dp2, 20160812, 	26.4, 23.63055, 33.1, 24.560408, 0.0, 24.7, 23.0, 0.404, 0.2, 0.0, 0.0
dp1, 20160813, 	27.6, 23.937151, 28.8, 24.33854, 0.0, 26.8, 24.4, 0.357, 0.251, 0.0, 0.0
dp2, 20160813, 	27.6, 23.956581, 32.7, 25.382296, 0.0, 24.8, 23.4, 0.355, 0.317, 0.0, 0.0
dp1, 20160814, 	24.6, 20.959728, 29.7, 21.286467, 0.0, 25.9, 22.5, 0.342, 0.317, 0.0, 0.0
dp2, 20160814, 	27.4, 21.578814, 35.8, 23.094105, 0.0, 24.7, 21.5, 0.319, 0.282, 0.0, 0.0
dp1, 20160815, 	24.4, 21.61944, 24.1, 21.420486, 0.0, 24.4, 22.9, 0.418, 0.314, 0.0, 0.0
dp2, 20160815, 	25.5, 20.10001, 29.6, 20.264582, 0.0, 24.5, 20.9, 0.285, 0.262, 0.0, 0.0
dp1, 20160816, 	27.8, 23.684702, 33.3, 24.923635, 0.0, 26.0, 22.9, 0.429, 0.395, 0.0, 0.0
dp2, 20160816, 	28.3, 23.403477, 35.9, 25.429173, 0.0, 24.9, 21.8, 0.265, 0.24, 0.0, 0.0
dp1, 20160817, 	28.4, -11.527777, 35.5, 24.992702, 0.0, 26.6, 23.5, 0.42, 0.387, 0.0, 0.0
dp2, 20160817, 	28.9, 22.876041, 35.7, 23.882988, 0.0, 24.7, 21.7, 0.243, 0.223, 0.0, 0.0
dp1, 20160818, 	29.4, 24.31945, 35.2, 25.94131, 0.0, 26.9, 23.2, 0.409, 0.37, 0.0, 0.0
dp2, 20160818, 	29.6, 23.128132, 35.8, 24.25937, 0.0, 25.1, 22.0, 0.383, 0.218, 0.0, 0.0
dp1, 20160819, 	27.8, 23.031607, 37.2, 24.562853, 0.0, 26.6, 23.6, 0.4, 0.369, 0.0, 0.0
dp2, 20160819, 	28.4, 22.473618, 33.8, 23.444105, 0.0, 25.0, 22.2, 0.471, 0.312, 0.0, 0.0
dp1, 20160820, 	26.4, 23.512838, 28.8, 23.94791, 0.0, 26.1, 23.9, 0.398, 0.37, 0.0, 0.0
dp2, 20160820, 	25.1, 22.036797, 30.2, 22.061455, 0.0, 24.8, 22.3, 0.507, 0.382, 0.0, 0.0
dp1, 20160821, 	23.8, 18.916668, 28.0, 20.164925, 0.0, 25.2, 21.6, 0.388, 0.355, 0.0, 0.0
dp2, 20160821, 	23.3, 17.79653, 29.1, 18.463886, 0.0, 23.3, 20.3, 0.408, 0.376, 0.0, 0.0
dp1, 20160822, 	25.2, 17.97257, 32.1, 20.121872, 0.0, 24.5, 20.0, 0.373, 0.343, 0.0, 0.0
dp2, 20160822, 	24.4, 17.042706, 31.2, 18.589935, 0.0, 22.6, 18.4, 0.378, 0.35, 0.0, 0.0
dp1, 20160823, 	26.5, 19.599651, 30.6, 20.544441, 0.0, 24.0, 20.2, 0.357, 0.327, 0.0, 0.0
dp2, 20160823, 	26.0, 19.63264, 32.1, 19.986456, 0.0, 22.7, 19.4, 0.352, 0.323, 0.0, 0.0
dp1, 20160824, 	30.0, 23.964941, 32.3, 24.365625, 0.0, 24.6, 22.1, 0.397, 0.324, 0.0, 0.0
dp2, 20160824, 	28.2, 22.88403, 32.3, 23.060421, 0.0, 23.5, 20.9, 0.494, 0.313, 0.0, 0.0
dp1, 20160825, 	29.0, 24.498613, 34.3, 26.017008, 0.0, 25.8, 22.5, 0.377, 0.352, 0.0, 0.0
dp2, 20160825, 	26.5, 23.167004, 32.8, 23.68125, 0.0, 24.2, 21.9, 0.477, 0.407, 0.0, 0.0
dp1, 20160826, 	29.5, 23.957981, 38.1, 25.631952, 0.0, 26.2, 23.2, 0.368, 0.342, 0.0, 0.0
dp2, 20160826, 	25.5, 20.05, 31.7, 20.62361, 0.0, 23.8, 20.8, 0.409, 0.388, 0.0, 0.0
dp1, 20160827, 	30.0, 24.279509, 35.9, 25.954874, 0.0, 26.5, 23.3, 0.373, 0.345, 0.0, 0.0
dp2, 20160827, 	27.3, 21.933327, 32.2, 22.656593, 0.0, 23.9, 21.2, 0.488, 0.383, 0.0, 0.0
dp1, 20160828, 	31.2, 24.593058, 40.5, 27.013548, 0.0, 26.9, 23.2, 0.37, 0.341, 0.0, 0.0
dp2, 20160828, 	29.4, 23.01909, 36.7, 23.957989, 0.0, 24.9, 21.7, 0.42, 0.397, 0.0, 0.0
dp1, 20160829, 	30.8, 24.938194, 40.1, 27.525343, 0.0, 27.1, 23.5, 0.359, 0.331, 0.0, 0.0
dp2, 20160829, 	28.9, 22.278463, 36.1, 22.942709, 0.0, 24.5, 21.8, 0.401, 0.379, 0.0, 0.0
dp1, 20160830, 	28.9, 23.731606, 35.5, 24.925354, 0.0, 26.8, 23.3, 0.351, 0.327, 0.0, 0.0
dp2, 20160830, 	28.3, 22.031944, 32.5, 22.853119, 0.0, 24.5, 21.6, 0.513, 0.375, 0.0, 0.0
dp1, 20160831, 	27.8, -11.60209, 34.7, 24.509724, 0.0, 25.7, 23.5, 0.342, 0.321, 0.0, 0.0
dp2, 20160831, 	24.6, 21.227077, 30.9, 22.442358, 0.0, 24.1, 21.9, 0.447, 0.413, 0.0, 0.0
dp1, 20170801, 	28.4, 22.296175, 40.2, 23.617357, 0.0, 1.4E-45, 0.0, 1.4E-45, 0.0, 0.0, 0.0
dp2, 20170801, 	27.7, 21.497911, 36.8, 25.209024, 0.0, 25.2, 21.2, 0.326, 0.305, 0.0, 0.0
dp1, 20170802, 	28.5, -13.18055, 39.4, 24.18611, 0.0, 1.4E-45, 0.0, 1.4E-45, 0.0, 0.0, 0.0
dp2, 20170802, 	28.1, 21.99964, 37.9, 24.98958, 0.0, 25.5, 21.6, 0.307, 0.286, 0.0, 0.0
dp1, 20170803, 	29.2, 22.255903, 36.5, 23.085413, 0.0, 1.4E-45, 0.0, 1.4E-45, 0.0, 0.0, 0.0
dp2, 20170803, 	27.6, 22.14341, 35.5, 24.2243, 0.0, 25.4, 22.2, 0.287, 0.273, 0.0, 0.0
dp1, 20170804, 	24.7, 18.105549, 24.8, 18.659374, 0.0, 1.4E-45, 0.0, 1.4E-45, 0.0, 0.0, 0.0
dp2, 20170804, 	25.2, 15.669442, 26.5, 16.268057, 0.0, 25.0, 20.5, 0.278, 0.257, 0.0, 0.0
dp1, 20170805, 	24.7, 17.0368, 32.5, 18.101393, 0.0, 1.4E-45, 0.0, 1.4E-45, 0.0, 0.0, 0.0
dp2, 20170805, 	25.0, 18.069094, 32.4, 19.887503, 0.0, 22.7, 19.1, 0.259, 0.248, 0.0, 0.0
dp1, 20170806, 	22.6, 18.488195, 29.1, 18.617018, 0.0, 1.4E-45, 0.0, 1.4E-45, 0.0, 0.0, 0.0
dp2, 20170806, 	22.8, 18.670834, 28.4, 20.095144, 0.0, 22.4, 20.1, 0.25, 0.239, 0.0, 0.0
dp1, 20170807, 	24.0, 19.955208, 30.1, 21.2132, 0.0, 1.4E-45, 0.0, 1.4E-45, 0.0, 0.0, 0.0
dp2, 20170807, 	24.5, 17.68368, 32.8, 19.729515, 0.0, 22.7, 19.1, 0.242, 0.229, 0.0, 0.0
dp1, 20170808, 	26.8, 18.543747, 37.3, 20.841667, 0.0, 1.4E-45, 0.0, 1.4E-45, 0.0, 0.0, 0.0
dp2, 20170808, 	26.0, 17.247572, 34.9, 19.184027, 0.0, 22.5, 18.3, 0.232, 0.219, 0.0, 0.0
dp1, 20170809, 	26.8, 19.053127, 37.9, 20.781944, 0.0, 1.4E-45, 0.0, 1.4E-45, 0.0, 0.0, 0.0
dp2, 20170809, 	26.0, 18.203468, 34.1, 20.423265, 0.0, 22.5, 18.3, 0.222, 0.21, 0.0, 0.0
dp1, 20170810, 	28.7, 20.664587, 37.9, 21.897564, 0.0, 1.4E-45, 0.0, 1.4E-45, 0.0, 0.0, 0.0
dp2, 20170810, 	28.1, 20.147917, 36.3, 22.017014, 0.0, 23.1, 19.3, 0.214, 0.204, 0.0, 0.0
dp1, 20170811, 	27.6, 22.451736, 35.5, 24.016678, 0.0, 1.4E-45, 0.0, 1.4E-45, 0.0, 0.0, 0.0
dp2, 20170811, 	24.0, 19.232992, 27.3, 20.40278, 0.0, 22.8, 20.4, 0.207, 0.199, 0.0, 0.0
dp1, 20170812, 	25.1, 18.585417, 34.9, 20.6125, 0.0, 1.4E-45, 0.0, 1.4E-45, 0.0, 0.0, 0.0
dp2, 20170812, 	23.4, 16.973259, 31.6, 19.151041, 0.0, 21.8, 18.6, 0.201, 0.194, 0.0, 0.0
dp1, 20170813, 	25.8, 17.8184, 37.3, 20.137848, 0.0, 1.4E-45, 0.0, 1.4E-45, 0.0, 0.0, 0.0
dp2, 20170813, 	23.1, 16.06667, 31.6, 18.263542, 0.0, 21.6, 17.6, 0.196, 0.187, 0.0, 0.0
dp1, 20170814, 	28.1, 21.096535, 39.5, 23.160418, 0.0, 1.4E-45, 0.0, 1.4E-45, 0.0, 0.0, 0.0
dp2, 20170814, 	26.5, 18.791662, 33.7, 20.64479, 0.0, 21.9, 18.3, 0.19, 0.184, 0.0, 0.0
dp1, 20170815, 	30.2, 23.122578, 40.2, 25.188887, 0.0, 1.4E-45, 0.0, 1.4E-45, 0.0, 0.0, 0.0
dp2, 20170815, 	27.3, 21.673622, 38.2, 24.402433, 0.0, 23.0, 19.4, 0.187, 0.181, 0.0, 0.0
dp1, 20170816, 	28.8, 23.124651, 34.5, 23.162163, 0.0, 1.4E-45, 0.0, 1.4E-45, 0.0, 0.0, 0.0
dp2, 20170816, 	29.5, 20.630547, 34.7, 21.788548, 0.0, 23.1, 19.6, 0.333, 0.177, 0.0, 0.0
dp1, 20170817, 	28.9, 24.257992, 36.6, 25.711107, 0.0, 1.4E-45, 0.0, 1.4E-45, 0.0, 0.0, 0.0
dp2, 20170817, 	26.3, 23.284716, 31.3, 24.274302, 0.0, 23.3, 21.9, 0.485, 0.293, 0.0, 0.0
dp1, 20170818, 	28.6, 22.23576, 37.4, 23.987503, 0.0, 1.4E-45, 0.0, 1.4E-45, 0.0, 0.0, 0.0
dp2, 20170818, 	25.6, 21.29305, 30.8, 23.034025, 0.0, 23.1, 21.0, 0.371, 0.345, 0.0, 0.0
dp1, 20170819, 	29.6, 22.382288, 41.2, 25.012508, 0.0, 1.4E-45, 0.0, 1.4E-45, 0.0, 0.0, 0.0
dp2, 20170819, 	26.1, 19.917364, 36.9, 23.418055, 0.0, 23.0, 20.2, 0.346, 0.32, 0.0, 0.0
dp1, 20170820, 	31.7, 23.334373, 41.9, 24.719433, 0.0, 1.4E-45, 0.0, 1.4E-45, 0.0, 0.0, 0.0
dp2, 20170820, 	27.5, 19.48889, 36.3, 20.923264, 0.0, 23.0, 19.7, 0.322, 0.301, 0.0, 0.0
dp1, 20170821, 	30.7, 24.665285, 36.0, 25.106945, 0.0, 1.4E-45, 0.0, 1.4E-45, 0.0, 0.0, 0.0
dp2, 20170821, 	26.7, 22.275349, 32.1, 23.17882, 0.0, 23.0, 21.2, 0.311, 0.295, 0.0, 0.0
dp1, 20170822, 	26.7, 23.035412, 32.3, 23.670145, 0.0, 1.4E-45, 0.0, 1.4E-45, 0.0, 0.0, 0.0
dp2, 20170822, 	24.7, 22.112848, 29.2, 23.14479, 0.0, 22.9, 21.5, 0.301, 0.284, 0.0, 0.0
dp1, 20170823, 	24.6, 17.938192, 34.3, 19.305906, 0.0, 1.4E-45, 0.0, 1.4E-45, 0.0, 0.0, 0.0
dp2, 20170823, 	23.6, 16.852085, 28.9, 18.722216, 0.0, 22.1, 19.0, 0.286, 0.266, 0.0, 0.0
dp1, 20170824, 	25.2, 17.468754, 36.5, 18.728827, 0.0, 1.4E-45, 0.0, 1.4E-45, 0.0, 0.0, 0.0
dp2, 20170824, 	22.6, 15.852432, 30.5, 17.978817, 0.0, 21.1, 18.1, 0.269, 0.25, 0.0, 0.0
dp1, 20170825, 	24.4, 17.577435, 35.1, 19.671185, 0.0, 1.4E-45, 0.0, 1.4E-45, 0.0, 0.0, 0.0
dp2, 20170825, 	22.3, 14.165973, 29.8, 16.070837, 0.0, 20.5, 16.8, 0.252, 0.243, 0.0, 0.0
dp1, 20170826, 	26.2, 18.750353, 36.1, 20.47118, 0.0, 1.4E-45, 0.0, 1.4E-45, 0.0, 0.0, 0.0
dp2, 20170826, 	22.9, 16.072575, 29.9, 17.161804, 0.0, 20.1, 17.4, 0.245, 0.231, 0.0, 0.0
dp1, 20170827, 	27.5, 19.46285, 37.1, 21.228819, 0.0, 1.4E-45, 0.0, 1.4E-45, 0.0, 0.0, 0.0
dp2, 20170827, 	22.7, 17.700354, 26.3, 18.117363, 0.0, 19.8, 18.2, 0.24, 0.228, 0.0, 0.0
dp1, 20170828, 	27.7, 20.508677, 36.9, 21.884377, 0.0, 1.4E-45, 0.0, 1.4E-45, 0.0, 0.0, 0.0
dp2, 20170828, 	24.3, 18.573957, 32.5, 20.447212, 0.0, 20.8, 18.1, 0.239, 0.234, 0.0, 0.0
dp1, 20170829, 	26.5, 19.089937, 35.8, 20.998959, 0.0, 1.4E-45, 0.0, 1.4E-45, 0.0, 0.0, 0.0
dp2, 20170829, 	24.5, 17.186457, 33.5, 19.279516, 0.0, 20.6, 17.9, 0.238, 0.232, 0.0, 0.0
dp1, 20170830, 	26.0, 19.683336, 35.6, 21.273952, 0.0, 1.4E-45, 0.0, 1.4E-45, 0.0, 0.0, 0.0
dp2, 20170830, 	25.3, 17.884722, 34.4, 20.31597, 0.0, 20.8, 17.6, 0.236, 0.229, 0.0, 0.0
dp1, 20170831, 	24.7, 18.567354, 30.1, 18.831944, 0.0, 1.4E-45, 0.0, 1.4E-45, 0.0, 0.0, 0.0
dp2, 20170831, 	21.7, 18.11735, 26.1, 19.347223, 0.0, 20.6, 18.6, 0.231, 0.22, 0.0, 0.0
dp1, 20180801, 	26.3, -15.3868065, 40.2, 22.074999, -9999.0, 1.4E-45, 0.0, 1.4E-45, 0.0, 0.0, 0.0
dp2, 20180801, 	28.5, 20.391668, 35.7, 21.09236, 0.0, 1.4E-45, 0.0, 1.4E-45, 0.0, 0.0, 0.0
dp1, 20180802, 	28.3, 21.456944, 38.9, 23.317356, -9999.0, 1.4E-45, 0.0, 1.4E-45, 0.0, 0.0, 0.0
dp2, 20180802, 	26.9, 21.797916, 35.8, 22.39167, 0.0, 1.4E-45, 0.0, 1.4E-45, 0.0, 0.0, 0.0
dp1, 20180803, 	29.8, 22.967356, 41.8, 25.768404, -9999.0, 1.4E-45, 0.0, 1.4E-45, 0.0, 0.0, 0.0
dp2, 20180803, 	28.3, 19.073954, 35.9, 20.263891, 0.0, 1.4E-45, 0.0, 1.4E-45, 0.0, 0.0, 0.0
dp1, 20180804, 	29.9, 24.47327, 43.2, 26.93993, -9999.0, 1.4E-45, 0.0, 1.4E-45, 0.0, 0.0, 0.0
dp2, 20180804, 	31.9, 24.298952, 38.9, 25.05312, 0.0, 1.4E-45, 0.0, 1.4E-45, 0.0, 0.0, 0.0
dp1, 20180805, 	30.8, 24.847569, 43.6, 27.320145, -9999.0, 1.4E-45, 0.0, 1.4E-45, 0.0, 0.0, 0.0
dp2, 20180805, 	31.2, 25.328821, 38.2, 25.799658, 0.0, 1.4E-45, 0.0, 1.4E-45, 0.0, 0.0, 0.0
dp1, 20180806, 	30.8, 25.571526, 40.6, 27.511116, -9999.0, 1.4E-45, 0.0, 1.4E-45, 0.0, 0.0, 0.0
dp2, 20180806, 	27.3, 22.377428, 34.2, 22.901735, 0.0, 1.4E-45, 0.0, 1.4E-45, 0.0, 0.0, 0.0
dp1, 20180807, 	28.9, 23.476383, 33.6, 24.476393, -9999.0, 1.4E-45, 0.0, 1.4E-45, 0.0, 0.0, 0.0
dp2, 20180807, 	25.8, 20.618752, 33.4, 20.919102, 0.0, 1.4E-45, 0.0, 1.4E-45, 0.0, 0.0, 0.0
dp1, 20180808, 	27.7, 23.128822, 43.0, 26.285767, -9999.0, 1.4E-45, 0.0, 1.4E-45, 0.0, 0.0, 0.0
dp2, 20180808, 	27.1, 20.869097, 34.3, 22.070482, 0.0, 1.4E-45, 0.0, 1.4E-45, 0.0, 0.0, 0.0
dp1, 20180809, 	29.4, 22.039928, 44.0, 25.091673, -9999.0, 1.4E-45, 0.0, 1.4E-45, 0.0, 0.0, 0.0
dp2, 20180809, 	30.4, 23.117716, 36.6, 23.320482, 0.0, 1.4E-45, 0.0, 1.4E-45, 0.0, 0.0, 0.0
dp1, 20180810, 	29.9, 23.965624, 44.8, 27.127779, -9999.0, 1.4E-45, 0.0, 1.4E-45, 0.0, 0.0, 0.0
dp2, 20180810, 	28.4, 22.714584, 35.6, 23.812494, 0.0, 1.4E-45, 0.0, 1.4E-45, 0.0, 0.0, 0.0
dp1, 20180811, 	28.5, 23.060762, 46.1, 27.146875, -9999.0, 1.4E-45, 0.0, 1.4E-45, 0.0, 0.0, 0.0
dp2, 20180811, 	29.3, 21.149302, 36.8, 21.558678, 0.0, 1.4E-45, 0.0, 1.4E-45, 0.0, 0.0, 0.0
dp1, 20180812, 	29.3, 22.560423, 47.6, 26.078484, -9999.0, 1.4E-45, 0.0, 1.4E-45, 0.0, 0.0, 0.0
dp2, 20180812, 	29.7, 22.137852, 37.0, 22.728825, 0.0, 1.4E-45, 0.0, 1.4E-45, 0.0, 0.0, 0.0
dp1, 20180813, 	29.4, 22.3868, 47.3, 26.077078, -9999.0, 1.4E-45, 0.0, 1.4E-45, 0.0, 0.0, 0.0
dp2, 20180813, 	29.0, 21.4684, 36.5, 22.285072, 0.0, 1.4E-45, 0.0, 1.4E-45, 0.0, 0.0, 0.0
dp1, 20180814, 	29.0, 21.741661, 42.8, 23.99479, -9999.0, 1.4E-45, 0.0, 1.4E-45, 0.0, 0.0, 0.0
dp2, 20180814, 	28.9, 22.04548, 36.2, 22.368408, 0.0, 1.4E-45, 0.0, 1.4E-45, 0.0, 0.0, 0.0
dp1, 20180815, 	26.0, 22.677073, 34.9, 23.607292, -9999.0, 1.4E-45, 0.0, 1.4E-45, 0.0, 0.0, 0.0
dp2, 20180815, 	28.1, 22.274662, 35.6, 22.508692, 0.0, 1.4E-45, 0.0, 1.4E-45, 0.0, 0.0, 0.0
dp1, 20180816, 	29.0, 23.669783, 41.7, 25.887144, -9999.0, 1.4E-45, 0.0, 1.4E-45, 0.0, 0.0, 0.0
dp2, 20180816, 	28.5, 22.597933, 38.3, 23.673248, 0.0, 1.4E-45, 0.0, 1.4E-45, 0.0, 0.0, 0.0
dp1, 20180817, 	27.1, 23.382631, 36.3, 24.388187, -9999.0, 1.4E-45, 0.0, 1.4E-45, 0.0, 0.0, 0.0
dp2, 20180817, 	27.5, 21.592363, 36.5, 22.96945, 0.0, 1.4E-45, 0.0, 1.4E-45, 0.0, 0.0, 0.0
dp1, 20180818, 	27.5, 22.828817, 38.1, 25.333687, -34.0, 1.4E-45, 0.0, 1.4E-45, 0.0, 0.0, 0.0
dp2, 20180818, 	27.3, 21.819447, 33.6, 22.552435, 0.0, 1.4E-45, 0.0, 1.4E-45, 0.0, 0.0, 0.0
dp1, 20180819, 	29.1, 22.688202, 43.3, 25.226744, 0.0, 1.4E-45, 0.0, 1.4E-45, 0.0, 0.0, 0.0
dp2, 20180819, 	28.2, -48.213192, 36.3, 22.376389, 0.0, 1.4E-45, 0.0, 1.4E-45, 0.0, 0.0, 0.0
dp1, 20180820, 	28.2, 23.088879, 32.7, 23.234035, 0.0, 1.4E-45, 0.0, 1.4E-45, 0.0, 0.0, 0.0
dp2, 20180820, 	26.3, 21.557638, 30.2, 21.121866, 0.0, 1.4E-45, 0.0, 1.4E-45, 0.0, 0.0, 0.0
dp1, 20180821, 	23.8, 21.209372, 28.6, 21.833334, 0.0, 1.4E-45, 0.0, 1.4E-45, 0.0, 0.0, 0.0
dp2, 20180821, 	25.3, 20.563545, 30.3, 20.861118, 0.0, 1.4E-45, 0.0, 1.4E-45, 0.0, 0.0, 0.0
dp1, 20180822, 	24.4, 19.564232, 35.4, 21.853117, 0.0, 1.4E-45, 0.0, 1.4E-45, 0.0, 0.0, 0.0
dp2, 20180822, 	25.4, 18.543062, 34.1, 19.627771, -416.0, 1.4E-45, 0.0, 1.4E-45, 0.0, 0.0, 0.0
dp1, 20180823, 	25.3, 17.689585, 38.7, 19.667015, 0.0, 1.4E-45, 0.0, 1.4E-45, 0.0, 0.0, 0.0
dp2, 20180823, 	25.9, 17.611115, 34.8, 18.604517, 0.0, 1.4E-45, 0.0, 1.4E-45, 0.0, 0.0, 0.0
dp1, 20180824, 	21.1, 16.806252, 23.8, 16.483335, 0.0, 1.4E-45, 0.0, 1.4E-45, 0.0, 0.0, 0.0
dp2, 20180824, 	21.4, 16.98854, 20.7, 16.096878, 0.0, 1.4E-45, 0.0, 1.4E-45, 0.0, 0.0, 0.0
dp1, 20180825, 	30.2, 22.229515, 32.8, 22.1316, 0.0, 1.4E-45, 0.0, 1.4E-45, 0.0, 0.0, 0.0
dp2, 20180825, 	29.4, 21.964235, 36.1, 23.07187, 0.0, 1.4E-45, 0.0, 1.4E-45, 0.0, 0.0, 0.0
dp1, 20180826, 	31.4, 26.702429, 40.1, 27.683678, 0.0, 1.4E-45, 0.0, 1.4E-45, 0.0, 0.0, 0.0
dp2, 20180826, 	32.5, 24.000349, 40.3, 24.937843, 0.0, 1.4E-45, 0.0, 1.4E-45, 0.0, 0.0, 0.0
dp1, 20180827, 	31.7, 26.422224, 40.4, 27.48055, 0.0, 1.4E-45, 0.0, 1.4E-45, 0.0, 0.0, 0.0
dp2, 20180827, 	32.3, 27.332296, 40.6, 27.725697, 0.0, 1.4E-45, 0.0, 1.4E-45, 0.0, 0.0, 0.0
dp1, 20180828, 	32.3, 26.896183, 41.3, 28.129871, 0.0, 1.4E-45, 0.0, 1.4E-45, 0.0, 0.0, 0.0
dp2, 20180828, 	30.5, 25.975351, 39.6, 26.236803, 0.0, 1.4E-45, 0.0, 1.4E-45, 0.0, 0.0, 0.0
dp1, 20180829, 	28.9, 23.163536, 30.7, 23.37083, 0.0, 1.4E-45, 0.0, 1.4E-45, 0.0, 0.0, 0.0
dp2, 20180829, 	23.1, 20.333326, 27.5, 21.14965, 0.0, 1.4E-45, 0.0, 1.4E-45, 0.0, 0.0, 0.0
dp1, 20180830, 	25.5, 20.969091, 38.9, 23.42048, 0.0, 1.4E-45, 0.0, 1.4E-45, 0.0, 0.0, 0.0
dp2, 20180830, 	23.9, 17.111803, 32.0, 17.551737, 0.0, 1.4E-45, 0.0, 1.4E-45, 0.0, 0.0, 0.0
dp1, 20180831, 	30.1, 21.949308, 38.4, 23.17986, 0.0, 1.4E-45, 0.0, 1.4E-45, 0.0, 0.0, 0.0
dp2, 20180831, 	28.6, 19.292013, 33.6, 19.670834, 0.0, 1.4E-45, 0.0, 1.4E-45, 0.0, 0.0, 0.0
