c8q, 20120801, 	34.2, 23.303822, 38.4, 24.345486, 0.0, 28.7, 21.5, 0.104, 0.091, 0.0, 0.0
c8x, 20120801, 	29.0, 19.712856, 39.7, 22.136116, 0.0, 26.8, 19.3, 0.182, 0.164, 0.0, 0.0
cb3, 20120801, 	31.9, 23.39514, 37.3, 25.306591, 0.0, 22.6, 21.1, 0.066, 0.06, 0.0, 0.0
c8q, 20120802, 	29.6, 21.706608, 44.9, 22.527075, 0.0, 24.7, 19.4, 0.099, 0.087, 0.0, 0.0
c8x, 20120802, 	27.5, 18.881252, 43.1, 23.512844, 0.0, 26.2, 17.8, 0.168, 0.152, 0.0, 0.0
cb3, 20120802, 	31.1, 21.848604, 44.8, 24.936796, 0.0, 22.4, 19.9, 0.065, 0.058, 0.0, 0.0
c8q, 20120803, 	21.0, 15.635761, 23.3, 16.255901, 0.0, 22.5, 18.3, 0.093, 0.084, 0.0, 0.0
c8x, 20120803, 	25.1, 16.781937, 27.9, 17.407995, 0.0, 25.6, 18.9, 0.155, 0.139, 0.0, 0.0
cb3, 20120803, 	28.5, 20.256943, 39.7, 22.36111, 0.0, 22.5, 20.6, 0.102, 0.058, 0.0, 0.0
c8q, 20120804, 	19.4, 14.234377, 30.2, 15.950697, 0.0, 20.8, 16.2, 0.091, 0.08, 0.0, 0.0
c8x, 20120804, 	20.4, 15.156257, 31.6, 16.995483, 0.0, 20.6, 16.4, 0.146, 0.139, 0.0, 0.0
cb3, 20120804, 	20.0, 14.712156, 26.3, 15.858684, 0.0, 20.8, 18.3, 0.125, 0.099, 0.0, 0.0
c8q, 20120805, 	31.1, 18.176735, 45.4, 21.709024, 0.0, 26.0, 15.2, 0.094, 0.08, 0.0, 0.0
c8x, 20120805, 	28.6, 16.930202, 39.3, 19.755909, 0.0, 23.3, 14.4, 0.146, 0.136, 0.0, 0.0
cb3, 20120805, 	27.6, 16.550337, 32.7, 18.371525, 0.0, 19.3, 17.2, 0.126, 0.117, 0.0, 0.0
c8q, 20120806, 	34.7, 25.696884, 51.0, 29.216675, 0.0, 27.9, 18.1, 0.095, 0.083, 0.0, 0.0
c8x, 20120806, 	30.2, 21.265623, 43.8, 25.026398, 0.0, 26.0, 16.7, 0.147, 0.133, 0.0, 0.0
cb3, 20120806, 	31.9, 22.4198, 40.3, 23.974644, 0.0, 20.9, 18.1, 0.121, 0.11, 0.0, 0.0
c8q, 20120807, 	32.9, 25.231606, 40.5, 25.272915, 0.0, 27.6, 20.8, 0.095, 0.083, 0.0, 0.0
c8x, 20120807, 	28.8, 19.119791, 32.7, 19.780558, 0.0, 25.6, 18.3, 0.144, 0.129, 0.0, 0.0
cb3, 20120807, 	30.0, 21.449654, 35.1, 22.436462, 0.0, 21.0, 19.3, 0.112, 0.1, 0.0, 0.0
c8q, 20120808, 	29.8, 21.81563, 46.7, 26.365982, 0.0, 27.3, 19.1, 0.093, 0.082, 0.0, 0.0
c8x, 20120808, 	27.0, 18.106943, 38.8, 21.632298, 0.0, 25.0, 16.2, 0.147, 0.135, 0.0, 0.0
cb3, 20120808, 	25.3, 20.46146, 34.7, 22.690979, 0.0, 20.6, 19.2, 0.103, 0.092, 0.0, 0.0
c8q, 20120809, 	31.5, 22.986458, 45.3, 24.85486, 0.0, 27.0, 20.0, 0.092, 0.081, 0.0, 0.0
c8x, 20120809, 	26.7, 18.664925, 33.4, 19.952776, 0.0, 24.7, 17.6, 0.146, 0.135, 0.0, 0.0
cb3, 20120809, 	24.5, 18.769104, 33.9, 20.575691, 0.0, 20.8, 18.9, 0.097, 0.082, 0.0, 0.0
c8q, 20120810, 	29.5, 22.189934, 34.5, 23.591661, 0.0, 24.9, 19.6, 0.09, 0.078, 0.0, 0.0
c8x, 20120810, 	26.8, 18.276045, 36.5, 20.470482, 0.0, 22.5, 16.5, 0.142, 0.132, 0.0, 0.0
cb3, 20120810, 	25.2, 17.246527, 36.1, 19.583336, 0.0, 20.4, 18.3, 0.088, 0.076, 0.0, 0.0
c8q, 20120811, 	28.3, 19.721878, 29.8, 19.736807, 0.0, 23.3, 19.7, 0.087, 0.077, 0.0, 0.0
c8x, 20120811, 	25.7, 16.814928, 28.5, 17.070839, 0.0, 22.3, 17.2, 0.137, 0.127, 0.0, 0.0
cb3, 20120811, 	21.9, 16.85487, 26.4, 17.328817, 0.0, 20.0, 18.5, 0.08, 0.072, 0.0, 0.0
c8q, 20120812, 	26.0, 18.141665, 41.1, 20.98298, 0.0, 23.9, 17.3, 0.085, 0.073, 0.0, 0.0
c8x, 20120812, 	24.0, 18.096535, 33.6, 20.68715, 0.0, 22.5, 16.6, 0.135, 0.127, 0.0, 0.0
cb3, 20120812, 	22.7, 16.419098, 30.1, 18.65729, 0.0, 19.1, 17.8, 0.078, 0.072, 0.0, 0.0
c8q, 20120813, 	28.2, 19.83195, 42.9, 21.954506, 0.0, 24.1, 16.8, 0.085, 0.072, 0.0, 0.0
c8x, 20120813, 	23.7, 15.21528, 38.7, 19.015974, 0.0, 23.1, 14.7, 0.133, 0.122, 0.0, 0.0
cb3, 20120813, 	23.9, 17.348955, 34.6, 20.28125, 0.0, 19.5, 17.4, 0.078, 0.07, 0.0, 0.0
c8q, 20120814, 	29.4, 18.252777, 39.6, 21.473259, 0.0, 25.2, 16.4, 0.093, 0.076, 0.0, 0.0
c8x, 20120814, 	27.4, 18.07014, 37.7, 20.65277, 0.0, 23.0, 16.2, 0.131, 0.12, 0.0, 0.0
cb3, 20120814, 	25.5, 18.71354, 32.0, 20.110756, 0.0, 19.7, 18.1, 0.076, 0.069, 0.0, 0.0
c8q, 20120815, 	28.8, 18.355562, 30.9, 19.241661, 0.0, 24.8, 18.2, 0.093, 0.081, 0.0, 0.0
c8x, 20120815, 	25.6, 17.538895, 26.4, 18.064934, 0.0, 22.6, 17.8, 0.127, 0.117, 0.0, 0.0
cb3, 20120815, 	23.1, 17.372576, 26.6, 17.741322, 0.0, 19.4, 17.9, 0.074, 0.067, 0.0, 0.0
c8q, 20120816, 	20.5, 13.435429, 37.4, 18.186117, 0.0, 23.9, 14.4, 0.094, 0.078, 0.0, 0.0
c8x, 20120816, 	20.7, 13.66146, 35.7, 17.88194, 0.0, 22.2, 14.3, 0.123, 0.113, 0.0, 0.0
cb3, 20120816, 	20.1, 13.879515, 31.0, 17.046877, 0.0, 18.4, 16.5, 0.071, 0.064, 0.0, 0.0
c8q, 20120817, 	25.6, 16.67396, 42.3, 20.198614, 0.0, 24.7, 15.2, 0.095, 0.081, 0.0, 0.0
c8x, 20120817, 	25.1, 15.221525, 41.7, 18.041664, 0.0, 21.9, 14.2, 0.122, 0.11, 0.0, 0.0
cb3, 20120817, 	24.3, 13.736112, 37.1, 17.303822, 0.0, 18.2, 15.8, 0.07, 0.062, 0.0, 0.0
c8q, 20120818, 	25.3, 19.17465, 42.1, 21.277431, 0.0, 24.3, 16.1, 0.095, 0.081, 0.0, 0.0
c8x, 20120818, 	26.2, 16.27639, 41.7, 19.365273, 0.0, 23.0, 14.8, 0.12, 0.108, 0.0, 0.0
cb3, 20120818, 	25.2, 17.719795, 35.2, 19.431593, 0.0, 18.5, 16.6, 0.068, 0.061, 0.0, 0.0
c8q, 20120819, 	27.1, 20.435068, 44.4, 23.006592, 0.0, 25.4, 16.3, 0.094, 0.081, 0.0, 0.0
c8x, 20120819, 	25.8, -18.47916, 40.8, 20.134382, 0.0, 23.7, 15.2, 0.118, 0.107, 0.0, 0.0
cb3, 20120819, 	23.5, 16.781599, 37.2, 19.986803, 0.0, 18.8, 16.8, 0.066, 0.058, 0.0, 0.0
c8q, 20120820, 	29.5, 21.203474, 44.1, 23.988546, 0.0, 24.9, 17.6, 0.095, 0.082, 0.0, 0.0
c8x, 20120820, 	31.0, 18.719105, 43.5, 22.218052, 0.0, 24.7, 16.0, 0.116, 0.105, 0.0, 0.0
cb3, 20120820, 	26.1, 16.38958, 38.4, 20.043406, 0.0, 19.2, 16.6, 0.064, 0.057, 0.0, 0.0
c8q, 20120821, 	32.8, 23.107988, 48.5, 26.607641, 0.0, 26.3, 17.8, 0.093, 0.08, 0.0, 0.0
c8x, 20120821, 	33.8, 22.047565, 44.3, 23.730213, 0.0, 24.7, 16.8, 0.115, 0.104, 0.0, 0.0
cb3, 20120821, 	29.9, 19.658329, 42.5, 22.407986, 0.0, 19.7, 17.1, 0.064, 0.056, 0.0, 0.0
c8q, 20120822, 	31.4, 24.050688, 43.7, 24.975004, 0.0, 26.0, 19.1, 0.092, 0.081, 0.0, 0.0
c8x, 20120822, 	31.0, 22.268068, 38.6, 21.911116, 0.0, 24.4, 17.6, 0.114, 0.102, 0.0, 0.0
cb3, 20120822, 	30.1, 21.195147, 41.9, 22.30694, 0.0, 19.9, 17.5, 0.062, 0.054, 0.0, 0.0
c8q, 20120823, 	32.9, 24.502083, 48.3, 26.834372, 0.0, 26.0, 18.2, 0.09, 0.079, 0.0, 0.0
c8x, 20120823, 	29.0, 20.15799, 39.8, 22.037155, 0.0, 23.9, 16.2, 0.114, 0.103, 0.0, 0.0
cb3, 20120823, 	32.4, 21.981602, 44.1, 24.455214, 0.0, 20.6, 18.1, 0.061, 0.055, 0.0, 0.0
c8q, 20120824, 	32.3, 24.602774, 44.8, 26.607288, 0.0, 25.8, 19.5, 0.089, 0.079, 0.0, 0.0
c8x, 20120824, 	28.0, 20.843052, 32.0, 20.900002, 0.0, 23.5, 17.7, 0.114, 0.105, 0.0, 0.0
cb3, 20120824, 	34.0, 23.418404, 39.6, 24.636116, 0.0, 20.7, 18.9, 0.06, 0.054, 0.0, 0.0
c8q, 20120825, 	28.5, 17.756945, 40.2, 21.248611, 0.0, 25.4, 17.1, 0.087, 0.075, 0.0, 0.0
c8x, 20120825, 	26.1, 17.12916, 31.0, 18.417356, 0.0, 21.2, 14.8, 0.115, 0.102, 0.0, 0.0
cb3, 20120825, 	29.4, 20.381252, 34.3, 22.65242, 0.0, 21.0, 18.8, 0.061, 0.052, 0.0, 0.0
c8q, 20120826, 	26.1, 18.728123, 42.1, 21.120483, 0.0, 24.8, 16.3, 0.084, 0.072, 0.0, 0.0
c8x, 20120826, 	24.6, 16.993055, 36.6, 18.922928, 0.0, 21.8, 14.4, 0.112, 0.1, 0.0, 0.0
cb3, 20120826, 	26.5, 17.716322, 35.2, 19.178135, 0.0, 20.3, 17.6, 0.057, 0.049, 0.0, 0.0
c8q, 20120827, 	32.0, 21.828821, 39.2, 22.452429, 0.0, 24.4, 17.8, 0.084, 0.072, 0.0, 0.0
c8x, 20120827, 	27.1, -52.853832, 37.8, 18.501392, 0.0, 21.7, 14.5, 0.112, 0.099, 0.0, 0.0
cb3, 20120827, 	28.4, 18.361452, 35.9, 19.963884, 0.0, 19.9, 17.6, 0.058, 0.05, 0.0, 0.0
c8q, 20120828, 	36.5, 24.620483, 49.5, 28.06319, 0.0, 26.8, 18.8, 0.082, 0.071, 0.0, 0.0
c8x, 20120828, 	33.1, 20.59271, 43.0, 23.230898, 0.0, 24.6, 16.1, 0.111, 0.099, 0.0, 0.0
cb3, 20120828, 	29.5, 23.277077, 36.0, 24.690275, 0.0, 20.7, 18.8, 0.15, 0.05, 0.0, 0.0
c8q, 20120829, 	37.7, 28.26771, 51.9, 30.437508, 0.0, 27.9, 21.0, 0.082, 0.072, 0.0, 0.0
c8x, 20120829, 	35.6, 25.417711, 42.4, 25.736107, 0.0, 24.4, 18.8, 0.11, 0.101, 0.0, 0.0
cb3, 20120829, 	35.3, 24.814932, 38.3, 25.21701, 0.0, 21.3, 19.4, 0.153, 0.144, 0.0, 0.0
c8q, 20120830, 	33.6, 22.122578, 42.9, 25.680214, 0.0, 27.4, 19.8, 0.082, 0.071, 0.0, 0.0
c8x, 20120830, 	28.9, 18.047915, 37.1, 20.544096, 0.0, 23.5, 16.7, 0.109, 0.097, 0.0, 0.0
cb3, 20120830, 	32.4, 22.123955, 31.9, 23.502783, 0.0, 21.5, 19.5, 0.148, 0.135, 0.0, 0.0
c8q, 20120831, 	26.5, 20.38923, 36.5, 22.142704, 0.0, 25.3, 19.2, 0.077, 0.067, 0.0, 0.0
c8x, 20120831, 	27.9, 18.265274, 36.8, 19.484371, 0.0, 23.1, 15.6, 0.107, 0.092, 0.0, 0.0
cb3, 20120831, 	23.0, 16.797916, 27.6, 16.621529, 0.0, 20.4, 18.3, 0.138, 0.127, 0.0, 0.0
c8q, 20130801, 	26.5, 19.60382, 38.0, 21.469448, 0.0, 24.1, 17.7, 0.089, 0.077, 0.0, 0.0
c8x, 20130801, 	23.3, 16.224651, 33.9, 18.669443, 0.0, 21.8, 14.6, 0.222, 0.203, 0.0, 0.0
cb3, 20130801, 	25.8, 17.826733, 38.5, 20.182985, 0.0, 20.1, 17.3, 0.052, 0.041, 0.0, 0.0
c8q, 20130802, 	23.8, 18.199654, 33.4, 19.214931, 0.0, 23.3, 18.4, 0.086, 0.076, 0.0, 0.0
c8x, 20130802, 	21.9, 15.620141, 36.3, 17.775698, 0.0, 21.3, 14.7, 0.205, 0.189, 0.0, 0.0
cb3, 20130802, 	24.6, 17.343754, 39.8, 19.931255, 0.0, 20.3, 17.7, 0.052, 0.043, 0.0, 0.0
c8q, 20130803, 	26.4, 19.02327, 36.5, 21.602783, 0.0, 24.2, 17.6, 0.087, 0.076, 0.0, 0.0
c8x, 20130803, 	22.4, 16.863539, 35.8, 19.284376, 0.0, 21.1, 15.9, 0.191, 0.173, 0.0, 0.0
cb3, 20130803, 	23.3, 17.7257, 38.2, 19.799656, 0.0, 20.1, 18.1, 0.052, 0.044, 0.0, 0.0
c8q, 20130804, 	25.5, 18.49756, 33.7, 19.59028, 0.0, 23.9, 18.1, 0.101, 0.08, 0.0, 0.0
c8x, 20130804, 	20.9, 16.595491, 27.6, 18.045143, 0.0, 20.5, 16.2, 0.175, 0.163, 0.0, 0.0
cb3, 20130804, 	22.5, 18.068047, 35.2, 19.578123, 0.0, 19.9, 18.0, 0.051, 0.041, 0.0, 0.0
c8q, 20130805, 	28.1, 19.92466, 37.7, 21.772915, 0.0, 25.1, 17.3, 0.095, 0.082, 0.0, 0.0
c8x, 20130805, 	24.8, 16.727787, 37.0, 19.964584, 0.0, 21.6, 15.9, 0.165, 0.155, 0.0, 0.0
cb3, 20130805, 	24.0, 17.546177, 37.1, 20.267359, 0.0, 19.7, 17.9, 0.051, 0.043, 0.0, 0.0
c8q, 20130806, 	25.6, 18.613537, 34.6, 20.183334, 0.0, 24.6, 18.0, 0.094, 0.082, 0.0, 0.0
c8x, 20130806, 	23.6, 16.368402, 29.1, 17.54583, 0.0, 21.2, 16.4, 0.268, 0.153, 0.0, 0.0
cb3, 20130806, 	25.3, 18.763542, 38.2, 20.667706, 0.0, 20.0, 18.0, 0.052, 0.041, 0.0, 0.0
c8q, 20130807, 	23.1, 16.017714, 32.2, 18.1125, 0.0, 23.8, 18.0, 0.204, 0.087, 0.0, 0.0
c8x, 20130807, 	19.2, 13.745831, 28.9, 15.747223, 0.0, 19.4, 14.7, 0.277, 0.252, 0.0, 0.0
cb3, 20130807, 	21.5, 15.700006, 35.6, 18.184727, 0.0, 20.1, 17.9, 0.051, 0.041, 0.0, 0.0
c8q, 20130808, 	23.3, 16.040625, 34.0, 18.76076, 0.0, 23.0, 16.4, 0.12, 0.106, 0.0, 0.0
c8x, 20130808, 	19.3, 14.575346, 28.9, 16.81736, 0.0, 20.1, 15.1, 0.254, 0.233, 0.0, 0.0
cb3, 20130808, 	23.3, 17.776037, 38.6, 21.432632, 0.0, 20.0, 17.9, 0.053, 0.044, 0.0, 0.0
c8q, 20130809, 	23.2, 17.148264, 34.2, 19.988544, 0.0, 23.6, 17.0, 0.114, 0.1, 0.0, 0.0
c8x, 20130809, 	18.3, 12.632642, 30.3, 14.314584, 0.0, 19.5, 13.7, 0.234, 0.217, 0.0, 0.0
cb3, 20130809, 	22.4, 14.982289, 33.9, 17.762154, 0.0, 20.1, 17.3, 0.053, 0.043, 0.0, 0.0
c8q, 20130810, 	25.7, 17.677082, 34.8, 19.510765, 0.0, 23.3, 17.1, 0.105, 0.093, 0.0, 0.0
c8x, 20130810, 	19.8, 14.848265, 30.7, 16.99826, 0.0, 18.8, 14.4, 0.218, 0.207, 0.0, 0.0
cb3, 20130810, 	24.5, -19.56945, 40.5, 18.512848, 0.0, 19.8, 16.9, 0.052, 0.043, 0.0, 0.0
c8q, 20130811, 	24.4, 16.516314, 31.9, 18.552423, 0.0, 22.7, 17.4, 0.286, 0.097, 0.0, 0.0
c8x, 20130811, 	22.2, -20.675007, 32.5, 17.75382, 0.0, 20.7, 13.8, 0.209, 0.197, 0.0, 0.0
cb3, 20130811, 	25.2, 19.038893, 41.2, 22.212152, 0.0, 20.2, 18.0, 0.053, 0.043, 0.0, 0.0
c8q, 20130812, 	26.3, 19.122921, 34.6, 20.11562, 0.0, 22.5, 17.3, 0.159, 0.136, 0.0, 0.0
c8x, 20130812, 	24.1, 16.633337, 35.1, 17.961807, 0.0, 20.5, 13.7, 0.199, 0.182, 0.0, 0.0
cb3, 20130812, 	26.4, 18.240974, 40.9, 21.637842, 0.0, 20.5, 17.6, 0.051, 0.041, 0.0, 0.0
c8q, 20130813, 	25.0, 18.828121, 31.1, 19.87362, 0.0, 22.2, 17.6, 0.141, 0.126, 0.0, 0.0
c8x, 20130813, 	23.7, 16.94028, 31.9, 17.827785, 0.0, 20.1, 14.8, 0.184, 0.169, 0.0, 0.0
cb3, 20130813, 	24.5, 17.632298, 37.8, 20.673607, 0.0, 20.6, 18.0, 0.051, 0.041, 0.0, 0.0
c8q, 20130814, 	24.6, 18.626385, 34.2, 20.356598, 0.0, 22.5, 17.8, 0.129, 0.117, 0.0, 0.0
c8x, 20130814, 	22.5, 17.638195, 28.7, 18.553127, 0.0, 20.0, 16.1, 0.171, 0.158, 0.0, 0.0
cb3, 20130814, 	25.1, 17.680208, 41.0, 19.934029, 0.0, 20.5, 17.9, 0.05, 0.04, 0.0, 0.0
c8q, 20130815, 	28.5, 20.824656, 38.5, 23.420147, 0.0, 24.7, 18.3, 0.123, 0.111, 0.0, 0.0
c8x, 20130815, 	27.3, 18.0809, 38.4, 20.201393, 0.0, 22.3, 15.5, 0.159, 0.149, 0.0, 0.0
cb3, 20130815, 	26.1, 18.30972, 41.5, 20.446182, 0.0, 20.2, 18.0, 0.048, 0.039, 0.0, 0.0
c8q, 20130816, 	30.5, 21.751043, 38.3, 23.490623, 0.0, 24.8, 18.8, 0.116, 0.103, 0.0, 0.0
c8x, 20130816, 	29.3, 21.668053, 35.2, 22.381252, 0.0, 23.0, 17.0, 0.153, 0.14, 0.0, 0.0
cb3, 20130816, 	25.7, 18.970478, 39.8, 21.686804, 0.0, 20.5, 17.7, 0.048, 0.039, 0.0, 0.0
c8q, 20130817, 	35.0, 23.956942, 38.9, 24.667358, 0.0, 24.8, 19.2, 0.108, 0.096, 0.0, 0.0
c8x, 20130817, 	31.8, 22.77186, 36.5, 22.761112, 0.0, 23.3, 17.5, 0.143, 0.133, 0.0, 0.0
cb3, 20130817, 	31.7, 19.826391, 39.8, 22.260067, 0.0, 20.8, 18.5, 0.048, 0.039, 0.0, 0.0
c8q, 20130818, 	31.1, 23.376389, 34.9, 22.494799, 0.0, 24.7, 19.3, 0.104, 0.093, 0.0, 0.0
c8x, 20130818, 	26.2, 20.83924, 33.2, 20.868061, 0.0, 23.0, 17.8, 0.138, 0.129, 0.0, 0.0
cb3, 20130818, 	30.6, 23.598272, 42.5, 25.51597, 0.0, 21.5, 19.5, 0.048, 0.039, 0.0, 0.0
c8q, 20130819, 	34.7, 24.179163, 42.7, 25.61007, 0.0, 25.6, 19.0, 0.098, 0.09, 0.0, 0.0
c8x, 20130819, 	32.0, 23.29132, 38.3, 23.55452, 0.0, 23.8, 17.1, 0.135, 0.125, 0.0, 0.0
cb3, 20130819, 	34.2, 24.39895, 48.8, 27.589243, 0.0, 22.5, 19.6, 0.049, 0.039, 0.0, 0.0
c8q, 20130820, 	33.0, 25.530905, 42.2, 25.270498, 0.0, 26.3, 19.4, 0.097, 0.084, 0.0, 0.0
c8x, 20130820, 	30.2, 21.73229, 37.4, 21.843754, 0.0, 23.6, 16.7, 0.131, 0.12, 0.0, 0.0
cb3, 20130820, 	38.4, 27.651731, 48.7, 29.868408, 0.0, 23.2, 20.6, 0.049, 0.04, 0.0, 0.0
c8q, 20130821, 	30.2, 21.861116, 35.9, 23.303473, 0.0, 25.9, 19.8, 0.095, 0.083, 0.0, 0.0
c8x, 20130821, 	25.6, 16.860413, 35.1, 18.170143, 0.0, 23.1, 16.0, 0.127, 0.114, 0.0, 0.0
cb3, 20130821, 	33.5, 22.319798, 37.8, 24.305899, 0.0, 23.4, 20.7, 0.048, 0.039, 0.0, 0.0
c8q, 20130822, 	27.9, 20.339592, 35.1, 22.024302, 0.0, 24.7, 19.1, 0.091, 0.081, 0.0, 0.0
c8x, 20130822, 	26.0, 16.281946, 36.1, 16.36528, 0.0, 21.0, 13.4, 0.121, 0.109, 0.0, 0.0
cb3, 20130822, 	26.8, 20.96249, 40.8, 24.45208, 0.0, 22.4, 20.2, 0.048, 0.039, 0.0, 0.0
c8q, 20130823, 	33.5, 23.788542, 43.4, 25.545485, 0.0, 25.9, 20.0, 0.091, 0.08, 0.0, 0.0
c8x, 20130823, 	29.4, 19.684725, 35.0, 20.311113, 0.0, 21.8, 15.8, 0.119, 0.109, 0.0, 0.0
cb3, 20130823, 	31.1, 21.623268, 40.8, 23.631256, 0.0, 22.5, 20.0, 0.048, 0.036, 0.0, 0.0
c8q, 20130824, 	32.0, 26.161804, 41.6, 27.549994, 0.0, 26.3, 21.3, 0.09, 0.08, 0.0, 0.0
c8x, 20130824, 	31.6, 22.869448, 36.0, 22.283335, 0.0, 21.8, 18.4, 0.118, 0.11, 0.0, 0.0
cb3, 20130824, 	34.0, 26.135069, 47.5, 29.127432, 0.0, 23.6, 21.3, 0.047, 0.038, 0.0, 0.0
c8q, 20130825, 	33.5, 25.3684, 44.3, 24.907637, 0.0, 26.1, 20.0, 0.089, 0.077, 0.0, 0.0
c8x, 20130825, 	32.2, 21.999304, 39.9, 21.965618, 0.0, 22.9, 16.3, 0.117, 0.106, 0.0, 0.0
cb3, 20130825, 	33.8, 26.571186, 43.2, 28.13854, 0.0, 23.9, 21.9, 0.051, 0.04, 0.0, 0.0
c8q, 20130826, 	34.3, 25.9434, 42.9, 27.358322, 0.0, 26.7, 21.0, 0.088, 0.077, 0.0, 0.0
c8x, 20130826, 	30.9, 22.081253, 37.5, 21.940977, 0.0, 22.8, 17.2, 0.117, 0.105, 0.0, 0.0
cb3, 20130826, 	31.7, 25.591667, 36.0, 25.489586, 0.0, 23.9, 22.1, 0.052, 0.043, 0.0, 0.0
c8q, 20130827, 	32.1, 24.258673, 35.2, 24.975344, 0.0, 26.4, 22.2, 0.087, 0.078, 0.0, 0.0
c8x, 20130827, 	29.7, 21.662842, 36.7, 21.535065, 0.0, 22.6, 17.4, 0.115, 0.105, 0.0, 0.0
cb3, 20130827, 	34.7, 25.217367, 47.1, 27.700346, 0.0, 23.8, 20.9, 0.053, 0.042, 0.0, 0.0
c8q, 20130828, 	31.7, 23.61805, 41.0, 25.707985, 0.0, 26.4, 20.8, 0.086, 0.077, 0.0, 0.0
c8x, 20130828, 	32.4, 23.467367, 40.6, 23.905212, 0.0, 24.1, 17.3, 0.115, 0.105, 0.0, 0.0
cb3, 20130828, 	33.0, 25.614233, 48.1, 28.09341, 0.0, 24.2, 21.9, 0.056, 0.046, 0.0, 0.0
c8q, 20130829, 	30.8, 23.93402, 40.2, 26.009727, 0.0, 26.6, 21.2, 0.086, 0.076, 0.0, 0.0
c8x, 20130829, 	29.5, 23.23334, 37.5, 24.467358, 0.0, 24.9, 19.3, 0.174, 0.105, 0.0, 0.0
cb3, 20130829, 	31.0, 25.066673, 38.8, 26.454506, 0.0, 24.2, 22.0, 0.055, 0.048, 0.0, 0.0
c8q, 20130830, 	35.1, 25.456602, 44.1, 26.95833, 0.0, 26.9, 21.1, 0.086, 0.076, 0.0, 0.0
c8x, 20130830, 	31.3, 23.568748, 35.8, 23.343056, 0.0, 24.5, 19.1, 0.172, 0.159, 0.0, 0.0
cb3, 20130830, 	32.1, -46.458336, 43.0, 26.157288, 0.0, 23.8, 21.4, 0.056, 0.047, 0.0, 0.0
c8q, 20130831, 	32.2, 22.92152, 34.0, 22.983328, 0.0, 26.8, 20.8, 0.085, 0.075, 0.0, 0.0
c8x, 20130831, 	30.1, 19.778122, 30.0, 19.861465, 0.0, 23.7, 18.0, 0.163, 0.146, 0.0, 0.0
cb3, 20130831, 	29.3, 23.60208, 35.5, 23.510761, 0.0, 23.7, 21.5, 0.056, 0.048, 0.0, 0.0
c8q, 20140801, 	30.0, 22.177086, 37.7, 23.509031, 0.0, 23.2, 18.6, 0.094, 0.086, 0.0, 0.0
c8x, 20140801, 	26.7, 19.613195, 35.2, 20.711803, 0.0, 22.2, 16.2, 0.136, 0.124, 0.0, 0.0
cb3, 20140801, 	28.9, 20.781599, 54.7, 27.002432, 0.0, 20.6, 18.1, 0.071, 0.063, 0.0, 0.0
c8q, 20140802, 	29.2, 22.097223, 39.6, 24.042013, 0.0, 23.3, 18.8, 0.093, 0.085, 0.0, 0.0
c8x, 20140802, 	25.6, 19.618057, 36.9, 21.601044, 0.0, 22.7, 17.1, 0.128, 0.119, 0.0, 0.0
cb3, 20140802, 	28.4, 22.138544, 51.8, 27.754166, 0.0, 20.9, 18.9, 0.07, 0.061, 0.0, 0.0
c8q, 20140803, 	26.4, 19.743057, 27.0, 20.093056, 0.0, 23.2, 19.4, 0.092, 0.083, 0.0, 0.0
c8x, 20140803, 	24.9, 19.397564, 35.4, 21.63785, 0.0, 22.9, 17.6, 0.123, 0.116, 0.0, 0.0
cb3, 20140803, 	26.8, 19.9309, 48.5, 23.497566, 0.0, 21.1, 19.3, 0.068, 0.059, 0.0, 0.0
c8q, 20140804, 	24.0, 18.606592, 29.0, 19.03402, 0.0, 21.1, 17.9, 0.147, 0.084, 0.0, 0.0
c8x, 20140804, 	25.7, 18.040962, 37.5, 20.687849, 0.0, 23.1, 16.4, 0.122, 0.112, 0.0, 0.0
cb3, 20140804, 	22.9, 17.936806, 44.6, 21.228828, 0.0, 20.6, 18.6, 0.067, 0.058, 0.0, 0.0
c8q, 20140805, 	21.3, 17.52465, 24.3, 18.028814, 0.0, 20.1, 17.9, 0.141, 0.133, 0.0, 0.0
c8x, 20140805, 	25.8, 18.18264, 35.7, 20.467012, 0.0, 22.7, 16.8, 0.12, 0.108, 0.0, 0.0
cb3, 20140805, 	24.6, 18.137157, 49.0, 22.514585, 0.0, 19.7, 17.8, 0.066, 0.057, 0.0, 0.0
c8q, 20140806, 	21.3, 17.380207, 23.7, 17.663887, 0.0, 19.4, 17.7, 0.242, 0.135, 0.0, 0.0
c8x, 20140806, 	22.7, 18.39132, 24.3, 18.909023, 0.0, 21.9, 18.1, 0.116, 0.108, 0.0, 0.0
cb3, 20140806, 	22.7, 19.099302, 38.0, 21.221523, 0.0, 19.6, 18.5, 0.065, 0.057, 0.0, 0.0
c8q, 20140807, 	26.6, 20.088203, 32.6, 21.522919, 0.0, 21.9, 18.0, 0.23, 0.194, 0.0, 0.0
c8x, 20140807, 	29.1, 20.903818, 37.8, 22.911455, 0.0, 23.9, 17.6, 0.119, 0.107, 0.0, 0.0
cb3, 20140807, 	23.3, 19.170145, 36.1, 20.942028, 0.0, 19.3, 18.1, 0.064, 0.056, 0.0, 0.0
c8q, 20140808, 	27.1, 20.864248, 31.8, 21.546185, 0.0, 22.1, 18.6, 0.198, 0.172, 0.0, 0.0
c8x, 20140808, 	29.5, 21.936798, 37.9, 23.892706, 0.0, 24.3, 18.0, 0.117, 0.108, 0.0, 0.0
cb3, 20140808, 	27.0, 20.585762, 52.6, 25.99862, 0.0, 20.0, 17.9, 0.064, 0.056, 0.0, 0.0
c8q, 20140809, 	25.9, 19.581234, 32.8, 20.58715, 0.0, 22.0, 18.8, 0.176, 0.155, 0.0, 0.0
c8x, 20140809, 	27.4, 20.856949, 38.7, 22.958687, 0.0, 23.8, 18.5, 0.116, 0.107, 0.0, 0.0
cb3, 20140809, 	25.6, 20.545834, 53.2, 26.22431, 0.0, 20.4, 18.8, 0.065, 0.055, 0.0, 0.0
c8q, 20140810, 	24.2, 18.836113, 31.4, 19.817015, 0.0, 21.4, 17.9, 0.166, 0.143, 0.0, 0.0
c8x, 20140810, 	23.8, 16.159725, 31.5, 18.028824, 0.0, 22.9, 16.0, 0.115, 0.103, 0.0, 0.0
cb3, 20140810, 	23.8, 19.645836, 47.4, 24.831598, 0.0, 20.8, 19.0, 0.064, 0.054, 0.0, 0.0
c8q, 20140811, 	27.3, 19.11111, 34.0, 20.35521, 0.0, 21.6, 17.1, 0.148, 0.131, 0.0, 0.0
c8x, 20140811, 	25.1, -18.293398, 36.8, 18.724648, 0.0, 22.2, 14.9, 0.112, 0.1, 0.0, 0.0
cb3, 20140811, 	24.1, 16.301739, 50.2, 22.98646, 0.0, 20.8, 18.0, 0.062, 0.053, 0.0, 0.0
c8q, 20140812, 	32.0, 22.314928, 37.6, 23.12153, 0.0, 22.7, 17.8, 0.135, 0.118, 0.0, 0.0
c8x, 20140812, 	29.2, 20.172565, 40.0, 22.905548, 0.0, 23.9, 16.8, 0.111, 0.099, 0.0, 0.0
cb3, 20140812, 	28.8, 18.463888, 53.3, 25.12638, 0.0, 20.6, 17.9, 0.062, 0.051, 0.0, 0.0
c8q, 20140813, 	30.9, 23.39341, 34.7, 23.318396, 0.0, 22.5, 18.7, 0.124, 0.109, 0.0, 0.0
c8x, 20140813, 	28.2, 21.375002, 37.3, 23.253822, 0.0, 23.9, 18.3, 0.11, 0.1, 0.0, 0.0
cb3, 20140813, 	28.8, 22.17431, 53.2, 27.261805, 0.0, 21.0, 18.9, 0.059, 0.05, 0.0, 0.0
c8q, 20140814, 	31.3, 23.994448, 38.4, 25.011805, 0.0, 23.7, 19.4, 0.115, 0.106, 0.0, 0.0
c8x, 20140814, 	31.0, 22.984034, 41.1, 25.74583, 0.0, 25.6, 19.3, 0.109, 0.1, 0.0, 0.0
cb3, 20140814, 	28.6, 22.671179, 51.2, 28.424307, 0.0, 21.3, 19.7, 0.059, 0.051, 0.0, 0.0
c8q, 20140815, 	28.8, 20.13192, 27.9, 19.919462, 0.0, 23.6, 19.1, 0.44, 0.103, 0.0, 0.0
c8x, 20140815, 	30.0, 22.329512, 41.6, 24.426388, 0.0, 25.1, 19.5, 0.108, 0.099, 0.0, 0.0
cb3, 20140815, 	27.9, 21.537497, 56.0, 25.418745, 0.0, 21.3, 19.8, 0.058, 0.05, 0.0, 0.0
c8q, 20140816, 	27.1, 20.39513, 31.4, 21.162859, 0.0, 21.7, 18.5, 0.433, 0.254, 0.0, 0.0
c8x, 20140816, 	27.6, -780.7461, 28.9, 19.262152, -798.0, 24.2, 0.0, 0.348, 0.0, 0.0, 0.0
cb3, 20140816, 	24.6, 21.651731, 27.8, 22.01146, 0.0, 21.3, 20.2, 0.247, 0.051, 0.0, 0.0
c8q, 20140817, 	27.9, -1232.3668, 39.2, 21.210419, -1249.0, 21.6, 0.0, 0.262, 0.0, 0.0, 0.0
c8x, 20140817, 	27.7, -431.41595, 38.0, 22.615273, -451.0, 22.8, 0.0, 0.304, 0.0, 0.0, 0.0
cb3, 20140817, 	27.0, 21.560774, 46.0, 26.359028, 0.0, 21.5, 20.0, 0.353, 0.225, 0.0, 0.0
c8q, 20140818, 	26.3, 20.540976, 36.6, 21.913881, 0.0, 21.3, 18.5, 0.244, 0.214, 0.0, 0.0
c8x, 20140818, 	26.7, 19.854513, 38.0, 22.513878, 0.0, 23.5, 18.7, 0.276, 0.259, 0.0, 0.0
cb3, 20140818, 	25.7, 19.895147, 39.3, 22.33055, 0.0, 21.6, 19.8, 0.229, 0.214, 0.0, 0.0
c8q, 20140819, 	30.1, 21.846525, 40.3, 23.068398, 0.0, 22.0, 18.3, 0.236, 0.201, 0.0, 0.0
c8x, 20140819, 	28.5, 19.638535, 40.1, 22.423618, 0.0, 23.4, 17.9, 0.261, 0.244, 0.0, 0.0
cb3, 20140819, 	27.7, 20.63715, 47.1, 24.543402, 0.0, 21.2, 19.4, 0.22, 0.206, 0.0, 0.0
c8q, 20140820, 	27.8, 21.238539, 26.6, 19.978464, 0.0, 21.9, 19.2, 0.218, 0.198, 0.0, 0.0
c8x, 20140820, 	27.1, 19.400013, 32.1, 19.11597, 0.0, 22.9, 18.9, 0.372, 0.237, 0.0, 0.0
cb3, 20140820, 	28.5, 22.3986, 44.1, 24.547218, 0.0, 21.2, 20.0, 0.212, 0.2, 0.0, 0.0
c8q, 20140821, 	24.8, 18.131252, 39.2, 18.73681, 0.0, 20.6, 17.7, 0.214, 0.193, 0.0, 0.0
c8x, 20140821, 	23.7, 18.007637, 32.9, 19.52188, 0.0, 21.2, 17.6, 0.338, 0.285, 0.0, 0.0
cb3, 20140821, 	26.0, 21.53472, 37.2, 23.289577, 0.0, 21.0, 20.2, 0.214, 0.2, 0.0, 0.0
c8q, 20140822, 	20.2, 16.730898, 23.4, 17.430206, 0.0, 20.4, 18.3, 0.314, 0.191, 0.0, 0.0
c8x, 20140822, 	20.6, 16.81737, 29.8, 18.514595, 0.0, 21.2, 17.9, 0.286, 0.269, 0.0, 0.0
cb3, 20140822, 	24.5, 19.895144, 32.5, 21.30346, 0.0, 21.2, 20.0, 0.21, 0.203, 0.0, 0.0
c8q, 20140823, 	18.0, 14.654163, 18.2, 14.97256, 0.0, 19.0, 16.7, 0.322, 0.258, 0.0, 0.0
c8x, 20140823, 	17.9, 13.612501, 19.2, 14.292711, 0.0, 19.6, 16.1, 0.307, 0.26, 0.0, 0.0
cb3, 20140823, 	21.2, 17.106928, 22.8, 17.62362, 0.0, 20.8, 19.3, 0.223, 0.201, 0.0, 0.0
c8q, 20140824, 	13.5, 12.372222, 16.2, 13.39028, 0.0, 16.8, 16.0, 0.292, 0.25, 0.0, 0.0
c8x, 20140824, 	17.9, 13.608328, 20.4, 13.8434, 0.0, 16.7, 14.2, 0.352, 0.298, 0.0, 0.0
cb3, 20140824, 	21.1, 19.155554, 33.4, 21.58958, 0.0, 19.6, 19.2, 0.243, 0.223, 0.0, 0.0
c8q, 20140825, 	14.2, 9.635071, 20.5, 11.338891, 0.0, 16.0, 14.2, 0.289, 0.252, 0.0, 0.0
c8x, 20140825, 	16.2, 10.816315, 21.1, 12.272921, 0.0, 16.7, 13.8, 0.32, 0.29, 0.0, 0.0
cb3, 20140825, 	18.7, 12.7559, 20.6, 13.822575, 0.0, 19.6, 17.5, 0.226, 0.215, 0.0, 0.0
c8q, 20140826, 	19.8, 11.68507, 30.7, 13.121869, 0.0, 16.9, 13.4, 0.258, 0.24, 0.0, 0.0
c8x, 20140826, 	20.7, 11.941664, 31.3, 13.9982605, 0.0, 17.8, 12.0, 0.291, 0.275, 0.0, 0.0
cb3, 20140826, 	16.9, 10.945143, 32.5, 12.482989, 0.0, 17.5, 16.1, 0.218, 0.212, 0.0, 0.0
c8q, 20140827, 	25.6, 16.298607, 35.0, 18.487497, 0.0, 18.6, 14.5, 0.25, 0.221, 0.0, 0.0
c8x, 20140827, 	25.4, 16.01389, 33.3, 17.219444, 0.0, 19.1, 13.4, 0.277, 0.265, 0.0, 0.0
cb3, 20140827, 	23.3, 15.279168, 41.8, 18.707634, 0.0, 18.0, 16.1, 0.22, 0.212, 0.0, 0.0
c8q, 20140828, 	29.0, 20.25555, 38.0, 21.935417, 0.0, 19.9, 16.2, 0.245, 0.216, 0.0, 0.0
c8x, 20140828, 	30.5, 20.995483, 38.5, 21.980206, 0.0, 21.4, 15.6, 0.267, 0.256, 0.0, 0.0
cb3, 20140828, 	21.6, 19.231943, 30.5, 20.866673, 0.0, 18.5, 17.6, 0.215, 0.208, 0.0, 0.0
c8q, 20140829, 	28.1, 18.513895, 31.3, 17.778467, 0.0, 19.8, 16.9, 0.222, 0.209, 0.0, 0.0
c8x, 20140829, 	27.4, 18.001732, 33.7, 19.408682, 0.0, 21.2, 16.7, 0.258, 0.248, 0.0, 0.0
cb3, 20140829, 	21.8, 18.123262, 31.4, 19.43333, 0.0, 18.7, 17.9, 0.212, 0.205, 0.0, 0.0
c8q, 20140830, 	23.9, 16.061802, 30.7, 16.63403, 0.0, 18.4, 15.6, 0.22, 0.196, 0.0, 0.0
c8x, 20140830, 	22.7, 14.206256, 29.4, 14.461458, 0.0, 19.7, 14.2, 0.25, 0.238, 0.0, 0.0
cb3, 20140830, 	21.8, 14.660765, 40.1, 19.009024, 0.0, 18.5, 16.9, 0.209, 0.199, 0.0, 0.0
c8q, 20140831, 	23.3, 17.363194, 32.2, 18.509727, 0.0, 19.0, 16.4, 0.215, 0.194, 0.0, 0.0
c8x, 20140831, 	22.3, 16.864933, 29.7, 18.127771, 0.0, 19.6, 15.9, 0.29, 0.237, 0.0, 0.0
cb3, 20140831, 	22.4, 17.779856, 28.6, 18.84861, 0.0, 18.5, 17.6, 0.204, 0.198, 0.0, 0.0
c8q, 20150801, 	35.6, 24.550346, 54.3, 28.636806, 0.0, 24.4, 18.8, 0.091, 0.08, 0.0, 0.0
c8x, 20150801, 	31.5, 20.235424, 44.6, 22.636112, 0.0, 23.1, 15.8, 0.15, 0.135, 0.0, 0.0
cb3, 20150801, 	30.6, 21.743402, 50.5, 25.04028, 0.0, 21.5, 19.2, 0.084, 0.073, 0.0, 0.0
c8q, 20150802, 	34.9, 23.232992, 48.0, 27.264929, 0.0, 24.1, 19.6, 0.09, 0.08, 0.0, 0.0
c8x, 20150802, 	29.6, 18.734375, 40.8, 22.635765, 0.0, 22.9, 17.1, 0.139, 0.126, 0.0, 0.0
cb3, 20150802, 	29.4, 21.293402, 39.6, 24.196175, 0.0, 21.7, 19.8, 0.078, 0.066, 0.0, 0.0
c8q, 20150803, 	29.4, 21.538532, 50.0, 25.186802, 0.0, 23.9, 18.4, 0.088, 0.079, 0.0, 0.0
c8x, 20150803, 	26.4, 16.687502, 42.9, 20.804861, 0.0, 22.1, 16.0, 0.131, 0.12, 0.0, 0.0
cb3, 20150803, 	25.6, 17.985764, 41.3, 21.717354, 0.0, 21.5, 19.1, 0.073, 0.063, 0.0, 0.0
c8q, 20150804, 	30.8, 22.26944, 47.2, 26.048615, 0.0, 24.1, 19.2, 0.088, 0.078, 0.0, 0.0
c8x, 20150804, 	27.3, 18.574303, 41.9, 20.923962, 0.0, 22.3, 15.8, 0.125, 0.114, 0.0, 0.0
cb3, 20150804, 	27.6, 18.845137, 44.2, 22.47813, 0.0, 21.3, 18.9, 0.069, 0.059, 0.0, 0.0
c8q, 20150805, 	30.2, 22.615622, 48.8, 26.664234, 0.0, 24.0, 20.0, 0.088, 0.079, 0.0, 0.0
c8x, 20150805, 	26.2, 19.08577, 39.7, 21.432985, 0.0, 22.1, 17.7, 0.122, 0.113, 0.0, 0.0
cb3, 20150805, 	26.4, 19.795483, 35.3, 20.660418, 0.0, 21.3, 19.7, 0.066, 0.058, 0.0, 0.0
c8q, 20150806, 	28.3, 22.248268, 42.8, 24.143747, 0.0, 23.6, 20.1, 0.088, 0.079, 0.0, 0.0
c8x, 20150806, 	23.7, 16.723265, 26.8, 18.384367, 0.0, 21.8, 17.7, 0.119, 0.112, 0.0, 0.0
cb3, 20150806, 	26.2, 19.258339, 29.6, 18.870487, 0.0, 20.4, 19.2, 0.064, 0.057, 0.0, 0.0
c8q, 20150807, 	27.8, 21.283333, 45.7, 25.079863, 0.0, 22.8, 18.7, 0.088, 0.079, 0.0, 0.0
c8x, 20150807, 	25.2, 17.004517, 33.6, 18.36077, 0.0, 19.5, 14.7, 0.22, 0.11, 0.0, 0.0
cb3, 20150807, 	28.3, 19.671877, 37.3, 21.789576, 0.0, 20.5, 18.5, 0.066, 0.057, 0.0, 0.0
c8q, 20150808, 	28.6, 21.042364, 50.2, 22.891317, 0.0, 22.8, 17.5, 0.087, 0.077, 0.0, 0.0
c8x, 20150808, 	25.2, 17.272915, 38.8, 19.999655, 0.0, 20.8, 15.4, 0.193, 0.178, 0.0, 0.0
cb3, 20150808, 	27.9, 20.772572, 42.7, 24.290972, 0.0, 21.0, 18.9, 0.067, 0.058, 0.0, 0.0
c8q, 20150809, 	25.9, 19.342365, 48.6, 21.944801, 0.0, 22.5, 18.8, 0.085, 0.077, 0.0, 0.0
c8x, 20150809, 	26.9, 17.392012, 42.7, 20.512152, 0.0, 21.2, 15.4, 0.18, 0.165, 0.0, 0.0
cb3, 20150809, 	27.0, 19.726387, 32.0, 20.56771, 0.0, 21.2, 19.7, 0.066, 0.058, 0.0, 0.0
c8q, 20150810, 	29.7, 20.99132, 49.5, 24.61041, 0.0, 23.0, 18.1, 0.087, 0.076, 0.0, 0.0
c8x, 20150810, 	29.0, 19.155205, 44.1, 22.192701, 0.0, 22.1, 15.4, 0.167, 0.15, 0.0, 0.0
cb3, 20150810, 	28.1, 20.957298, 43.5, 23.942368, 0.0, 21.0, 19.2, 0.067, 0.058, 0.0, 0.0
c8q, 20150811, 	33.6, 24.013195, 46.9, 26.689934, 0.0, 24.0, 18.8, 0.085, 0.078, 0.0, 0.0
c8x, 20150811, 	32.4, 22.316652, 44.0, 24.460066, 0.0, 23.1, 17.1, 0.153, 0.137, 0.0, 0.0
cb3, 20150811, 	30.9, 21.823963, 47.5, 25.395836, 0.0, 21.2, 19.1, 0.066, 0.058, 0.0, 0.0
c8q, 20150812, 	37.9, 28.036116, 56.7, 31.96284, 0.0, 25.8, 20.7, 0.088, 0.078, 0.0, 0.0
c8x, 20150812, 	35.8, 25.984028, 47.8, 28.268742, 0.0, 24.6, 19.1, 0.141, 0.128, 0.0, 0.0
cb3, 20150812, 	35.1, 25.153826, 48.2, 28.222223, 0.0, 22.0, 19.9, 0.065, 0.057, 0.0, 0.0
c8q, 20150813, 	36.3, 26.612148, 50.1, 29.250698, 0.0, 25.6, 20.6, 0.092, 0.081, 0.0, 0.0
c8x, 20150813, 	33.8, 25.685757, 48.1, 28.371178, 0.0, 25.3, 20.1, 0.131, 0.119, 0.0, 0.0
cb3, 20150813, 	34.2, 26.831938, 50.0, 29.975006, 0.0, 22.7, 21.1, 0.064, 0.057, 0.0, 0.0
c8q, 20150814, 	36.9, 28.55937, 51.8, 29.927774, 0.0, 25.3, 20.6, 0.092, 0.082, 0.0, 0.0
c8x, 20150814, 	37.4, 25.514587, 46.5, 26.408684, 0.0, 25.0, 19.3, 0.125, 0.115, 0.0, 0.0
cb3, 20150814, 	36.0, 26.353115, 52.1, 29.97189, 0.0, 23.1, 21.1, 0.063, 0.055, 0.0, 0.0
c8q, 20150815, 	35.4, 28.588535, 50.5, 31.05347, 0.0, 25.5, 21.7, 0.089, 0.081, 0.0, 0.0
c8x, 20150815, 	33.9, 26.677076, 44.5, 27.957296, 0.0, 24.8, 21.0, 0.122, 0.111, 0.0, 0.0
cb3, 20150815, 	36.2, 27.89027, 49.4, 30.329512, 0.0, 23.4, 21.9, 0.061, 0.054, 0.0, 0.0
c8q, 20150816, 	30.0, 17.749659, 40.3, 20.968056, 0.0, 25.3, 19.9, 0.088, 0.079, 0.0, 0.0
c8x, 20150816, 	27.1, 15.674999, 34.5, 18.401386, 0.0, 24.5, 17.5, 0.118, 0.102, 0.0, 0.0
cb3, 20150816, 	33.5, 19.689934, 34.2, 20.129515, 0.0, 23.6, 20.7, 0.06, 0.052, 0.0, 0.0
c8q, 20150817, 	22.1, 15.813892, 44.2, 18.03993, 0.0, 21.7, 17.6, 0.085, 0.075, 0.0, 0.0
c8x, 20150817, 	21.1, 13.68125, 38.2, 17.396175, 0.0, 20.7, 15.5, 0.111, 0.096, 0.0, 0.0
cb3, 20150817, 	22.8, 14.933338, 39.7, 17.943743, 0.0, 20.9, 18.8, 0.06, 0.051, 0.0, 0.0
c8q, 20150818, 	20.7, 14.283681, 35.5, 17.012152, 0.0, 20.6, 17.0, 0.122, 0.08, 0.0, 0.0
c8x, 20150818, 	23.7, 14.151391, 43.2, 16.970833, 0.0, 20.3, 15.2, 0.109, 0.093, 0.0, 0.0
cb3, 20150818, 	20.6, 14.963542, 22.5, 15.023954, 0.0, 20.4, 18.8, 0.06, 0.052, 0.0, 0.0
c8q, 20150819, 	22.6, 14.750005, 44.2, 18.633337, 0.0, 20.2, 15.6, 0.115, 0.104, 0.0, 0.0
c8x, 20150819, 	23.4, 13.266666, 41.5, 16.77639, 0.0, 19.9, 14.0, 0.107, 0.088, 0.0, 0.0
cb3, 20150819, 	22.7, 15.378126, 36.8, 18.346876, 0.0, 19.0, 17.4, 0.06, 0.051, 0.0, 0.0
c8q, 20150820, 	30.1, 18.996521, 42.8, 21.34444, 0.0, 21.0, 15.9, 0.113, 0.102, 0.0, 0.0
c8x, 20150820, 	28.9, 17.093407, 41.3, 19.038895, 0.0, 20.8, 14.1, 0.107, 0.088, 0.0, 0.0
cb3, 20150820, 	27.0, 16.567707, 47.2, 20.772224, 0.0, 19.3, 17.2, 0.06, 0.051, 0.0, 0.0
c8q, 20150821, 	32.2, 22.772583, 42.4, 22.238546, 0.0, 21.4, 16.8, 0.107, 0.098, 0.0, 0.0
c8x, 20150821, 	24.9, 16.99479, 35.3, 18.25417, 0.0, 20.7, 15.6, 0.106, 0.089, 0.0, 0.0
cb3, 20150821, 	32.9, 21.489923, 44.5, 23.557632, 0.0, 19.9, 18.2, 0.058, 0.051, 0.0, 0.0
c8q, 20150822, 	29.6, 15.751046, 25.7, 13.650693, 0.0, 21.3, 15.1, 0.102, 0.092, 0.0, 0.0
c8x, 20150822, 	23.4, 15.454166, 25.2, 15.585419, 0.0, 19.7, 15.4, 0.356, 0.091, 0.0, 0.0
cb3, 20150822, 	27.5, 19.197905, 28.4, 19.318401, 0.0, 20.2, 18.9, 0.058, 0.05, 0.0, 0.0
c8q, 20150823, 	19.8, 11.389575, 35.5, 14.406599, 0.0, 17.6, 13.1, 0.112, 0.094, 0.0, 0.0
c8x, 20150823, 	18.5, 11.668059, 26.0, 13.388886, 0.0, 16.5, 12.6, 0.345, 0.285, 0.0, 0.0
cb3, 20150823, 	19.0, 13.054859, 24.8, 14.319787, 0.0, 19.0, 16.5, 0.058, 0.05, 0.0, 0.0
c8q, 20150824, 	25.1, 15.990278, 39.5, 17.255558, 0.0, 18.8, 13.3, 0.111, 0.101, 0.0, 0.0
c8x, 20150824, 	22.0, 11.383681, 33.4, 13.916314, 0.0, 17.0, 11.7, 0.285, 0.267, 0.0, 0.0
cb3, 20150824, 	21.4, 12.974999, 34.5, 15.976737, 0.0, 17.8, 15.7, 0.061, 0.052, 0.0, 0.0
c8q, 20150825, 	28.9, 18.71528, 37.5, 18.87951, 0.0, 18.8, 14.7, 0.107, 0.098, 0.0, 0.0
c8x, 20150825, 	25.0, 14.168754, 30.9, 14.901733, 0.0, 17.3, 12.8, 0.271, 0.256, 0.0, 0.0
cb3, 20150825, 	23.7, 14.135417, 37.4, 16.549997, 0.0, 18.0, 16.0, 0.061, 0.054, 0.0, 0.0
c8q, 20150826, 	30.0, 20.417358, 44.1, 21.760416, 0.0, 20.4, 15.8, 0.106, 0.096, 0.0, 0.0
c8x, 20150826, 	26.9, 17.401733, 34.2, 18.862154, 0.0, 18.9, 14.1, 0.259, 0.248, 0.0, 0.0
cb3, 20150826, 	25.6, 17.160769, 36.8, 19.57605, 0.0, 18.4, 16.7, 0.064, 0.054, 0.0, 0.0
c8q, 20150827, 	30.1, 21.871874, 45.5, 24.416317, 0.0, 22.0, 17.8, 0.105, 0.098, 0.0, 0.0
c8x, 20150827, 	29.5, 18.854164, 37.0, 19.600697, 0.0, 20.0, 14.6, 0.25, 0.24, 0.0, 0.0
cb3, 20150827, 	28.0, 19.922579, 39.9, 22.176737, 0.0, 19.2, 17.6, 0.063, 0.056, 0.0, 0.0
c8q, 20150828, 	30.7, 22.435764, 40.0, 23.527426, 0.0, 22.0, 18.1, 0.105, 0.096, 0.0, 0.0
c8x, 20150828, 	28.9, 21.330908, 33.7, 21.61424, 0.0, 20.4, 16.7, 0.242, 0.231, 0.0, 0.0
cb3, 20150828, 	29.7, 21.39063, 39.7, 22.669094, 0.0, 19.6, 18.0, 0.065, 0.056, 0.0, 0.0
c8q, 20150829, 	36.3, 24.56076, 47.1, 24.016657, 0.0, 22.1, 17.5, 0.103, 0.094, 0.0, 0.0
c8x, 20150829, 	32.1, 20.005203, 35.1, 19.180214, 0.0, 20.4, 16.1, 0.235, 0.224, 0.0, 0.0
cb3, 20150829, 	33.3, 22.356941, 44.3, 24.044102, 0.0, 20.2, 18.4, 0.064, 0.056, 0.0, 0.0
c8q, 20150830, 	33.0, 25.636106, 45.4, 25.667707, 0.0, 22.2, 18.7, 0.102, 0.094, 0.0, 0.0
c8x, 20150830, 	30.8, 21.887846, 37.9, 21.395136, 0.0, 20.4, 17.1, 0.227, 0.216, 0.0, 0.0
cb3, 20150830, 	34.5, 24.557638, 44.9, 25.478819, 0.0, 20.5, 18.8, 0.063, 0.055, 0.0, 0.0
c8q, 20150831, 	28.5, 20.204859, 36.6, 22.509033, 0.0, 22.0, 18.3, 0.102, 0.094, 0.0, 0.0
c8x, 20150831, 	24.9, 18.658325, 29.4, 18.754513, 0.0, 20.0, 16.7, 0.219, 0.207, 0.0, 0.0
cb3, 20150831, 	30.2, 22.58473, 37.4, 23.968044, 0.0, 20.6, 19.6, 0.061, 0.053, 0.0, 0.0
c8q, 20160801, 	27.3, 22.466661, 39.7, 23.74063, 0.0, 24.4, 19.8, 0.179, 0.103, 0.0, 0.0
c8x, 20160801, 	28.3, 21.324995, 41.1, 24.740974, 0.0, 24.1, 19.2, 0.133, 0.124, 0.0, 0.0
cb3, 20160801, 	29.4, 24.434368, 35.2, 25.329866, 0.0, 21.9, 20.6, 0.125, 0.11, 0.0, 0.0
c8q, 20160802, 	30.3, 23.015274, 42.2, 24.584724, 0.0, 24.1, 19.8, 0.155, 0.129, 0.0, 0.0
c8x, 20160802, 	28.0, 19.53021, 44.6, 23.521872, 0.0, 23.9, 17.1, 0.133, 0.122, 0.0, 0.0
cb3, 20160802, 	29.1, -13.183332, 37.6, 23.394096, 0.0, 21.9, 20.2, 0.115, 0.099, 0.0, 0.0
c8q, 20160803, 	31.4, 25.073946, 40.9, 25.767708, 0.0, 24.2, 20.0, 0.131, 0.114, 0.0, 0.0
c8x, 20160803, 	32.2, 22.197924, 45.4, 24.5059, 0.0, 23.7, 18.3, 0.134, 0.123, 0.0, 0.0
cb3, 20160803, 	32.0, 24.54896, 36.8, 24.549995, 0.0, 21.9, 20.4, 0.103, 0.092, 0.0, 0.0
c8q, 20160804, 	26.9, 18.804163, 40.1, 21.185766, 0.0, 23.9, 18.8, 0.117, 0.105, 0.0, 0.0
c8x, 20160804, 	27.8, 18.487846, 35.1, 21.085417, 0.0, 23.4, 17.9, 0.133, 0.123, 0.0, 0.0
cb3, 20160804, 	30.9, 20.029516, 30.9, 19.981592, 0.0, 22.0, 20.0, 0.095, 0.086, 0.0, 0.0
c8q, 20160805, 	28.3, 20.68855, 44.3, 21.849314, 0.0, 23.5, 17.7, 0.109, 0.099, 0.0, 0.0
c8x, 20160805, 	26.3, 16.724998, 46.9, 20.84063, 0.0, 22.1, 16.1, 0.131, 0.12, 0.0, 0.0
cb3, 20160805, 	25.8, 17.675, 38.1, 19.593748, 0.0, 20.6, 18.7, 0.09, 0.081, 0.0, 0.0
c8q, 20160806, 	31.8, 22.782293, 46.4, 24.984722, 0.0, 23.4, 19.0, 0.104, 0.094, 0.0, 0.0
c8x, 20160806, 	27.0, 18.842703, 42.9, 23.008682, 0.0, 23.0, 16.9, 0.131, 0.121, 0.0, 0.0
cb3, 20160806, 	28.1, 20.336113, 39.2, 21.704166, 0.0, 20.9, 19.0, 0.088, 0.078, 0.0, 0.0
c8q, 20160807, 	29.5, 22.021872, 42.8, 24.01736, 0.0, 23.4, 19.3, 0.099, 0.091, 0.0, 0.0
c8x, 20160807, 	28.4, 21.61284, 42.9, 24.786118, 0.0, 23.1, 18.7, 0.13, 0.122, 0.0, 0.0
cb3, 20160807, 	27.9, 21.145134, 36.5, 22.284721, 0.0, 21.0, 19.4, 0.082, 0.074, 0.0, 0.0
c8q, 20160808, 	30.1, 23.671871, 46.0, 27.219442, 0.0, 25.1, 20.2, 0.099, 0.09, 0.0, 0.0
c8x, 20160808, 	30.6, 22.999302, 47.2, 26.502083, 0.0, 24.1, 18.7, 0.13, 0.121, 0.0, 0.0
cb3, 20160808, 	30.5, 22.24861, 36.4, 23.66528, 0.0, 21.0, 19.7, 0.079, 0.072, 0.0, 0.0
c8q, 20160809, 	29.3, 22.635757, 38.7, 22.186806, 0.0, 24.9, 19.3, 0.097, 0.087, 0.0, 0.0
c8x, 20160809, 	27.4, 18.058681, 42.9, 21.544786, 0.0, 23.7, 18.2, 0.129, 0.12, 0.0, 0.0
cb3, 20160809, 	29.7, 22.251049, 40.3, 23.828823, 0.0, 21.4, 19.8, 0.077, 0.07, 0.0, 0.0
c8q, 20160810, 	30.7, 22.168404, 48.4, 24.717005, 0.0, 24.1, 19.8, 0.094, 0.085, 0.0, 0.0
c8x, 20160810, 	24.7, 17.665623, 43.2, 21.037151, 0.0, 22.2, 17.2, 0.128, 0.118, 0.0, 0.0
cb3, 20160810, 	25.1, 19.651737, 29.1, 20.009031, 0.0, 21.5, 19.4, 0.223, 0.069, 0.0, 0.0
c8q, 20160811, 	27.6, 21.070486, 44.4, 25.472221, 0.0, 24.4, 20.4, 0.093, 0.085, 0.0, 0.0
c8x, 20160811, 	25.9, 19.601736, 39.6, 22.247566, 0.0, 21.8, 17.8, 0.127, 0.118, 0.0, 0.0
cb3, 20160811, 	26.8, 20.793404, 36.3, 22.322226, 0.0, 21.0, 19.5, 0.202, 0.185, 0.0, 0.0
c8q, 20160812, 	26.6, 19.51493, 46.1, 21.16702, 0.0, 24.1, 19.3, 0.091, 0.083, 0.0, 0.0
c8x, 20160812, 	24.9, 17.269798, 40.4, 20.947214, 0.0, 22.1, 16.7, 0.127, 0.117, 0.0, 0.0
cb3, 20160812, 	26.1, 19.325348, 33.4, 19.696878, 0.0, 21.2, 19.6, 0.187, 0.172, 0.0, 0.0
c8q, 20160813, 	25.9, 18.92257, 39.9, 20.712158, 0.0, 22.8, 18.2, 0.093, 0.084, 0.0, 0.0
c8x, 20160813, 	25.4, 17.17361, 40.5, 21.01528, 0.0, 21.9, 16.8, 0.125, 0.116, 0.0, 0.0
cb3, 20160813, 	24.2, 18.021873, 31.2, 18.697914, 0.0, 20.7, 19.2, 0.175, 0.165, 0.0, 0.0
c8q, 20160814, 	31.4, 21.731247, 46.4, 22.872223, 0.0, 23.3, 17.5, 0.093, 0.082, 0.0, 0.0
c8x, 20160814, 	29.6, 19.070484, 48.1, 22.474655, 0.0, 23.0, 16.0, 0.125, 0.114, 0.0, 0.0
cb3, 20160814, 	27.4, -50.85903, 34.5, 19.462147, 0.0, 20.4, 18.7, 0.168, 0.153, 0.0, 0.0
c8q, 20160815, 	30.6, 23.188206, 48.0, 24.859375, 0.0, 23.7, 18.6, 0.093, 0.083, 0.0, 0.0
c8x, 20160815, 	30.2, 21.37361, 48.9, 25.091312, 0.0, 23.9, 17.3, 0.124, 0.113, 0.0, 0.0
cb3, 20160815, 	28.1, 21.182291, 36.6, 22.272915, 0.0, 20.7, 19.3, 0.156, 0.142, 0.0, 0.0
c8q, 20160816, 	30.3, 22.437496, 49.2, 25.696873, 0.0, 24.1, 18.8, 0.092, 0.082, 0.0, 0.0
c8x, 20160816, 	29.8, 19.8118, 46.7, 23.400335, 0.0, 23.7, 17.1, 0.123, 0.112, 0.0, 0.0
cb3, 20160816, 	27.4, 21.311804, 36.6, 22.908676, 0.0, 21.1, 19.6, 0.145, 0.128, 0.0, 0.0
c8q, 20160817, 	34.3, 24.916323, 49.7, 27.405901, 0.0, 24.9, 19.6, 0.092, 0.082, 0.0, 0.0
c8x, 20160817, 	33.4, 21.833685, 50.3, 25.393064, 0.0, 24.5, 17.5, 0.121, 0.111, 0.0, 0.0
cb3, 20160817, 	30.2, 21.872917, 37.0, 21.69202, 0.0, 21.2, 19.4, 0.131, 0.113, 0.0, 0.0
c8q, 20160818, 	33.9, 21.95417, 33.5, 21.868393, 0.0, 24.9, 20.2, 0.09, 0.081, 0.0, 0.0
c8x, 20160818, 	30.1, 19.696526, 32.4, 20.62465, 0.0, 24.2, 16.5, 0.327, 0.116, 0.0, 0.0
cb3, 20160818, 	27.1, 20.738182, 33.7, 21.374298, 0.0, 21.0, 19.9, 0.117, 0.104, 0.0, 0.0
c8q, 20160819, 	22.1, 14.71632, 26.4, 14.392012, 0.0, 21.6, 17.5, 0.088, 0.079, 0.0, 0.0
c8x, 20160819, 	21.5, 14.563541, 31.4, 16.60937, 0.0, 20.2, 16.0, 0.287, 0.27, 0.0, 0.0
cb3, 20160819, 	20.7, 14.781597, 26.8, 14.246876, 0.0, 20.6, 18.7, 0.108, 0.1, 0.0, 0.0
c8q, 20160820, 	21.7, 14.245139, 37.3, 17.001389, 0.0, 21.0, 15.5, 0.09, 0.079, 0.0, 0.0
c8x, 20160820, 	20.6, 13.799656, 35.6, 18.165977, 0.0, 20.9, 14.8, 0.273, 0.263, 0.0, 0.0
cb3, 20160820, 	20.0, 14.736108, 26.8, 16.245487, 0.0, 18.9, 17.9, 0.106, 0.098, 0.0, 0.0
c8q, 20160821, 	29.8, 18.519793, 43.7, 20.597221, 0.0, 21.7, 15.7, 0.092, 0.08, 0.0, 0.0
c8x, 20160821, 	28.9, 17.151386, 38.6, 19.639236, 0.0, 21.6, 14.7, 0.263, 0.249, 0.0, 0.0
cb3, 20160821, 	25.8, -19.511438, 31.8, 15.77673, 0.0, 18.9, 17.0, 0.102, 0.094, 0.0, 0.0
c8q, 20160822, 	36.2, 24.059729, 49.1, 25.57882, 0.0, 23.3, 17.2, 0.092, 0.082, 0.0, 0.0
c8x, 20160822, 	33.5, 23.17743, 42.7, 24.05208, 0.0, 23.1, 16.3, 0.251, 0.237, 0.0, 0.0
cb3, 20160822, 	30.1, 20.580208, 36.8, 21.13472, 0.0, 19.5, 17.6, 0.097, 0.087, 0.0, 0.0
c8q, 20160823, 	33.8, 22.772915, 39.0, 23.413189, 0.0, 23.3, 18.3, 0.093, 0.081, 0.0, 0.0
c8x, 20160823, 	29.7, 18.920486, 32.9, 19.271187, 0.0, 22.5, 17.2, 0.239, 0.226, 0.0, 0.0
cb3, 20160823, 	27.5, 22.779858, 34.4, 23.11632, 0.0, 19.9, 19.1, 0.092, 0.083, 0.0, 0.0
c8q, 20160824, 	23.3, 16.552088, 36.1, 18.5882, 0.0, 22.2, 17.5, 0.089, 0.08, 0.0, 0.0
c8x, 20160824, 	22.6, 14.81007, 27.7, 16.049656, 0.0, 19.5, 15.6, 0.229, 0.22, 0.0, 0.0
cb3, 20160824, 	23.9, 16.46215, 27.1, 16.475344, 0.0, 20.0, 17.9, 0.088, 0.079, 0.0, 0.0
c8q, 20160825, 	21.4, 14.166666, 44.3, 18.734375, 0.0, 21.0, 16.8, 0.087, 0.078, 0.0, 0.0
c8x, 20160825, 	22.2, 14.769097, 34.6, 18.148611, 0.0, 20.0, 15.0, 0.223, 0.215, 0.0, 0.0
cb3, 20160825, 	19.7, 14.413542, 32.3, 15.3691, 0.0, 18.8, 17.4, 0.084, 0.076, 0.0, 0.0
c8q, 20160826, 	23.0, 14.87361, 40.8, 16.218405, 0.0, 21.0, 16.1, 0.086, 0.076, 0.0, 0.0
c8x, 20160826, 	23.8, 15.991324, 36.9, 17.231594, 0.0, 19.7, 15.4, 0.217, 0.208, 0.0, 0.0
cb3, 20160826, 	19.4, 14.14514, 26.5, 13.501041, 0.0, 18.0, 16.5, 0.082, 0.075, 0.0, 0.0
c8q, 20160827, 	27.3, 16.4441, 43.4, 19.239237, 0.0, 20.6, 15.8, 0.084, 0.076, 0.0, 0.0
c8x, 20160827, 	24.3, 15.170139, 34.7, 17.887157, 0.0, 20.7, 14.1, 0.219, 0.208, 0.0, 0.0
cb3, 20160827, 	26.0, 17.116661, 37.7, 19.717016, 0.0, 18.5, 16.7, 0.079, 0.073, 0.0, 0.0
c8q, 20160828, 	33.3, 22.630209, 49.2, 24.881252, 0.0, 23.1, 17.2, 0.087, 0.076, 0.0, 0.0
c8x, 20160828, 	28.4, 18.49618, 40.5, 19.302782, 0.0, 20.9, 15.2, 0.219, 0.209, 0.0, 0.0
cb3, 20160828, 	31.2, 21.192364, 39.3, 22.133331, 0.0, 19.3, 17.4, 0.077, 0.07, 0.0, 0.0
c8q, 20160829, 	29.3, 21.269085, 45.1, 24.960764, 0.0, 23.1, 18.5, 0.086, 0.077, 0.0, 0.0
c8x, 20160829, 	24.9, 15.322911, 34.1, 18.125349, 0.0, 20.6, 14.9, 0.212, 0.202, 0.0, 0.0
cb3, 20160829, 	29.1, 20.659025, 38.3, 22.191664, 0.0, 19.7, 18.4, 0.076, 0.068, 0.0, 0.0
c8q, 20160830, 	29.3, 20.654512, 39.1, 21.561462, 0.0, 22.9, 18.2, 0.084, 0.077, 0.0, 0.0
c8x, 20160830, 	27.3, 16.976736, 36.6, 17.944101, 0.0, 20.3, 14.8, 0.204, 0.194, 0.0, 0.0
cb3, 20160830, 	26.7, 17.902428, 37.5, 19.102777, 0.0, 19.7, 17.6, 0.073, 0.066, 0.0, 0.0
c8q, 20160831, 	33.4, 23.324656, 42.5, 24.799305, 0.0, 22.9, 18.7, 0.085, 0.076, 0.0, 0.0
c8x, 20160831, 	24.3, 17.426735, 33.3, 18.088186, 0.0, 19.9, 15.5, 0.195, 0.185, 0.0, 0.0
cb3, 20160831, 	23.5, 18.18681, 25.7, 17.523602, 0.0, 19.4, 18.2, 0.071, 0.064, 0.0, 0.0
c8q, 20170801, 	32.2, 23.878134, 45.8, 27.371866, 0.0, 27.3, 21.6, 0.089, 0.079, 0.0, 0.0
c8x, 20170801, 	27.6, 17.909374, 41.3, 20.554514, 0.0, 25.5, 18.2, 0.092, 0.067, 0.0, 0.0
cb3, 20170801, 	28.8, 22.023266, 41.8, 24.986107, 0.0, 22.6, 20.6, 0.053, 0.044, 0.0, 0.0
c8q, 20170802, 	27.1, 17.630217, 30.1, 18.351042, 0.0, 26.0, 20.0, 0.087, 0.077, 0.0, 0.0
c8x, 20170802, 	20.2, 15.531248, 23.4, 16.589928, 0.0, 22.3, 18.3, 0.08, 0.067, 0.0, 0.0
cb3, 20170802, 	25.2, 16.415627, 26.8, 15.589933, 0.0, 21.9, 19.4, 0.052, 0.044, 0.0, 0.0
c8q, 20170803, 	21.7, 14.169446, 42.2, 19.185064, 0.0, 22.8, 16.8, 0.085, 0.073, 0.0, 0.0
c8x, 20170803, 	23.7, 13.361111, 38.0, 16.479515, 0.0, 21.1, 14.0, 0.085, 0.065, 0.0, 0.0
cb3, 20170803, 	22.0, 15.363544, 37.3, 18.159033, 0.0, 19.4, 18.0, 0.071, 0.044, 0.0, 0.0
c8q, 20170804, 	26.3, 17.92187, 44.3, 21.643396, 0.0, 23.4, 17.2, 0.086, 0.074, 0.0, 0.0
c8x, 20170804, 	25.2, 16.52604, 43.1, 19.525002, 0.0, 21.6, 14.4, 0.093, 0.067, 0.0, 0.0
cb3, 20170804, 	24.3, 16.00139, 41.2, 18.340624, 0.0, 19.4, 17.3, 0.073, 0.065, 0.0, 0.0
c8q, 20170805, 	24.1, 17.316666, 34.9, 19.013193, 0.0, 23.3, 18.5, 0.085, 0.075, 0.0, 0.0
c8x, 20170805, 	23.2, 16.93612, 37.1, 18.399652, 0.0, 21.3, 16.7, 0.091, 0.074, 0.0, 0.0
cb3, 20170805, 	24.2, 17.844793, 35.4, 19.045143, 0.0, 19.4, 17.9, 0.075, 0.068, 0.0, 0.0
c8q, 20170806, 	20.5, 15.024305, 30.9, 17.184381, 0.0, 20.6, 17.3, 0.084, 0.076, 0.0, 0.0
c8x, 20170806, 	23.9, 16.023258, 40.2, 19.359024, 0.0, 21.3, 14.6, 0.099, 0.071, 0.0, 0.0
cb3, 20170806, 	22.8, 16.945837, 36.6, 18.515282, 0.0, 19.3, 18.0, 0.076, 0.07, 0.0, 0.0
c8q, 20170807, 	25.7, 17.481937, 44.9, 20.148268, 0.0, 22.7, 15.2, 0.088, 0.075, 0.0, 0.0
c8x, 20170807, 	26.9, 17.642017, 43.2, 20.528124, 0.0, 21.9, 14.8, 0.104, 0.077, 0.0, 0.0
cb3, 20170807, 	25.5, 17.410416, 41.7, 20.703127, 0.0, 19.6, 17.5, 0.077, 0.068, 0.0, 0.0
c8q, 20170808, 	27.7, 20.189579, 45.6, 22.322222, 0.0, 22.7, 17.3, 0.089, 0.078, 0.0, 0.0
c8x, 20170808, 	27.6, 18.5073, 43.3, 19.84826, 0.0, 21.6, 15.8, 0.104, 0.085, 0.0, 0.0
cb3, 20170808, 	26.5, 18.990976, 42.6, 20.783684, 0.0, 19.7, 17.7, 0.075, 0.066, 0.0, 0.0
c8q, 20170809, 	21.5, 16.52743, 42.3, 19.260763, 0.0, 21.9, 17.3, 0.089, 0.079, 0.0, 0.0
c8x, 20170809, 	20.2, 16.032986, 25.6, 17.340614, 0.0, 19.8, 16.7, 0.103, 0.091, 0.0, 0.0
cb3, 20170809, 	24.3, 18.779507, 40.5, 21.127428, 0.0, 19.7, 18.3, 0.072, 0.064, 0.0, 0.0
c8q, 20170810, 	23.1, 15.889932, 48.4, 19.22256, 0.0, 21.4, 16.6, 0.089, 0.079, 0.0, 0.0
c8x, 20170810, 	23.5, 14.91076, 39.5, 18.57048, 0.0, 21.1, 14.1, 0.11, 0.085, 0.0, 0.0
cb3, 20170810, 	23.7, 17.479515, 35.9, 19.198965, 0.0, 19.6, 18.3, 0.069, 0.063, 0.0, 0.0
c8q, 20170811, 	28.0, 19.365625, 49.8, 23.222227, 0.0, 23.4, 17.1, 0.092, 0.08, 0.0, 0.0
c8x, 20170811, 	25.5, 17.19375, 41.0, 20.074303, 0.0, 21.3, 14.7, 0.113, 0.091, 0.0, 0.0
cb3, 20170811, 	25.0, 17.156591, 41.3, 19.51214, 0.0, 19.4, 17.6, 0.069, 0.061, 0.0, 0.0
c8q, 20170812, 	24.6, 17.09653, 35.4, 18.047224, 0.0, 23.3, 15.0, 0.395, 0.085, 0.0, 0.0
c8x, 20170812, 	23.2, 17.112495, 32.6, 19.590279, 0.0, 21.1, 16.2, 0.113, 0.097, 0.0, 0.0
cb3, 20170812, 	23.4, 15.903469, 23.8, 14.991671, 0.0, 19.4, 17.5, 0.117, 0.06, 0.0, 0.0
c8q, 20170813, 	22.2, 15.248607, 37.1, 18.549309, 0.0, 20.4, 15.6, 0.292, 0.236, 0.0, 0.0
c8x, 20170813, 	25.1, 17.176392, 40.3, 21.025347, 0.0, 21.7, 14.9, 0.113, 0.094, 0.0, 0.0
cb3, 20170813, 	21.6, 16.57535, 31.1, 17.989578, 0.0, 18.3, 17.1, 0.165, 0.12, 0.0, 0.0
c8q, 20170814, 	23.7, 17.464586, 36.4, 18.071867, 0.0, 20.4, 16.4, 0.241, 0.215, 0.0, 0.0
c8x, 20170814, 	26.1, 17.17848, 40.1, 18.95937, 0.0, 21.5, 15.0, 0.114, 0.094, 0.0, 0.0
cb3, 20170814, 	22.3, 16.188192, 36.3, 18.361109, 0.0, 18.8, 17.3, 0.168, 0.157, 0.0, 0.0
c8q, 20170815, 	21.6, 16.732637, 23.8, 17.558334, 0.0, 19.0, 17.2, 0.25, 0.215, 0.0, 0.0
c8x, 20170815, 	23.3, 17.91875, 34.3, 19.434021, 0.0, 20.4, 17.0, 0.109, 0.095, 0.0, 0.0
cb3, 20170815, 	21.0, 17.007984, 28.9, 17.241318, 0.0, 18.9, 17.8, 0.164, 0.155, 0.0, 0.0
c8q, 20170816, 	26.3, -17.141674, 40.6, 21.29689, 0.0, 22.0, 16.5, 0.251, 0.235, 0.0, 0.0
c8x, 20170816, 	26.2, 17.707285, 41.2, 21.71597, 0.0, 21.7, 15.7, 0.109, 0.091, 0.0, 0.0
cb3, 20170816, 	23.4, 18.616661, 30.2, 19.616667, 0.0, 18.8, 17.9, 0.17, 0.157, 0.0, 0.0
c8q, 20170817, 	29.3, 20.932983, 40.9, 21.996876, 0.0, 22.0, 17.3, 0.241, 0.217, 0.0, 0.0
c8x, 20170817, 	28.0, 18.65799, 38.6, 20.647568, 0.0, 21.7, 16.2, 0.108, 0.09, 0.0, 0.0
cb3, 20170817, 	27.0, 18.135757, 38.3, 20.292015, 0.0, 19.2, 17.3, 0.169, 0.161, 0.0, 0.0
c8q, 20170818, 	28.6, 20.751385, 41.8, 22.339586, 0.0, 22.5, 17.3, 0.229, 0.209, 0.0, 0.0
c8x, 20170818, 	27.8, 19.41562, 40.4, 22.364933, 0.0, 22.3, 16.2, 0.105, 0.086, 0.0, 0.0
cb3, 20170818, 	25.4, 19.416319, 33.1, 20.179161, 0.0, 19.3, 18.0, 0.189, 0.155, 0.0, 0.0
c8q, 20170819, 	29.9, 21.72674, 41.9, 22.482986, 0.0, 22.4, 17.8, 0.215, 0.199, 0.0, 0.0
c8x, 20170819, 	30.9, 21.400347, 40.5, 22.660414, 0.0, 22.4, 16.8, 0.102, 0.084, 0.0, 0.0
cb3, 20170819, 	28.2, 19.72396, 35.7, 19.492016, 0.0, 19.3, 17.7, 0.185, 0.175, 0.0, 0.0
c8q, 20170820, 	25.8, 18.30382, 34.8, 18.543053, 0.0, 21.5, 17.4, 0.203, 0.186, 0.0, 0.0
c8x, 20170820, 	25.0, 15.648958, 40.8, 19.307987, 0.0, 22.0, 15.1, 0.098, 0.072, 0.0, 0.0
cb3, 20170820, 	25.5, 18.15799, 32.7, 18.22465, 0.0, 19.2, 17.8, 0.179, 0.169, 0.0, 0.0
c8q, 20170821, 	22.5, 17.47917, 35.4, 19.450346, 0.0, 20.0, 16.8, 0.194, 0.18, 0.0, 0.0
c8x, 20170821, 	23.1, 17.86077, 34.9, 19.21493, 0.0, 21.2, 16.4, 0.094, 0.073, 0.0, 0.0
cb3, 20170821, 	23.4, 17.259026, 29.9, 17.587496, 0.0, 18.5, 17.4, 0.172, 0.163, 0.0, 0.0
c8q, 20170822, 	24.8, 17.879173, 40.0, 18.939232, 0.0, 21.0, 15.9, 0.184, 0.172, 0.0, 0.0
c8x, 20170822, 	24.9, 14.230901, 40.2, 17.381939, 0.0, 21.0, 13.7, 0.088, 0.067, 0.0, 0.0
cb3, 20170822, 	22.6, 15.240621, 32.9, 16.329168, 0.0, 18.1, 16.5, 0.166, 0.156, 0.0, 0.0
c8q, 20170823, 	30.0, 20.59341, 42.7, 22.665277, 0.0, 22.1, 16.7, 0.175, 0.161, 0.0, 0.0
c8x, 20170823, 	30.1, 17.629162, 45.1, 20.454857, 0.0, 22.1, 14.5, 0.088, 0.067, 0.0, 0.0
cb3, 20170823, 	26.9, 17.01493, 37.5, 17.936811, 0.0, 18.0, 16.4, 0.16, 0.15, 0.0, 0.0
c8q, 20170824, 	30.7, 22.724298, 39.9, 23.361454, 0.0, 22.1, 18.0, 0.167, 0.152, 0.0, 0.0
c8x, 20170824, 	28.5, 16.35417, 39.0, 19.341316, 0.0, 21.8, 15.8, 0.084, 0.067, 0.0, 0.0
cb3, 20170824, 	24.6, 17.642359, 33.0, 19.119442, 0.0, 18.3, 17.0, 0.153, 0.143, 0.0, 0.0
c8q, 20170825, 	27.6, 18.85521, 27.9, 19.071524, 0.0, 21.9, 18.5, 0.155, 0.145, 0.0, 0.0
c8x, 20170825, 	26.7, 19.167702, 39.4, 20.861458, 0.0, 21.4, 16.9, 0.081, 0.068, 0.0, 0.0
cb3, 20170825, 	22.3, 16.348616, 25.8, 16.809717, 0.0, 18.4, 17.5, 0.147, 0.139, 0.0, 0.0
c8q, 20170826, 	27.0, 19.054512, 36.4, 20.742008, 0.0, 22.0, 17.6, 0.152, 0.142, 0.0, 0.0
c8x, 20170826, 	26.4, 16.925346, 43.2, 21.126045, 0.0, 22.2, 16.0, 0.08, 0.067, 0.0, 0.0
cb3, 20170826, 	23.9, 18.128122, 35.8, 20.815273, 0.0, 18.6, 17.4, 0.144, 0.136, 0.0, 0.0
c8q, 20170827, 	30.2, 21.378475, 39.2, 22.693747, 0.0, 22.8, 18.1, 0.151, 0.139, 0.0, 0.0
c8x, 20170827, 	31.4, 19.182632, 46.1, 21.146181, 0.0, 22.5, 15.2, 0.079, 0.066, 0.0, 0.0
cb3, 20170827, 	26.0, 19.047224, 37.6, 20.551735, 0.0, 18.8, 17.4, 0.139, 0.129, 0.0, 0.0
c8q, 20170828, 	31.0, 22.985077, 40.7, 22.978819, 0.0, 22.9, 17.9, 0.144, 0.132, 0.0, 0.0
c8x, 20170828, 	31.7, 19.997915, 46.9, 22.59792, 0.0, 23.0, 15.5, 0.078, 0.066, 0.0, 0.0
cb3, 20170828, 	29.6, 19.743057, 39.6, 20.079863, 0.0, 18.7, 17.2, 0.131, 0.118, 0.0, 0.0
c8q, 20170829, 	32.6, 24.531595, 41.5, 24.40417, 0.0, 23.3, 18.4, 0.14, 0.129, 0.0, 0.0
c8x, 20170829, 	32.0, 20.962847, 44.9, 22.491673, 0.0, 23.3, 16.3, 0.077, 0.066, 0.0, 0.0
cb3, 20170829, 	29.4, 22.149305, 38.9, 22.534021, 0.0, 19.0, 17.6, 0.121, 0.107, 0.0, 0.0
c8q, 20170830, 	30.1, 22.117016, 36.6, 22.614573, 0.0, 23.1, 18.8, 0.134, 0.121, 0.0, 0.0
c8x, 20170830, 	28.1, 19.151049, 35.7, 20.75902, 0.0, 23.0, 16.8, 0.074, 0.066, 0.0, 0.0
cb3, 20170830, 	27.8, 19.770134, 32.5, 19.548258, 0.0, 19.3, 17.8, 0.112, 0.1, 0.0, 0.0
c8q, 20170831, 	31.6, 22.001387, 37.2, 22.418747, 0.0, 22.3, 19.0, 0.127, 0.118, 0.0, 0.0
c8x, 20170831, 	31.4, 20.239235, 37.9, 21.146532, 0.0, 22.0, 16.3, 0.073, 0.065, 0.0, 0.0
cb3, 20170831, 	27.7, 19.913551, 35.9, 20.594795, 0.0, 18.9, 17.7, 0.104, 0.095, 0.0, 0.0
c8q, 20180801, 	24.3, 18.346884, 35.5, 21.363886, 0.0, 22.7, 18.3, 0.186, 0.165, 0.0, 0.0
c8x, 20180801, 	21.9, 15.268404, 44.4, 20.484373, 0.0, 23.6, 17.2, 0.096, 0.076, 0.0, 0.0
cb3, 20180801, 	25.8, 16.7934, 26.5, 18.117012, 0.0, 1.4E-45, 0.0, 1.4E-45, 0.0, 0.0, 0.0
c8q, 20180802, 	34.2, 21.891317, 42.0, 23.567366, 0.0, 23.6, 18.4, 0.168, 0.151, 0.0, 0.0
c8x, 20180802, 	29.7, 17.03229, 39.6, 20.100689, 0.0, 24.7, 16.7, 0.096, 0.071, 0.0, 0.0
cb3, 20180802, 	25.1, 15.578818, 31.5, 15.904166, 0.0, 1.4E-45, 0.0, 1.4E-45, 0.0, 0.0, 0.0
c8q, 20180803, 	33.3, 27.114592, 42.6, 26.474998, 0.0, 24.7, 19.5, 0.153, 0.135, 0.0, 0.0
c8x, 20180803, 	34.4, 23.096525, 48.1, 26.813873, 0.0, 27.2, 18.6, 0.1, 0.075, 0.0, 0.0
cb3, 20180803, 	29.8, 21.446526, 33.4, 20.943398, 0.0, 1.4E-45, 0.0, 1.4E-45, 0.0, 0.0, 0.0
c8q, 20180804, 	30.6, 23.658333, 41.0, 24.915976, 0.0, 24.4, 19.8, 0.143, 0.127, 0.0, 0.0
c8x, 20180804, 	29.4, 21.561455, 38.8, 23.956942, 0.0, 26.9, 19.9, 0.097, 0.074, 0.0, 0.0
cb3, 20180804, 	30.0, 23.38576, 34.6, 23.795828, 0.0, 1.4E-45, 0.0, 1.4E-45, 0.0, 0.0, 0.0
c8q, 20180805, 	27.0, 20.688889, 38.5, 22.170824, 0.0, 24.2, 19.2, 0.13, 0.117, 0.0, 0.0
c8x, 20180805, 	25.5, 18.703821, 42.9, 22.623959, 0.0, 25.8, 18.7, 0.091, 0.068, 0.0, 0.0
cb3, 20180805, 	27.6, 20.227083, 33.4, 20.131248, 0.0, 1.4E-45, 0.0, 1.4E-45, 0.0, 0.0, 0.0
c8q, 20180806, 	27.6, 19.724308, 39.0, 21.546185, 0.0, 23.3, 19.2, 0.121, 0.112, 0.0, 0.0
c8x, 20180806, 	26.8, 18.437496, 42.5, 23.04236, 0.0, 26.3, 18.1, 0.098, 0.066, 0.0, 0.0
cb3, 20180806, 	25.2, 19.510073, 35.2, 20.804522, 0.0, 1.4E-45, 0.0, 1.4E-45, 0.0, 0.0, 0.0
c8q, 20180807, 	32.6, 22.442009, 41.8, 23.591316, 0.0, 24.0, 18.8, 0.117, 0.106, 0.0, 0.0
c8x, 20180807, 	33.0, 21.949308, 47.6, 25.05243, 0.0, 26.7, 17.9, 0.101, 0.074, 0.0, 0.0
cb3, 20180807, 	29.6, 20.26979, 31.9, 20.020842, 0.0, 1.4E-45, 0.0, 1.4E-45, 0.0, 0.0, 0.0
c8q, 20180808, 	31.7, 24.8684, 44.9, 26.234377, 0.0, 25.2, 19.3, 0.11, 0.102, 0.0, 0.0
c8x, 20180808, 	29.7, 20.758688, 42.9, 23.951742, 0.0, 26.4, 18.2, 0.101, 0.078, 0.0, 0.0
cb3, 20180808, 	30.7, 23.015957, 35.1, 22.068056, 0.0, 1.4E-45, 0.0, 1.4E-45, 0.0, 0.0, 0.0
c8q, 20180809, 	35.7, 25.981255, 46.4, 26.570137, 0.0, 25.8, 19.8, 0.108, 0.097, 0.0, 0.0
c8x, 20180809, 	30.7, 20.740974, 45.5, 24.595488, 0.0, 27.0, 18.0, 0.101, 0.077, 0.0, 0.0
cb3, 20180809, 	30.5, 21.354517, 35.8, 21.693392, 0.0, 1.4E-45, 0.0, 1.4E-45, 0.0, 0.0, 0.0
c8q, 20180810, 	36.8, 27.098269, 48.9, 28.562853, 0.0, 26.6, 20.2, 0.104, 0.094, 0.0, 0.0
c8x, 20180810, 	34.1, 22.77049, 47.6, 25.855217, 0.0, 27.5, 18.7, 0.101, 0.077, 0.0, 0.0
cb3, 20180810, 	30.8, 22.695492, 36.8, 22.987839, 0.0, 1.4E-45, 0.0, 1.4E-45, 0.0, 0.0, 0.0
c8q, 20180811, 	38.1, 29.126055, 48.6, 30.377071, 0.0, 27.3, 21.2, 0.102, 0.091, 0.0, 0.0
c8x, 20180811, 	38.5, 25.80799, 51.7, 28.455894, 0.0, 28.8, 19.8, 0.1, 0.076, 0.0, 0.0
cb3, 20180811, 	31.9, 23.569794, 38.5, 23.525, 0.0, 1.4E-45, 0.0, 1.4E-45, 0.0, 0.0, 0.0
c8q, 20180812, 	40.0, 29.777086, 48.8, 31.202782, 0.0, 27.8, 21.8, 0.099, 0.09, 0.0, 0.0
c8x, 20180812, 	39.3, 26.73194, 47.5, 28.631945, 0.0, 28.6, 20.8, 0.099, 0.073, 0.0, 0.0
cb3, 20180812, 	34.6, 26.100342, 40.2, 26.536463, 0.0, 1.4E-45, 0.0, 1.4E-45, 0.0, 0.0, 0.0
c8q, 20180813, 	38.4, 24.908329, 39.5, 26.332283, 0.0, 27.6, 22.5, 0.098, 0.088, 0.0, 0.0
c8x, 20180813, 	36.2, 19.62048, 37.9, 20.090626, 0.0, 28.4, 20.6, 0.095, 0.069, 0.0, 0.0
cb3, 20180813, 	31.8, 24.431248, 36.9, 25.308334, 0.0, 1.4E-45, 0.0, 1.4E-45, 0.0, 0.0, 0.0
c8q, 20180814, 	25.5, 17.35521, 37.7, 20.657988, 0.0, 25.0, 19.7, 0.095, 0.085, 0.0, 0.0
c8x, 20180814, 	25.2, 13.633679, 42.1, 18.387854, 0.0, 25.3, 14.8, 0.083, 0.061, 0.0, 0.0
cb3, 20180814, 	23.4, 16.963192, 33.4, 18.863201, 0.0, 1.4E-45, 0.0, 1.4E-45, 0.0, 0.0, 0.0
c8q, 20180815, 	29.9, 20.165619, 42.6, 23.682634, 0.0, 25.7, 19.5, 0.093, 0.083, 0.0, 0.0
c8x, 20180815, 	29.8, 20.545486, 45.4, 24.201048, 0.0, 26.7, 17.5, 0.087, 0.063, 0.0, 0.0
cb3, 20180815, 	26.4, 16.400349, 37.9, 18.810417, 0.0, 1.4E-45, 0.0, 1.4E-45, 0.0, 0.0, 0.0
c8q, 20180816, 	30.4, 22.954506, 40.1, 25.229515, 0.0, 25.5, 20.4, 0.093, 0.083, 0.0, 0.0
c8x, 20180816, 	28.4, 18.385069, 33.0, 19.62014, 0.0, 26.6, 18.2, 0.085, 0.062, 0.0, 0.0
cb3, 20180816, 	30.2, 20.627768, 40.1, 22.2264, 0.0, 1.4E-45, 0.0, 1.4E-45, 0.0, 0.0, 0.0
c8q, 20180817, 	32.4, 24.296173, 42.1, 25.83819, 0.0, 25.3, 20.5, 0.092, 0.082, 0.0, 0.0
c8x, 20180817, 	32.4, 19.576385, 41.5, 21.12917, 0.0, 23.4, 17.3, 0.074, 0.06, 0.0, 0.0
cb3, 20180817, 	27.9, 19.919098, 35.3, 20.877428, 0.0, 1.4E-45, 0.0, 1.4E-45, 0.0, 0.0, 0.0
c8q, 20180818, 	33.9, 25.579515, 46.0, 27.27015, 0.0, 26.1, 21.0, 0.092, 0.082, 0.0, 0.0
c8x, 20180818, 	30.9, 24.370487, 43.1, 26.367363, 0.0, 25.7, 19.4, 0.079, 0.062, 0.0, 0.0
cb3, 20180818, 	30.6, 21.463541, 38.7, 21.80729, 0.0, 1.4E-45, 0.0, 1.4E-45, 0.0, 0.0, 0.0
c8q, 20180819, 	27.6, 19.448257, 37.5, 22.34514, 0.0, 25.7, 20.4, 0.09, 0.081, 0.0, 0.0
c8x, 20180819, 	27.1, 18.272223, 36.3, 21.381248, 0.0, 25.5, 17.7, 0.077, 0.059, 0.0, 0.0
cb3, 20180819, 	29.0, 19.88125, 28.5, 19.50625, 0.0, 1.4E-45, 0.0, 1.4E-45, 0.0, 0.0, 0.0
c8q, 20180820, 	20.4, 15.881251, 32.6, 16.334726, 0.0, 23.8, 18.0, 0.087, 0.076, 0.0, 0.0
c8x, 20180820, 	22.0, 13.609723, 38.8, 16.0257, 0.0, 24.1, 14.9, 0.07, 0.057, 0.0, 0.0
cb3, 20180820, 	21.6, 14.811802, 27.6, 15.530204, 0.0, 1.4E-45, 0.0, 1.4E-45, 0.0, 0.0, 0.0
c8q, 20180821, 	22.1, 16.603474, 37.9, 19.24896, 0.0, 22.1, 17.9, 0.085, 0.075, 0.0, 0.0
c8x, 20180821, 	24.3, 14.210415, 41.0, 17.747915, 0.0, 23.7, 14.3, 0.069, 0.054, 0.0, 0.0
cb3, 20180821, 	23.7, 16.732292, 34.4, 18.3, 0.0, 1.4E-45, 0.0, 1.4E-45, 0.0, 0.0, 0.0
c8q, 20180822, 	27.4, -1200.9468, 39.2, -399.34583, -1215.0, 22.6, 0.0, 0.084, 0.0, 0.0, 0.0
c8x, 20180822, 	27.8, -1652.2213, 41.3, 19.447565, -1666.0, 23.5, 0.0, 0.066, 0.0, 0.0, 0.0
cb3, 20180822, 	25.7, 17.12639, 34.9, 17.665627, -416.0, 1.4E-45, 0.0, 1.4E-45, 0.0, 0.0, 0.0
c8q, 20180823, 	26.6, -15.679494, 35.0, 19.62882, -34.0, 1.4E-45, 0.0, 1.4E-45, 0.0, 0.0, 0.0
c8x, 20180823, 	28.5, 19.18437, 41.4, 20.985415, 0.0, 1.4E-45, 0.0, 1.4E-45, 0.0, 0.0, 0.0
cb3, 20180823, 	25.0, 18.306255, 34.5, 18.825352, 0.0, 1.4E-45, 0.0, 1.4E-45, 0.0, 0.0, 0.0
c8q, 20180824, 	30.8, 20.67014, 46.0, 23.172913, 0.0, 1.4E-45, 0.0, 1.4E-45, 0.0, 0.0, 0.0
c8x, 20180824, 	29.6, 18.944454, 43.4, 22.527779, 0.0, 1.4E-45, 0.0, 1.4E-45, 0.0, 0.0, 0.0
cb3, 20180824, 	24.8, 19.360771, 30.0, 20.135763, 0.0, 1.4E-45, 0.0, 1.4E-45, 0.0, 0.0, 0.0
c8q, 20180825, 	29.7, 19.485418, 36.5, 21.316664, 0.0, 1.4E-45, 0.0, 1.4E-45, 0.0, 0.0, 0.0
c8x, 20180825, 	28.3, 16.068052, 32.7, 18.589928, 0.0, 1.4E-45, 0.0, 1.4E-45, 0.0, 0.0, 0.0
cb3, 20180825, 	23.5, 18.569792, 27.6, 18.234032, 0.0, 1.4E-45, 0.0, 1.4E-45, 0.0, 0.0, 0.0
c8q, 20180826, 	22.3, 15.876731, 35.7, 17.371176, 0.0, 1.4E-45, 0.0, 1.4E-45, 0.0, 0.0, 0.0
c8x, 20180826, 	20.0, 11.564935, 30.0, 11.257292, 0.0, 1.4E-45, 0.0, 1.4E-45, 0.0, 0.0, 0.0
cb3, 20180826, 	21.8, 16.562153, 26.3, 17.336111, 0.0, 1.4E-45, 0.0, 1.4E-45, 0.0, 0.0, 0.0
c8q, 20180827, 	20.4, 11.513546, 21.1, 11.456251, 0.0, 1.4E-45, 0.0, 1.4E-45, 0.0, 0.0, 0.0
c8x, 20180827, 	12.7, 10.2795105, 16.4, 10.995487, 0.0, 1.4E-45, 0.0, 1.4E-45, 0.0, 0.0, 0.0
cb3, 20180827, 	19.8, 13.079171, 20.3, 13.185414, 0.0, 1.4E-45, 0.0, 1.4E-45, 0.0, 0.0, 0.0
c8q, 20180828, 	13.5, 10.2684, 18.0, 12.193404, 0.0, 1.4E-45, 0.0, 1.4E-45, 0.0, 0.0, 0.0
c8x, 20180828, 	17.2, 12.022572, 25.2, 13.637853, 0.0, 1.4E-45, 0.0, 1.4E-45, 0.0, 0.0, 0.0
cb3, 20180828, 	15.1, 11.833683, 21.0, 12.562853, 0.0, 1.4E-45, 0.0, 1.4E-45, 0.0, 0.0, 0.0
c8q, 20180829, 	26.6, 13.816321, 38.0, 15.248265, 0.0, 1.4E-45, 0.0, 1.4E-45, 0.0, 0.0, 0.0
c8x, 20180829, 	26.0, 13.654514, 37.3, 15.593399, 0.0, 1.4E-45, 0.0, 1.4E-45, 0.0, 0.0, 0.0
cb3, 20180829, 	23.1, 13.851738, 29.0, 14.78576, 0.0, 1.4E-45, 0.0, 1.4E-45, 0.0, 0.0, 0.0
c8q, 20180830, 	30.9, 20.87535, 42.9, 21.70208, 0.0, 1.4E-45, 0.0, 1.4E-45, 0.0, 0.0, 0.0
c8x, 20180830, 	31.1, 20.45521, 40.8, 21.321875, 0.0, 1.4E-45, 0.0, 1.4E-45, 0.0, 0.0, 0.0
cb3, 20180830, 	27.5, 19.128473, 31.4, 19.69236, 0.0, 1.4E-45, 0.0, 1.4E-45, 0.0, 0.0, 0.0
c8q, 20180831, 	29.2, 21.588898, 38.7, 21.412157, 0.0, 1.4E-45, 0.0, 1.4E-45, 0.0, 0.0, 0.0
c8x, 20180831, 	27.4, 17.407986, 38.4, 19.551737, 0.0, 1.4E-45, 0.0, 1.4E-45, 0.0, 0.0, 0.0
cb3, 20180831, 	28.8, 21.42952, 39.4, 21.648964, 0.0, 1.4E-45, 0.0, 1.4E-45, 0.0, 0.0, 0.0
