8e3, 201101, 	27.0, -4.6
9mu, 201101, 	29.4, 3.3
9mx, 201101, 	26.5, -4.7
9my, 201101, 	28.7, -5.0
9mz, 201101, 	24.3, -2.4
9px, 201101, 	18.6, -3.4
9q4, 201101, 	26.3, 1.9
9qb, 201101, 	20.1, 0.5
9qd, 201101, 	16.1, -7.0
9qn, 201101, 	25.9, -2.2
9qs, 201101, 	24.7, -1.0
9qt, 201101, 	23.7, -7.1
9qx, 201101, 	17.4, -20.6
9qy, 201101, 	13.4, -21.1
9qz, 201101, 	5.4, -27.1
9r0, 201101, 	22.8, -4.0
9r6, 201101, 	9.7, -17.5
9rb, 201101, 	15.5, -5.7
9rd, 201101, 	9.2, -24.9
9rf, 201101, 	15.6, -12.6
9rp, 201101, 	8.2, -19.9
9rr, 201101, 	8.7, -23.9
9rs, 201101, 	12.6, -16.1
9rx, 201101, 	5.3, -22.3
9t8, 201101, 	24.5, -7.3
9t9, 201101, 	23.5, -11.1
9tb, 201101, 	23.9, -5.4
9td, 201101, 	20.5, -12.0
9tf, 201101, 	19.5, -28.6
9tn, 201101, 	25.7, -7.4
9tu, 201101, 	21.4, -18.6
9tv, 201101, 	26.3, -15.3
9tw, 201101, 	25.7, -11.7
9ud, 201101, 	30.2, -0.6
9v5, 201101, 	23.4, -2.2
9v6, 201101, 	25.3, -5.2
9v8, 201101, 	25.2, -11.0
9ve, 201101, 	23.6, -7.2
9vq, 201101, 	21.7, -4.7
9vy, 201101, 	23.6, -9.7
9w0, 201101, 	22.2, -11.2
9w1, 201101, 	16.1, -28.5
9w2, 201101, 	19.7, -24.8
9w4, 201101, 	10.2, -36.2
9w5, 201101, 	18.6, -25.6
9w6, 201101, 	10.3, -25.9
9w7, 201101, 	11.4, -23.3
9w8, 201101, 	16.4, -22.1
9w9, 201101, 	10.7, -21.9
9wb, 201101, 	13.6, -16.9
9wd, 201101, 	11.6, -19.8
9we, 201101, 	7.7, -38.1
9wf, 201101, 	12.5, -21.3
9wg, 201101, 	4.3, -23.2
9wh, 201101, 	15.1, -18.3
9wj, 201101, 	20.2, -14.9
9wk, 201101, 	11.3, -26.7
9wm, 201101, 	17.9, -22.3
9wn, 201101, 	24.3, -18.2
9wq, 201101, 	20.9, -18.0
9ws, 201101, 	10.9, -28.8
9wu, 201101, 	13.0, -27.7
9wv, 201101, 	13.7, -30.6
9ww, 201101, 	21.2, -28.5
9wx, 201101, 	22.2, -20.3
9wy, 201101, 	20.6, -26.9
9wz, 201101, 	19.7, -30.3
9x0, 201101, 	8.9, -31.7
9x4, 201101, 	3.1, -25.0
9x5, 201101, 	8.1, -31.4
9x7, 201101, 	4.1, -27.9
9xc, 201101, 	5.6, -26.5
9xd, 201101, 	11.0, -25.1
9xh, 201101, 	6.7, -26.4
9xm, 201101, 	17.4, -23.2
9xn, 201101, 	17.1, -30.0
9xp, 201101, 	18.2, -25.8
9xr, 201101, 	10.3, -22.8
9xv, 201101, 	5.9, -28.7
9xw, 201101, 	13.6, -27.4
9y6, 201101, 	24.7, -15.2
9yb, 201101, 	20.5, -24.4
9yg, 201101, 	14.8, -21.0
9yq, 201101, 	21.6, -15.8
9ys, 201101, 	20.8, -17.9
9yw, 201101, 	17.4, -20.5
9z5, 201101, 	10.7, -20.8
9z7, 201101, 	10.2, -24.2
9zb, 201101, 	5.4, -24.4
9zg, 201101, 	2.7, -27.3
9zj, 201101, 	5.9, -20.2
9zm, 201101, 	4.2, -22.0
9zz, 201101, 	2.7, -29.5
b3v, 201101, 	5.3, -5.4
b4n, 201101, 	4.1, -13.4
bdd, 201101, 	8.8, -29.0
bdv, 201101, 	7.7, -33.6
bex, 201101, 	5.3, -32.8
bfp, 201101, 	7.9, -12.1
bkh, 201101, 	4.4, -34.4
bs8, 201101, 	0.1, -42.8
c0r, 201101, 	12.1, -5.4
c29, 201101, 	10.8, -6.4
c2k, 201101, 	11.1, -26.2
c2p, 201101, 	5.5, -30.9
c2x, 201101, 	6.8, -34.7
c83, 201101, 	10.2, -33.8
c8n, 201101, 	4.8, -33.7
c8q, 201101, 	6.2, -29.3
c8t, 201101, 	4.3, -34.2
c8x, 201101, 	0.4, -31.2
cb1, 201101, 	2.2, -27.0
cb3, 201101, 	1.1, -27.9
dhw, 201101, 	29.4, 1.3
dhy, 201101, 	27.5, -1.8
dj3, 201101, 	20.2, -7.9
dj8, 201101, 	22.8, -9.6
dj9, 201101, 	22.9, -8.9
djc, 201101, 	24.5, -10.3
djd, 201101, 	23.1, -9.6
dje, 201101, 	22.6, -8.6
djf, 201101, 	22.3, -10.3
djn, 201101, 	25.8, 0.7
djq, 201101, 	22.9, -4.9
djy, 201101, 	23.1, -8.4
djz, 201101, 	21.5, -5.3
dn0, 201101, 	22.5, -17.5
dn1, 201101, 	21.9, -15.3
dn4, 201101, 	21.4, -13.6
dn5, 201101, 	19.6, -14.5
dn7, 201101, 	16.9, -17.1
dnd, 201101, 	17.9, -14.4
dnf, 201101, 	16.8, -18.0
dng, 201101, 	15.0, -18.7
dnh, 201101, 	21.5, -8.8
dnm, 201101, 	20.2, -17.4
dnr, 201101, 	19.4, -9.9
dnz, 201101, 	9.5, -19.3
dp1, 201101, 	12.4, -24.5
dp2, 201101, 	10.3, -24.2
dpg, 201101, 	8.7, -24.1
dpj, 201101, 	13.2, -19.3
dpz, 201101, 	8.5, -27.0
dqb, 201101, 	13.4, -10.4
dqd, 201101, 	15.1, -7.2
dr4, 201101, 	11.8, -19.1
dr7, 201101, 	13.2, -26.1
dr9, 201101, 	9.6, -28.2
drm, 201101, 	12.6, -21.4
drt, 201101, 	15.1, -22.8
drz, 201101, 	7.3, -27.0
f04, 201101, 	4.6, -25.8
f2r, 201101, 	4.7, -28.1
8e3, 201102, 	27.1, -1.2
9mu, 201102, 	28.0, 0.7
9mx, 201102, 	26.7, -5.2
9my, 201102, 	26.1, -4.4
9mz, 201102, 	26.4, -4.9
9px, 201102, 	15.9, -5.4
9q4, 201102, 	21.4, 1.7
9qb, 201102, 	17.1, -0.7
9qd, 201102, 	20.8, -11.2
9qn, 201102, 	24.7, -4.8
9qs, 201102, 	27.4, -1.0
9qt, 201102, 	18.6, -8.0
9qx, 201102, 	17.9, -14.6
9qy, 201102, 	12.1, -23.7
9qz, 201102, 	10.1, -23.1
9r0, 201102, 	23.7, -3.6
9r6, 201102, 	10.5, -22.7
9rb, 201102, 	15.1, -8.3
9rd, 201102, 	14.5, -20.8
9rf, 201102, 	18.3, -14.9
9rp, 201102, 	13.3, -15.8
9rr, 201102, 	11.8, -19.1
9rs, 201102, 	16.5, -19.2
9rx, 201102, 	5.9, -21.6
9t8, 201102, 	26.9, -11.8
9t9, 201102, 	24.9, -16.1
9tb, 201102, 	26.0, -8.4
9td, 201102, 	22.9, -17.0
9tf, 201102, 	20.8, -27.5
9tn, 201102, 	31.9, -14.0
9tu, 201102, 	25.0, -29.3
9tv, 201102, 	28.8, -23.6
9tw, 201102, 	30.4, -15.2
9ud, 201102, 	35.0, -3.8
9v5, 201102, 	26.8, -4.7
9v6, 201102, 	28.4, -10.6
9v8, 201102, 	30.9, -13.8
9ve, 201102, 	27.7, -9.1
9vq, 201102, 	27.7, -4.3
9vy, 201102, 	28.5, -10.1
9w0, 201102, 	23.0, -10.9
9w1, 201102, 	20.5, -26.1
9w2, 201102, 	19.1, -18.8
9w4, 201102, 	15.8, -31.2
9w5, 201102, 	23.7, -30.0
9w6, 201102, 	13.6, -29.7
9w7, 201102, 	17.1, -26.6
9w8, 201102, 	19.1, -15.7
9w9, 201102, 	18.8, -21.1
9wb, 201102, 	12.3, -18.2
9wd, 201102, 	17.3, -22.1
9we, 201102, 	13.1, -33.9
9wf, 201102, 	15.6, -19.5
9wg, 201102, 	8.3, -27.9
9wh, 201102, 	17.8, -27.3
9wj, 201102, 	24.8, -27.1
9wk, 201102, 	14.6, -31.7
9wm, 201102, 	19.4, -30.5
9wn, 201102, 	27.8, -24.1
9wq, 201102, 	25.0, -25.3
9ws, 201102, 	11.8, -31.8
9wu, 201102, 	12.8, -35.5
9wv, 201102, 	13.6, -34.7
9ww, 201102, 	24.8, -30.0
9wx, 201102, 	27.1, -22.0
9wy, 201102, 	23.5, -27.6
9wz, 201102, 	23.0, -31.7
9x0, 201102, 	9.8, -36.9
9x4, 201102, 	7.0, -26.8
9x5, 201102, 	11.0, -38.9
9x7, 201102, 	6.2, -36.0
9xc, 201102, 	6.8, -35.8
9xd, 201102, 	12.4, -27.7
9xh, 201102, 	8.5, -38.4
9xm, 201102, 	18.6, -30.6
9xn, 201102, 	20.4, -29.8
9xp, 201102, 	21.4, -26.2
9xr, 201102, 	18.6, -26.7
9xv, 201102, 	8.2, -33.5
9xw, 201102, 	17.5, -33.1
9y6, 201102, 	27.5, -31.8
9yb, 201102, 	25.6, -24.0
9yg, 201102, 	22.9, -23.4
9yq, 201102, 	22.4, -21.9
9ys, 201102, 	22.4, -26.1
9yw, 201102, 	23.4, -28.2
9z5, 201102, 	21.0, -19.8
9z7, 201102, 	21.4, -21.9
9zb, 201102, 	18.6, -26.6
9zg, 201102, 	7.9, -27.8
9zj, 201102, 	21.6, -26.2
9zm, 201102, 	19.6, -23.5
9zz, 201102, 	10.6, -32.3
b3v, 201102, 	6.6, -11.9
b4n, 201102, 	3.3, -15.0
bdd, 201102, 	6.8, -28.4
bdv, 201102, 	3.6, -27.9
bfp, 201102, 	10.0, -12.2
c0r, 201102, 	9.8, -4.2
c29, 201102, 	9.7, -10.4
c2k, 201102, 	10.5, -25.6
c2p, 201102, 	8.2, -30.4
c2x, 201102, 	8.3, -35.7
c83, 201102, 	11.3, -34.1
c8n, 201102, 	9.5, -34.2
c8q, 201102, 	9.0, -32.1
c8t, 201102, 	7.1, -39.2
c8x, 201102, 	4.7, -33.7
cb1, 201102, 	5.3, -31.0
cb3, 201102, 	6.5, -30.4
cbe, 201102, 	9.0, -30.0
cbj, 201102, 	9.5, -31.0
dhw, 201102, 	30.6, 4.8
dhy, 201102, 	30.2, 1.8
dj3, 201102, 	26.0, -6.6
dj8, 201102, 	27.1, -9.3
dj9, 201102, 	26.9, -6.3
djc, 201102, 	28.9, -8.1
djd, 201102, 	27.1, -6.2
dje, 201102, 	28.2, -4.7
djf, 201102, 	26.6, -8.7
djn, 201102, 	28.3, -0.1
djq, 201102, 	29.4, 0.3
djy, 201102, 	27.9, -3.8
djz, 201102, 	26.3, -0.2
dn0, 201102, 	24.6, -16.7
dn1, 201102, 	24.5, -12.8
dn4, 201102, 	25.4, -10.0
dn5, 201102, 	23.9, -10.3
dn7, 201102, 	18.3, -13.6
dnd, 201102, 	21.1, -14.9
dnf, 201102, 	20.6, -16.7
dng, 201102, 	20.2, -15.9
dnh, 201102, 	25.0, -3.1
dnm, 201102, 	24.4, -11.2
dnr, 201102, 	26.2, -8.3
dnz, 201102, 	15.9, -15.5
dp1, 201102, 	16.4, -24.3
dp2, 201102, 	11.2, -26.1
dpg, 201102, 	9.3, -19.2
dpj, 201102, 	16.9, -17.6
dpz, 201102, 	9.5, -19.5
dqb, 201102, 	22.0, -7.8
dqd, 201102, 	22.7, -7.5
dr4, 201102, 	20.3, -14.9
dr7, 201102, 	16.4, -19.6
dr9, 201102, 	13.8, -25.8
drm, 201102, 	14.1, -18.8
drt, 201102, 	16.3, -21.2
drz, 201102, 	7.0, -25.5
f04, 201102, 	8.5, -29.0
f2r, 201102, 	4.5, -28.2
8e3, 201103, 	27.2, -0.7
9mu, 201103, 	31.5, 4.9
9mx, 201103, 	32.9, 2.8
9my, 201103, 	35.1, 3.9
9mz, 201103, 	33.8, 4.2
9px, 201103, 	17.6, 0.5
9q4, 201103, 	25.5, 2.2
9qb, 201103, 	15.5, 4.5
9qd, 201103, 	24.2, -7.3
9qn, 201103, 	35.2, 5.8
9qs, 201103, 	36.9, 7.8
9qt, 201103, 	27.9, -1.1
9qx, 201103, 	24.3, -7.8
9qy, 201103, 	19.2, -6.0
9qz, 201103, 	22.2, -6.8
9r0, 201103, 	28.3, -0.1
9r6, 201103, 	11.3, -11.3
9rb, 201103, 	17.3, -0.1
9rd, 201103, 	17.5, -9.5
9rf, 201103, 	21.7, -3.9
9rp, 201103, 	20.4, -4.7
9rr, 201103, 	18.4, -9.3
9rs, 201103, 	19.4, -6.4
9rx, 201103, 	8.1, -11.0
9t8, 201103, 	31.9, -2.2
9t9, 201103, 	28.1, -4.1
9tb, 201103, 	33.0, 1.4
9td, 201103, 	27.5, -3.7
9tf, 201103, 	24.6, -12.6
9tn, 201103, 	33.8, 0.7
9tu, 201103, 	27.9, -10.8
9tv, 201103, 	31.8, -5.1
9tw, 201103, 	33.9, -0.6
9ud, 201103, 	34.0, 6.1
9v5, 201103, 	26.4, 3.7
9v6, 201103, 	31.0, 1.4
9v8, 201103, 	32.5, -7.4
9ve, 201103, 	30.5, -1.1
9vq, 201103, 	28.8, 3.4
9vy, 201103, 	30.2, -2.2
9w0, 201103, 	30.9, -2.3
9w1, 201103, 	24.3, -8.8
9w2, 201103, 	26.7, -6.6
9w4, 201103, 	21.4, -12.1
9w5, 201103, 	27.1, -11.5
9w6, 201103, 	19.0, -8.4
9w7, 201103, 	21.0, -9.4
9w8, 201103, 	28.4, -7.7
9w9, 201103, 	59.1, -59.0
9wb, 201103, 	19.6, -4.9
9wd, 201103, 	24.7, -7.1
9we, 201103, 	18.2, -14.3
9wf, 201103, 	22.6, -6.3
9wg, 201103, 	13.6, -11.5
9wh, 201103, 	21.9, -6.5
9wj, 201103, 	27.1, -4.2
9wk, 201103, 	20.2, -15.1
9wm, 201103, 	24.1, -10.1
9wn, 201103, 	30.7, -6.0
9wq, 201103, 	27.2, -5.0
9ws, 201103, 	19.4, -15.3
9wu, 201103, 	18.6, -12.5
9wv, 201103, 	17.9, -16.0
9ww, 201103, 	28.9, -9.8
9wx, 201103, 	29.5, -7.3
9wy, 201103, 	29.3, -7.9
9wz, 201103, 	29.5, -13.8
9x0, 201103, 	15.5, -25.9
9x4, 201103, 	18.4, -7.1
9x5, 201103, 	18.6, -12.8
9x7, 201103, 	13.9, -11.6
9xc, 201103, 	8.1, -18.1
9xd, 201103, 	19.6, -9.3
9xh, 201103, 	11.9, -16.7
9xm, 201103, 	20.7, -11.6
9xn, 201103, 	25.8, -13.0
9xp, 201103, 	28.0, -10.4
9xr, 201103, 	21.3, -14.7
9xv, 201103, 	10.5, -17.3
9xw, 201103, 	19.6, -19.8
9y6, 201103, 	30.9, -7.2
9yb, 201103, 	27.8, -13.7
9yg, 201103, 	29.7, -8.3
9yq, 201103, 	27.1, -4.6
9ys, 201103, 	24.3, -5.9
9yw, 201103, 	27.1, -8.9
9z5, 201103, 	27.2, -11.4
9z7, 201103, 	26.4, -11.4
9zb, 201103, 	19.2, -22.0
9zg, 201103, 	15.5, -20.6
9zj, 201103, 	25.1, -5.6
9zm, 201103, 	22.5, -11.5
9zz, 201103, 	12.8, -14.9
b3v, 201103, 	6.0, -5.7
b4n, 201103, 	3.3, -14.1
bdd, 201103, 	7.9, -28.8
bdv, 201103, 	8.9, -26.4
bex, 201103, 	8.1, -23.3
bfp, 201103, 	12.7, -14.6
c0r, 201103, 	15.7, -1.4
c29, 201103, 	17.4, -3.0
c2k, 201103, 	16.1, -5.7
c2p, 201103, 	12.3, -15.8
c2x, 201103, 	7.6, -24.9
c83, 201103, 	12.3, -20.6
c8n, 201103, 	14.8, -26.1
c8q, 201103, 	9.4, -21.9
c8t, 201103, 	7.1, -25.3
c8x, 201103, 	3.8, -28.3
cb1, 201103, 	5.3, -23.4
cb3, 201103, 	3.9, -22.0
cbe, 201103, 	7.0, -28.2
cbj, 201103, 	10.2, -24.5
dhw, 201103, 	32.4, 3.9
dhy, 201103, 	32.8, 4.7
dj3, 201103, 	26.6, -0.8
dj8, 201103, 	28.5, -1.6
dj9, 201103, 	28.9, -1.4
djc, 201103, 	29.7, -0.5
djd, 201103, 	29.8, -0.3
dje, 201103, 	29.7, -0.1
djf, 201103, 	28.4, -0.3
djn, 201103, 	31.5, 4.4
djq, 201103, 	31.0, 1.7
djy, 201103, 	29.3, -1.0
djz, 201103, 	29.6, 3.7
dn0, 201103, 	28.5, -4.6
dn1, 201103, 	28.3, -2.9
dn4, 201103, 	27.2, -1.2
dn5, 201103, 	25.9, -1.8
dn7, 201103, 	24.1, -1.8
dnd, 201103, 	26.7, -1.7
dnf, 201103, 	25.1, -4.0
dng, 201103, 	24.8, -1.9
dnh, 201103, 	28.3, -0.7
dnm, 201103, 	27.3, -4.9
dnr, 201103, 	27.8, -2.8
dnz, 201103, 	17.5, -11.9
dp1, 201103, 	22.7, -4.6
dp2, 201103, 	19.1, -8.1
dpg, 201103, 	13.2, -16.6
dpj, 201103, 	21.6, -8.1
dpz, 201103, 	13.8, -15.8
dqb, 201103, 	25.5, -4.5
dqd, 201103, 	25.8, -2.4
dr4, 201103, 	24.7, -7.4
dr7, 201103, 	23.0, -12.1
dr9, 201103, 	14.6, -21.7
drm, 201103, 	21.6, -10.3
drt, 201103, 	20.5, -17.0
drz, 201103, 	16.1, -26.5
f04, 201103, 	8.8, -20.0
f2r, 201103, 	7.6, -30.1
8e3, 201104, 	26.4, -0.3
9mu, 201104, 	32.0, 2.3
9mx, 201104, 	36.8, 4.6
9my, 201104, 	37.1, 5.4
9mz, 201104, 	37.4, 5.6
9px, 201104, 	15.7, -2.2
9q4, 201104, 	25.2, 2.1
9qb, 201104, 	15.8, 2.5
9qd, 201104, 	26.6, -9.7
9qn, 201104, 	37.9, 6.4
9qs, 201104, 	37.5, 8.6
9qt, 201104, 	30.5, -2.4
9qx, 201104, 	27.5, -7.2
9qy, 201104, 	20.0, -6.9
9qz, 201104, 	24.8, -8.1
9r0, 201104, 	27.5, 0.8
9r6, 201104, 	14.2, -10.7
9rb, 201104, 	19.7, -1.7
9rd, 201104, 	19.7, -10.2
9rf, 201104, 	22.8, -3.6
9rp, 201104, 	26.6, -5.5
9rr, 201104, 	17.9, -4.9
9rs, 201104, 	19.0, -6.2
9rx, 201104, 	11.4, -7.2
9t8, 201104, 	34.9, -0.7
9t9, 201104, 	30.8, -4.7
9tb, 201104, 	36.2, 2.2
9td, 201104, 	30.8, -3.8
9tf, 201104, 	27.9, -9.9
9tn, 201104, 	38.0, 4.6
9tu, 201104, 	31.9, -5.5
9tv, 201104, 	35.0, 0.9
9tw, 201104, 	38.2, 3.9
9ud, 201104, 	37.2, 10.4
9v5, 201104, 	34.2, 4.4
9v6, 201104, 	35.0, 7.1
9v8, 201104, 	37.4, -2.6
9ve, 201104, 	33.8, 2.3
9vq, 201104, 	30.0, 4.9
9vy, 201104, 	31.9, 0.2
9w0, 201104, 	32.3, -2.3
9w1, 201104, 	26.8, -13.4
9w2, 201104, 	28.6, -11.9
9w4, 201104, 	23.6, -12.0
9w5, 201104, 	31.7, -12.0
9w6, 201104, 	22.4, -11.7
9w7, 201104, 	24.5, -6.6
9w8, 201104, 	31.2, -7.5
9w9, 201104, 	22.1, -9.0
9wb, 201104, 	23.4, -4.1
9wd, 201104, 	27.9, -9.2
9we, 201104, 	22.5, -11.2
9wf, 201104, 	26.4, -5.8
9wg, 201104, 	17.8, -10.1
9wh, 201104, 	26.1, -2.8
9wj, 201104, 	30.6, -0.5
9wk, 201104, 	24.0, -10.5
9wm, 201104, 	27.0, -3.3
9wn, 201104, 	35.4, -4.1
9wq, 201104, 	29.8, -2.8
9ws, 201104, 	22.4, -13.0
9wu, 201104, 	22.3, -10.7
9wv, 201104, 	21.1, -16.9
9ww, 201104, 	32.4, -8.2
9wx, 201104, 	33.2, -4.3
9wy, 201104, 	32.0, -4.2
9wz, 201104, 	31.3, -8.1
9x0, 201104, 	21.2, -22.5
9x4, 201104, 	23.5, -7.8
9x5, 201104, 	21.9, -10.8
9x7, 201104, 	20.7, -13.5
9xc, 201104, 	11.2, -14.0
9xd, 201104, 	19.0, -8.6
9xh, 201104, 	14.6, -16.7
9xm, 201104, 	26.3, -10.2
9xn, 201104, 	29.3, -7.2
9xp, 201104, 	29.2, -4.4
9xr, 201104, 	24.4, -4.9
9xv, 201104, 	16.0, -8.2
9xw, 201104, 	26.8, -9.2
9y6, 201104, 	33.3, -3.9
9yb, 201104, 	32.7, -4.3
9yg, 201104, 	34.3, -0.5
9yq, 201104, 	29.9, -2.9
9ys, 201104, 	29.9, -0.3
9yw, 201104, 	31.9, -5.2
9z5, 201104, 	31.9, -0.7
9z7, 201104, 	32.2, -3.5
9zb, 201104, 	22.2, -6.3
9zg, 201104, 	23.4, -2.9
9zj, 201104, 	29.6, -1.5
9zm, 201104, 	31.0, -3.0
9zz, 201104, 	26.2, -3.0
b3v, 201104, 	7.9, -8.7
b4n, 201104, 	4.1, -14.0
bdd, 201104, 	12.0, -16.9
bdv, 201104, 	11.4, -8.0
bex, 201104, 	11.9, -17.5
bfp, 201104, 	9.4, -2.2
bkh, 201104, 	4.2, -23.4
c0r, 201104, 	19.3, -2.0
c29, 201104, 	19.7, -1.7
c2k, 201104, 	16.4, -5.2
c2p, 201104, 	14.5, -11.2
c2x, 201104, 	9.4, -18.5
c83, 201104, 	13.9, -13.2
c8n, 201104, 	18.7, -9.1
c8q, 201104, 	19.3, -9.1
c8t, 201104, 	21.0, -7.3
c8x, 201104, 	20.3, -7.7
cb1, 201104, 	21.5, -7.4
cb3, 201104, 	21.3, -7.9
cbe, 201104, 	21.2, -5.7
cbj, 201104, 	21.2, -4.0
dhw, 201104, 	34.7, 9.4
dhy, 201104, 	34.3, 10.1
dj3, 201104, 	29.6, 1.7
dj8, 201104, 	30.1, 1.3
dj9, 201104, 	30.5, 2.0
djc, 201104, 	30.9, 2.2
djd, 201104, 	31.4, 1.5
dje, 201104, 	32.1, 3.0
djf, 201104, 	30.8, 1.1
djn, 201104, 	31.3, 10.8
djq, 201104, 	31.9, 5.4
djy, 201104, 	31.3, 2.6
djz, 201104, 	31.5, 4.8
dn0, 201104, 	32.0, 0.5
dn1, 201104, 	30.8, 0.1
dn4, 201104, 	30.5, -0.4
dn5, 201104, 	29.0, -0.7
dn7, 201104, 	28.3, -2.3
dnd, 201104, 	31.3, 1.0
dnf, 201104, 	28.0, 2.3
dng, 201104, 	28.2, -1.4
dnh, 201104, 	30.0, 2.6
dnm, 201104, 	29.0, -3.3
dnr, 201104, 	29.4, -1.1
dnz, 201104, 	25.8, -3.8
dp1, 201104, 	28.5, -0.9
dp2, 201104, 	27.8, -3.0
dpg, 201104, 	22.6, -4.5
dpj, 201104, 	27.8, -1.7
dpz, 201104, 	22.0, -4.2
dqb, 201104, 	28.5, 1.0
dqd, 201104, 	29.3, 3.1
dr4, 201104, 	27.9, 0.3
dr7, 201104, 	28.4, -3.4
dr9, 201104, 	27.2, -4.0
drm, 201104, 	22.4, -3.4
drt, 201104, 	24.2, -5.5
drz, 201104, 	21.5, -7.4
f04, 201104, 	18.5, -8.5
f2r, 201104, 	18.0, -12.3
yue, 201104, 	8.9, -14.0
8e3, 201105, 	26.0, 0.0
9mu, 201105, 	34.0, 6.8
9mx, 201105, 	36.5, 8.9
9my, 201105, 	38.3, 10.9
9mz, 201105, 	39.2, 10.8
9px, 201105, 	16.1, -1.1
9q4, 201105, 	25.3, 7.0
9qb, 201105, 	16.4, 4.8
9qd, 201105, 	34.6, -5.2
9qn, 201105, 	38.7, 11.1
9qs, 201105, 	40.7, 15.1
9qt, 201105, 	31.8, 3.3
9qx, 201105, 	31.0, -2.1
9qy, 201105, 	23.2, -2.1
9qz, 201105, 	27.0, -5.4
9r0, 201105, 	29.9, 2.9
9r6, 201105, 	20.8, -7.9
9rb, 201105, 	21.0, -0.3
9rd, 201105, 	24.8, -8.8
9rf, 201105, 	25.8, -1.9
9rp, 201105, 	28.2, -5.6
9rr, 201105, 	23.2, -4.3
9rs, 201105, 	24.3, -3.4
9rx, 201105, 	22.3, -4.0
9t8, 201105, 	37.0, -0.6
9t9, 201105, 	34.3, -2.7
9tb, 201105, 	38.7, 5.5
9td, 201105, 	33.0, -2.9
9tf, 201105, 	32.8, -8.6
9tn, 201105, 	41.9, 4.3
9tu, 201105, 	36.4, -2.6
9tv, 201105, 	40.0, -0.5
9tw, 201105, 	41.5, 4.0
9ud, 201105, 	37.1, 11.7
9v5, 201105, 	32.6, 8.4
9v6, 201105, 	37.6, 5.2
9v8, 201105, 	43.3, 1.1
9ve, 201105, 	35.9, 5.7
9vq, 201105, 	33.8, 7.0
9vy, 201105, 	33.9, 4.4
9w0, 201105, 	33.5, 1.3
9w1, 201105, 	32.0, -6.8
9w2, 201105, 	33.5, -4.7
9w4, 201105, 	27.5, -12.4
9w5, 201105, 	35.8, -8.2
9w6, 201105, 	26.8, -9.9
9w7, 201105, 	29.1, -4.1
9w8, 201105, 	35.5, -4.8
9w9, 201105, 	27.8, -3.3
9wb, 201105, 	26.5, -2.2
9wd, 201105, 	33.5, -6.0
9we, 201105, 	26.0, -11.2
9wf, 201105, 	30.3, -2.0
9wg, 201105, 	21.6, -7.7
9wh, 201105, 	31.1, -4.9
9wj, 201105, 	35.0, -2.1
9wk, 201105, 	28.2, -11.8
9wm, 201105, 	33.0, -1.8
9wn, 201105, 	38.7, -4.1
9wq, 201105, 	34.9, -0.6
9ws, 201105, 	25.0, -9.3
9wu, 201105, 	26.7, -10.5
9wv, 201105, 	24.1, -11.8
9ww, 201105, 	36.6, -7.7
9wx, 201105, 	39.7, -0.2
9wy, 201105, 	35.6, -2.9
9wz, 201105, 	36.4, -7.9
9x0, 201105, 	23.3, -16.7
9x4, 201105, 	26.2, -4.9
9x5, 201105, 	25.0, -8.3
9x7, 201105, 	23.5, -9.7
9xc, 201105, 	18.0, -8.0
9xd, 201105, 	22.5, -3.7
9xh, 201105, 	19.5, -16.7
9xm, 201105, 	28.1, -5.2
9xn, 201105, 	31.2, -5.4
9xp, 201105, 	31.6, -1.7
9xr, 201105, 	30.6, -1.4
9xv, 201105, 	17.6, -3.8
9xw, 201105, 	29.3, -7.3
9y6, 201105, 	33.4, 1.4
9yb, 201105, 	37.7, -1.2
9yg, 201105, 	37.1, -0.1
9yq, 201105, 	30.5, 2.8
9ys, 201105, 	31.0, 1.8
9yw, 201105, 	30.0, -0.4
9z5, 201105, 	34.9, 0.4
9z7, 201105, 	35.7, -1.7
9zb, 201105, 	30.4, -3.0
9zg, 201105, 	30.6, -2.9
9zj, 201105, 	32.6, -0.1
9zm, 201105, 	34.2, -2.7
9zz, 201105, 	31.8, -1.6
b3v, 201105, 	13.0, -0.7
b4n, 201105, 	10.3, -8.7
bdd, 201105, 	21.4, -6.9
bdv, 201105, 	22.9, -6.3
bex, 201105, 	27.7, -6.0
bfp, 201105, 	20.7, -0.5
bkh, 201105, 	21.6, -15.9
bs8, 201105, 	2.3, -22.2
c0r, 201105, 	19.5, 0.5
c29, 201105, 	23.7, 0.6
c2k, 201105, 	25.8, -3.3
c2p, 201105, 	19.9, -8.5
c2x, 201105, 	17.5, -5.3
c83, 201105, 	19.4, -6.4
c8n, 201105, 	23.4, -5.9
c8q, 201105, 	19.4, -2.7
c8t, 201105, 	21.9, -5.8
c8x, 201105, 	23.0, -4.8
cb1, 201105, 	25.0, -4.6
cb3, 201105, 	21.4, -5.2
cbe, 201105, 	24.3, -4.8
cbj, 201105, 	26.1, -3.3
dhw, 201105, 	36.3, 15.1
dhy, 201105, 	34.0, 12.6
dj3, 201105, 	33.2, 3.9
dj8, 201105, 	34.2, 3.3
dj9, 201105, 	34.7, 4.0
djc, 201105, 	35.5, 3.2
djd, 201105, 	35.1, 4.3
dje, 201105, 	36.0, 4.7
djf, 201105, 	34.3, 3.9
djn, 201105, 	32.6, 11.1
djq, 201105, 	33.4, 11.5
djy, 201105, 	36.4, 6.2
djz, 201105, 	34.6, 9.4
dn0, 201105, 	32.5, 1.7
dn1, 201105, 	32.9, 2.0
dn4, 201105, 	33.3, 1.1
dn5, 201105, 	31.8, 1.2
dn7, 201105, 	29.5, -0.7
dnd, 201105, 	32.7, 2.2
dnf, 201105, 	31.5, 0.9
dng, 201105, 	31.8, -0.5
dnh, 201105, 	34.9, 3.1
dnm, 201105, 	31.3, -1.5
dnr, 201105, 	32.8, 4.5
dnz, 201105, 	27.3, -0.5
dp1, 201105, 	32.4, 0.8
dp2, 201105, 	32.6, -1.7
dpg, 201105, 	30.1, -0.9
dpj, 201105, 	31.7, 2.5
dpz, 201105, 	31.6, 0.4
dqb, 201105, 	31.1, 5.3
dqd, 201105, 	32.9, 6.3
dr4, 201105, 	32.9, 2.6
dr7, 201105, 	29.7, -0.1
dr9, 201105, 	30.2, -1.6
drm, 201105, 	28.6, 0.1
drt, 201105, 	30.6, -0.5
drz, 201105, 	28.3, -0.9
f04, 201105, 	28.8, -4.3
f2r, 201105, 	22.6, -3.0
yue, 201105, 	12.4, -17.9
8e3, 201106, 	26.7, -0.5
9mu, 201106, 	32.3, 8.3
9mx, 201106, 	42.8, 11.1
9my, 201106, 	45.4, 14.1
9mz, 201106, 	45.4, 14.2
9px, 201106, 	25.4, 3.0
9q4, 201106, 	22.9, 7.1
9qb, 201106, 	18.3, 6.8
9qd, 201106, 	40.0, -1.6
9qn, 201106, 	45.7, 16.5
9qs, 201106, 	48.8, 19.9
9qt, 201106, 	39.6, 7.2
9qx, 201106, 	39.2, 4.3
9qy, 201106, 	30.2, -1.6
9qz, 201106, 	35.2, 1.4
9r0, 201106, 	36.3, 3.4
9r6, 201106, 	25.6, -3.6
9rb, 201106, 	27.8, 3.7
9rd, 201106, 	30.0, -4.1
9rf, 201106, 	34.9, 2.7
9rp, 201106, 	36.0, -1.0
9rr, 201106, 	33.3, -1.4
9rs, 201106, 	31.7, 0.0
9rx, 201106, 	29.9, -0.6
9t8, 201106, 	43.3, 7.3
9t9, 201106, 	38.9, 7.4
9tb, 201106, 	45.0, 11.6
9td, 201106, 	38.7, 7.6
9tf, 201106, 	43.9, 0.0
9tn, 201106, 	42.1, 17.7
9tu, 201106, 	41.2, 7.2
9tv, 201106, 	43.0, 12.3
9tw, 201106, 	44.1, 18.3
9ud, 201106, 	38.7, 18.9
9v5, 201106, 	33.7, 16.8
9v6, 201106, 	38.8, 17.9
9v8, 201106, 	42.2, 14.7
9ve, 201106, 	39.4, 19.2
9vq, 201106, 	37.6, 18.8
9vy, 201106, 	39.7, 17.4
9w0, 201106, 	41.1, 6.3
9w1, 201106, 	37.9, -0.7
9w2, 201106, 	38.1, 2.5
9w4, 201106, 	33.0, -2.9
9w5, 201106, 	39.4, 1.6
9w6, 201106, 	33.5, -0.6
9w7, 201106, 	34.6, 6.6
9w8, 201106, 	41.3, 0.0
9w9, 201106, 	33.9, 2.6
9wb, 201106, 	33.7, 6.3
9wd, 201106, 	39.3, 4.1
9we, 201106, 	32.4, -4.7
9wf, 201106, 	37.5, 6.2
9wg, 201106, 	27.6, 0.6
9wh, 201106, 	34.5, 7.5
9wj, 201106, 	39.0, 12.4
9wk, 201106, 	33.0, -2.7
9wm, 201106, 	36.5, 9.9
9wn, 201106, 	42.2, 10.3
9wq, 201106, 	38.9, 8.5
9ws, 201106, 	30.3, 0.8
9wu, 201106, 	31.3, 1.6
9wv, 201106, 	30.8, -2.9
9ww, 201106, 	39.6, 6.2
9wx, 201106, 	43.4, 11.7
9wy, 201106, 	37.9, 10.4
9wz, 201106, 	39.0, 7.4
9x0, 201106, 	31.9, -5.3
9x4, 201106, 	34.9, 4.0
9x5, 201106, 	32.9, -2.9
9x7, 201106, 	32.1, -3.1
9xc, 201106, 	27.8, -2.7
9xd, 201106, 	31.8, 0.5
9xh, 201106, 	25.6, -2.3
9xm, 201106, 	35.7, 4.3
9xn, 201106, 	37.8, 6.1
9xp, 201106, 	37.7, 8.2
9xr, 201106, 	34.8, 6.6
9xv, 201106, 	29.8, 2.6
9xw, 201106, 	35.7, 1.7
9y6, 201106, 	39.5, 14.0
9yb, 201106, 	41.8, 10.5
9yg, 201106, 	39.2, 8.5
9yq, 201106, 	35.7, 14.1
9ys, 201106, 	34.7, 15.1
9yw, 201106, 	32.7, 12.3
9z5, 201106, 	35.8, 8.1
9z7, 201106, 	35.9, 9.1
9zb, 201106, 	33.3, 5.8
9zg, 201106, 	36.3, 7.5
9zj, 201106, 	33.6, 11.6
9zm, 201106, 	33.6, 10.5
9zz, 201106, 	33.9, 5.8
b3v, 201106, 	13.5, 3.2
b4n, 201106, 	9.3, -2.4
bdd, 201106, 	21.0, -1.6
bdv, 201106, 	21.3, -1.1
bex, 201106, 	27.9, 5.8
bfp, 201106, 	19.9, 2.6
bkh, 201106, 	24.4, 0.1
bs8, 201106, 	9.3, -4.1
c0r, 201106, 	27.1, 3.6
c29, 201106, 	27.5, 4.5
c2k, 201106, 	28.1, 0.6
c2p, 201106, 	29.4, -3.2
c2x, 201106, 	27.2, -0.2
c83, 201106, 	29.2, -1.1
c8n, 201106, 	34.9, 1.3
c8q, 201106, 	35.8, 3.6
c8t, 201106, 	31.9, 0.8
c8x, 201106, 	29.9, 4.1
cb1, 201106, 	31.6, 4.6
cb3, 201106, 	30.0, 3.2
cbe, 201106, 	32.2, 1.0
cbj, 201106, 	34.6, 4.9
dhw, 201106, 	35.7, 17.9
dhy, 201106, 	36.1, 15.5
dj3, 201106, 	38.3, 17.9
dj8, 201106, 	36.6, 16.9
dj9, 201106, 	37.1, 15.8
djc, 201106, 	38.6, 17.3
djd, 201106, 	38.1, 16.9
dje, 201106, 	38.9, 18.2
djf, 201106, 	37.3, 16.1
djn, 201106, 	35.2, 17.6
djq, 201106, 	38.7, 17.9
djy, 201106, 	37.1, 18.4
djz, 201106, 	38.6, 18.9
dn0, 201106, 	34.8, 14.9
dn1, 201106, 	35.5, 14.6
dn4, 201106, 	35.4, 14.8
dn5, 201106, 	33.2, 14.6
dn7, 201106, 	30.3, 12.6
dnd, 201106, 	33.1, 15.6
dnf, 201106, 	33.4, 13.7
dng, 201106, 	32.3, 11.3
dnh, 201106, 	36.8, 17.4
dnm, 201106, 	31.6, 9.2
dnr, 201106, 	34.9, 12.0
dnz, 201106, 	27.0, 4.5
dp1, 201106, 	35.0, 10.9
dp2, 201106, 	34.6, 10.4
dpg, 201106, 	32.4, 4.2
dpj, 201106, 	31.1, 8.0
dpz, 201106, 	31.0, 4.6
dqb, 201106, 	33.9, 12.2
dqd, 201106, 	35.5, 11.2
dr4, 201106, 	33.9, 7.7
dr7, 201106, 	32.8, 5.5
dr9, 201106, 	32.6, 4.0
drm, 201106, 	30.9, 4.2
drt, 201106, 	32.5, 2.9
drz, 201106, 	28.6, 1.5
f04, 201106, 	31.9, 2.4
f2r, 201106, 	27.5, 3.9
yue, 201106, 	10.7, -2.5
8e3, 201107, 	26.7, 0.7
9mu, 201107, 	35.3, 12.7
9mx, 201107, 	44.5, 14.9
9my, 201107, 	45.3, 20.9
9mz, 201107, 	47.3, 20.6
9px, 201107, 	19.9, 5.0
9q4, 201107, 	23.7, 11.5
9qb, 201107, 	17.9, 7.8
9qd, 201107, 	39.3, 6.7
9qn, 201107, 	47.7, 22.6
9qs, 201107, 	48.9, 25.8
9qt, 201107, 	41.4, 14.6
9qx, 201107, 	41.5, 10.5
9qy, 201107, 	32.9, 12.0
9qz, 201107, 	37.3, 8.6
9r0, 201107, 	39.1, 12.0
9r6, 201107, 	29.3, 0.8
9rb, 201107, 	30.5, 7.0
9rd, 201107, 	34.0, 2.3
9rf, 201107, 	37.2, 6.1
9rp, 201107, 	37.7, 11.2
9rr, 201107, 	35.6, 9.4
9rs, 201107, 	34.7, 5.1
9rx, 201107, 	32.5, 7.5
9t8, 201107, 	43.0, 11.0
9t9, 201107, 	37.6, 10.9
9tb, 201107, 	46.4, 17.8
9td, 201107, 	35.8, 15.5
9tf, 201107, 	40.9, 7.3
9tn, 201107, 	38.7, 19.9
9tu, 201107, 	38.5, 13.7
9tv, 201107, 	39.7, 18.4
9tw, 201107, 	39.6, 19.8
9ud, 201107, 	38.3, 21.7
9v5, 201107, 	35.2, 19.8
9v6, 201107, 	38.4, 22.2
9v8, 201107, 	40.3, 18.8
9ve, 201107, 	39.9, 21.6
9vq, 201107, 	35.4, 21.1
9vy, 201107, 	39.2, 18.6
9w0, 201107, 	42.3, 12.8
9w1, 201107, 	36.6, 4.9
9w2, 201107, 	39.1, 7.5
9w4, 201107, 	32.4, 3.7
9w5, 201107, 	38.1, 9.1
9w6, 201107, 	33.7, 7.1
9w7, 201107, 	34.2, 10.6
9w8, 201107, 	42.7, 4.8
9w9, 201107, 	34.9, 12.0
9wb, 201107, 	33.6, 12.2
9wd, 201107, 	39.0, 11.3
9we, 201107, 	33.4, -0.1
9wf, 201107, 	37.2, 13.8
9wg, 201107, 	28.3, 5.8
9wh, 201107, 	33.8, 11.5
9wj, 201107, 	38.2, 16.0
9wk, 201107, 	32.1, 3.6
9wm, 201107, 	35.9, 11.3
9wn, 201107, 	38.9, 14.5
9wq, 201107, 	38.6, 15.4
9ws, 201107, 	30.2, 3.8
9wu, 201107, 	32.2, 7.5
9wv, 201107, 	29.7, 2.8
9ww, 201107, 	40.2, 11.4
9wx, 201107, 	42.1, 16.1
9wy, 201107, 	37.7, 13.0
9wz, 201107, 	39.7, 9.7
9x0, 201107, 	33.4, -0.9
9x4, 201107, 	35.8, 11.4
9x5, 201107, 	34.0, 5.7
9x7, 201107, 	33.3, 4.4
9xc, 201107, 	30.9, 1.8
9xd, 201107, 	35.2, 10.3
9xh, 201107, 	26.4, 2.5
9xm, 201107, 	36.1, 9.4
9xn, 201107, 	37.7, 9.9
9xp, 201107, 	37.4, 12.7
9xr, 201107, 	35.2, 13.6
9xv, 201107, 	31.8, 7.5
9xw, 201107, 	35.8, 8.3
9y6, 201107, 	43.6, 20.7
9yb, 201107, 	40.2, 16.7
9yg, 201107, 	42.8, 17.5
9yq, 201107, 	37.8, 17.4
9ys, 201107, 	39.4, 18.7
9yw, 201107, 	37.2, 15.4
9z5, 201107, 	36.1, 17.0
9z7, 201107, 	35.7, 16.6
9zb, 201107, 	36.7, 13.7
9zg, 201107, 	35.0, 14.7
9zj, 201107, 	36.1, 16.6
9zm, 201107, 	35.2, 16.1
9zz, 201107, 	34.5, 12.2
b3v, 201107, 	17.5, 4.5
b4n, 201107, 	12.5, 2.0
bdd, 201107, 	24.2, 2.4
bdv, 201107, 	23.7, 1.0
bex, 201107, 	24.7, 5.5
bfp, 201107, 	21.8, 6.6
bkh, 201107, 	25.3, 1.5
bs8, 201107, 	17.9, -0.6
c0r, 201107, 	28.5, 5.9
c29, 201107, 	29.5, 5.6
c2k, 201107, 	32.2, 0.8
c2p, 201107, 	32.1, 1.6
c2x, 201107, 	31.6, 3.1
c83, 201107, 	34.0, 1.5
c8n, 201107, 	35.6, 9.6
c8q, 201107, 	33.5, 11.4
c8t, 201107, 	33.9, 6.8
c8x, 201107, 	33.6, 10.0
cb1, 201107, 	34.2, 13.0
cb3, 201107, 	34.5, 11.7
cbe, 201107, 	31.9, 7.6
cbj, 201107, 	33.1, 9.1
dhw, 201107, 	36.6, 20.9
dhy, 201107, 	35.4, 20.3
dj3, 201107, 	34.6, 18.6
dj8, 201107, 	35.3, 17.4
dj9, 201107, 	36.6, 17.3
djc, 201107, 	39.0, 17.7
djd, 201107, 	37.6, 17.3
dje, 201107, 	36.0, 20.0
djf, 201107, 	35.3, 19.0
djn, 201107, 	34.1, 20.0
djq, 201107, 	36.1, 19.0
djy, 201107, 	37.1, 18.3
djz, 201107, 	36.3, 20.1
dn0, 201107, 	35.9, 14.8
dn1, 201107, 	35.8, 15.4
dn4, 201107, 	34.8, 16.8
dn5, 201107, 	33.5, 16.5
dn7, 201107, 	31.5, 13.4
dnd, 201107, 	34.6, 17.1
dnf, 201107, 	34.1, 17.6
dng, 201107, 	33.6, 16.7
dnh, 201107, 	36.0, 17.7
dnm, 201107, 	32.4, 13.1
dnr, 201107, 	36.9, 14.7
dnz, 201107, 	29.5, 10.1
dp1, 201107, 	35.9, 12.8
dp2, 201107, 	34.3, 11.9
dpg, 201107, 	33.0, 10.0
dpj, 201107, 	33.6, 15.2
dpz, 201107, 	34.7, 7.3
dqb, 201107, 	35.5, 16.8
dqd, 201107, 	35.6, 16.8
dr4, 201107, 	37.8, 12.3
dr7, 201107, 	36.7, 8.3
dr9, 201107, 	37.2, 6.8
drm, 201107, 	36.0, 10.1
drt, 201107, 	37.0, 10.7
drz, 201107, 	34.2, 7.5
f04, 201107, 	32.4, 6.4
f2r, 201107, 	29.7, 6.4
yue, 201107, 	26.2, 0.6
8e3, 201108, 	26.9, 0.6
9mu, 201108, 	35.5, 10.6
9mx, 201108, 	43.1, 21.7
9my, 201108, 	44.9, 22.6
9mz, 201108, 	45.2, 25.7
9px, 201108, 	23.2, 4.3
9q4, 201108, 	22.7, 10.7
9qb, 201108, 	18.7, 9.3
9qd, 201108, 	36.6, 7.4
9qn, 201108, 	47.4, 23.1
9qs, 201108, 	48.8, 25.9
9qt, 201108, 	40.3, 16.0
9qx, 201108, 	41.7, 8.7
9qy, 201108, 	32.8, 12.3
9qz, 201108, 	36.7, 9.3
9r0, 201108, 	37.9, 11.9
9r6, 201108, 	29.8, 4.0
9rb, 201108, 	33.2, 7.0
9rd, 201108, 	33.7, 4.7
9rf, 201108, 	37.5, 6.2
9rp, 201108, 	37.4, 12.3
9rr, 201108, 	35.4, 9.5
9rs, 201108, 	34.6, 8.2
9rx, 201108, 	33.3, 9.1
9t8, 201108, 	42.2, 17.7
9t9, 201108, 	36.1, 16.0
9tb, 201108, 	44.3, 23.5
9td, 201108, 	36.0, 15.1
9tf, 201108, 	41.1, 8.3
9tn, 201108, 	39.5, 19.3
9tu, 201108, 	39.1, 14.0
9tv, 201108, 	41.2, 18.3
9tw, 201108, 	41.2, 20.2
9ud, 201108, 	40.6, 22.0
9v5, 201108, 	40.8, 19.0
9v6, 201108, 	41.7, 22.6
9v8, 201108, 	41.3, 19.5
9ve, 201108, 	41.9, 21.6
9vq, 201108, 	37.1, 19.6
9vy, 201108, 	41.7, 15.5
9w0, 201108, 	41.8, 17.1
9w1, 201108, 	35.9, 10.1
9w2, 201108, 	37.7, 11.7
9w4, 201108, 	31.2, 4.8
9w5, 201108, 	37.4, 7.8
9w6, 201108, 	31.6, 6.8
9w7, 201108, 	33.4, 11.1
9w8, 201108, 	41.3, 5.6
9w9, 201108, 	33.9, 11.9
9wb, 201108, 	33.1, 12.8
9wd, 201108, 	38.7, 11.9
9we, 201108, 	32.5, 0.1
9wf, 201108, 	37.7, 14.1
9wg, 201108, 	29.4, 9.3
9wh, 201108, 	32.9, 13.4
9wj, 201108, 	37.8, 16.2
9wk, 201108, 	32.1, 2.5
9wm, 201108, 	35.0, 11.5
9wn, 201108, 	40.3, 16.8
9wq, 201108, 	37.3, 15.5
9ws, 201108, 	29.9, 5.6
9wu, 201108, 	30.6, 6.5
9wv, 201108, 	28.8, 1.4
9ww, 201108, 	39.5, 12.4
9wx, 201108, 	40.8, 17.0
9wy, 201108, 	37.0, 13.7
9wz, 201108, 	38.0, 12.6
9x0, 201108, 	34.0, -1.4
9x4, 201108, 	35.5, 11.8
9x5, 201108, 	34.2, 4.5
9x7, 201108, 	32.1, 4.5
9xc, 201108, 	29.7, 1.1
9xd, 201108, 	33.9, 9.4
9xh, 201108, 	26.4, 2.0
9xm, 201108, 	37.2, 8.4
9xn, 201108, 	38.0, 10.6
9xp, 201108, 	37.9, 11.6
9xr, 201108, 	34.3, 13.3
9xv, 201108, 	32.3, 7.2
9xw, 201108, 	37.2, 4.8
9y6, 201108, 	44.4, 14.2
9yb, 201108, 	38.8, 14.9
9yg, 201108, 	41.9, 14.0
9yq, 201108, 	44.0, 14.9
9ys, 201108, 	42.7, 12.9
9yw, 201108, 	40.4, 12.7
9z5, 201108, 	37.9, 12.6
9z7, 201108, 	38.1, 12.5
9zb, 201108, 	37.5, 11.7
9zg, 201108, 	34.3, 9.5
9zj, 201108, 	36.2, 14.0
9zm, 201108, 	35.2, 11.4
9zz, 201108, 	30.0, 9.1
b3v, 201108, 	19.1, 3.6
b4n, 201108, 	14.0, 0.8
bdd, 201108, 	20.2, 1.0
bdv, 201108, 	21.0, -0.8
bex, 201108, 	21.8, 4.7
bfp, 201108, 	19.0, 4.8
bkh, 201108, 	18.8, 0.6
bs8, 201108, 	14.5, 1.0
c0r, 201108, 	29.8, 7.1
c29, 201108, 	29.9, 5.1
c2k, 201108, 	34.7, 0.4
c2p, 201108, 	32.1, 2.2
c2x, 201108, 	28.7, -0.2
c83, 201108, 	32.5, 1.9
c8n, 201108, 	35.9, 6.1
c8q, 201108, 	34.6, 9.8
c8t, 201108, 	35.4, 4.9
c8x, 201108, 	33.9, 7.1
cb1, 201108, 	34.2, 11.4
cb3, 201108, 	32.2, 9.0
cbe, 201108, 	30.3, 3.9
cbj, 201108, 	29.4, 8.1
dhw, 201108, 	36.1, 22.8
dhy, 201108, 	35.6, 21.2
dj3, 201108, 	35.9, 16.4
dj8, 201108, 	36.4, 14.2
dj9, 201108, 	36.3, 15.4
djc, 201108, 	38.9, 15.4
djd, 201108, 	37.8, 15.2
dje, 201108, 	37.8, 15.9
djf, 201108, 	37.5, 15.7
djn, 201108, 	34.7, 21.7
djq, 201108, 	37.4, 20.4
djy, 201108, 	38.0, 17.8
djz, 201108, 	36.8, 19.4
dn0, 201108, 	39.7, 12.8
dn1, 201108, 	39.1, 13.5
dn4, 201108, 	36.6, 13.6
dn5, 201108, 	34.9, 13.1
dn7, 201108, 	32.7, 11.4
dnd, 201108, 	35.1, 15.9
dnf, 201108, 	32.8, 11.8
dng, 201108, 	32.9, 11.0
dnh, 201108, 	37.5, 16.9
dnm, 201108, 	33.2, 9.6
dnr, 201108, 	35.6, 15.0
dnz, 201108, 	26.4, 7.4
dp1, 201108, 	34.5, 9.9
dp2, 201108, 	32.9, 9.1
dpg, 201108, 	29.2, 6.7
dpj, 201108, 	29.9, 11.8
dpz, 201108, 	28.8, 8.9
dqb, 201108, 	33.4, 15.8
dqd, 201108, 	34.4, 14.3
dr4, 201108, 	32.9, 11.2
dr7, 201108, 	32.0, 8.9
dr9, 201108, 	30.0, 7.3
drm, 201108, 	30.3, 10.5
drt, 201108, 	31.9, 9.3
drz, 201108, 	29.1, 8.8
f04, 201108, 	29.2, 4.5
f2r, 201108, 	27.9, 8.2
yue, 201108, 	17.2, 1.5
8e3, 201109, 	26.9, 0.9
9mu, 201109, 	39.9, 10.4
9mx, 201109, 	41.6, 15.0
9my, 201109, 	43.7, 18.4
9mz, 201109, 	43.4, 18.3
9px, 201109, 	25.1, 2.4
9q4, 201109, 	27.0, 10.4
9qb, 201109, 	20.7, 8.0
9qd, 201109, 	37.6, 4.4
9qn, 201109, 	44.8, 19.0
9qq, 201109, 	34.5, 14.6
9qs, 201109, 	44.9, 21.9
9qt, 201109, 	37.2, 12.7
9qx, 201109, 	37.8, 7.4
9qy, 201109, 	27.8, 7.3
9qz, 201109, 	32.4, 5.6
9r0, 201109, 	39.3, 9.8
9r6, 201109, 	28.8, -1.9
9rb, 201109, 	34.2, 5.0
9rd, 201109, 	32.3, -3.1
9rf, 201109, 	37.5, 4.1
9rp, 201109, 	33.1, 5.9
9rr, 201109, 	31.7, 5.8
9rs, 201109, 	31.7, 2.9
9rx, 201109, 	28.1, 4.9
9t8, 201109, 	40.5, 10.7
9t9, 201109, 	34.7, 9.5
9tb, 201109, 	42.5, 15.6
9td, 201109, 	34.2, 10.2
9te, 201109, 	26.1, 25.2
9tf, 201109, 	39.4, 0.2
9tn, 201109, 	36.5, 12.1
9tu, 201109, 	36.8, 4.9
9tv, 201109, 	37.4, 9.8
9tw, 201109, 	38.4, 11.5
9ud, 201109, 	40.4, 14.8
9v5, 201109, 	39.3, 12.2
9v6, 201109, 	38.5, 16.6
9v8, 201109, 	38.7, 7.7
9ve, 201109, 	40.4, 10.6
9vq, 201109, 	33.1, 12.1
9vy, 201109, 	37.7, 6.3
9w0, 201109, 	39.4, 11.1
9w1, 201109, 	33.7, 3.2
9w2, 201109, 	36.4, 7.3
9w4, 201109, 	28.3, -0.9
9w5, 201109, 	35.3, 2.2
9w6, 201109, 	30.2, 4.1
9w7, 201109, 	30.6, 6.6
9w8, 201109, 	38.8, 4.7
9w9, 201109, 	31.2, 6.7
9wb, 201109, 	30.4, 6.6
9wc, 201109, 	27.0, 15.2
9wd, 201109, 	34.8, 4.2
9we, 201109, 	28.9, -2.8
9wf, 201109, 	34.0, 9.1
9wg, 201109, 	26.0, 3.1
9wh, 201109, 	30.9, 5.9
9wj, 201109, 	34.2, 8.5
9wk, 201109, 	28.9, -2.2
9wm, 201109, 	32.3, 3.7
9wn, 201109, 	35.7, 6.6
9wq, 201109, 	35.6, 7.3
9ws, 201109, 	27.7, 1.1
9wu, 201109, 	28.5, -0.7
9wv, 201109, 	29.0, -4.3
9ww, 201109, 	37.8, 1.8
9wx, 201109, 	38.4, 6.0
9wy, 201109, 	36.5, 3.0
9wz, 201109, 	37.8, -1.6
9x0, 201109, 	28.7, -6.3
9x1, 201109, 	29.4, 7.3
9x4, 201109, 	32.1, 4.0
9x5, 201109, 	31.5, -0.6
9x6, 201109, 	26.5, 5.9
9x7, 201109, 	29.7, -4.5
9xc, 201109, 	26.4, -2.7
9xd, 201109, 	29.9, 1.0
9xh, 201109, 	24.0, -2.3
9xm, 201109, 	34.2, -0.4
9xn, 201109, 	35.7, -0.6
9xp, 201109, 	36.2, 1.5
9xr, 201109, 	31.4, 2.1
9xv, 201109, 	27.3, -0.1
9xw, 201109, 	33.9, -4.4
9y6, 201109, 	40.2, 5.9
9yb, 201109, 	40.2, 1.7
9yg, 201109, 	41.8, 2.1
9yq, 201109, 	35.7, 6.3
9ys, 201109, 	38.8, 2.4
9yw, 201109, 	34.4, 3.3
9z5, 201109, 	35.4, 2.0
9z7, 201109, 	35.0, 1.9
9zb, 201109, 	34.0, 1.1
9zg, 201109, 	31.8, -0.9
9zj, 201109, 	35.4, 3.2
9zm, 201109, 	33.8, 0.5
9zz, 201109, 	32.2, 0.5
b3v, 201109, 	14.6, 2.5
b4n, 201109, 	12.1, -2.1
bdd, 201109, 	18.5, -6.2
bdv, 201109, 	17.6, -5.1
bex, 201109, 	20.3, -1.6
bfp, 201109, 	23.1, 0.0
bg5, 201109, 	8.5, -7.3
bkh, 201109, 	16.0, -6.3
bs8, 201109, 	10.6, -3.4
c0r, 201109, 	30.0, 5.3
c29, 201109, 	31.1, 5.1
c2k, 201109, 	35.2, -3.0
c2p, 201109, 	27.9, -4.7
c2x, 201109, 	27.8, -3.5
c83, 201109, 	29.7, -4.7
c8n, 201109, 	33.2, -3.7
c8q, 201109, 	30.6, -0.2
c8t, 201109, 	32.2, -4.0
c8x, 201109, 	31.4, -3.8
cb1, 201109, 	30.9, -0.6
cb3, 201109, 	30.0, -1.8
cbe, 201109, 	28.9, -5.1
cbj, 201109, 	29.9, -3.1
dhw, 201109, 	35.1, 22.2
dhy, 201109, 	34.0, 17.9
dj3, 201109, 	31.4, 12.7
dj8, 201109, 	34.7, 9.7
dj9, 201109, 	35.9, 10.3
djc, 201109, 	38.1, 10.2
djd, 201109, 	35.9, 10.7
dje, 201109, 	35.4, 11.7
djf, 201109, 	36.7, 11.0
djn, 201109, 	34.0, 19.5
djq, 201109, 	33.9, 15.4
djy, 201109, 	33.8, 12.3
djz, 201109, 	31.5, 15.0
dn0, 201109, 	37.0, 6.2
dn1, 201109, 	36.5, 6.9
dn4, 201109, 	36.5, 7.2
dn5, 201109, 	34.3, 8.8
dn7, 201109, 	34.4, 5.5
dnd, 201109, 	37.3, 8.7
dnf, 201109, 	36.0, 8.0
dng, 201109, 	35.8, 6.8
dnh, 201109, 	35.8, 13.1
dnm, 201109, 	32.6, 8.2
dnr, 201109, 	31.7, 11.7
dnz, 201109, 	28.5, -0.6
dp1, 201109, 	36.4, 3.7
dp2, 201109, 	32.3, 1.1
dpg, 201109, 	29.7, -1.0
dpj, 201109, 	32.5, 4.1
dpz, 201109, 	28.9, 1.7
dqb, 201109, 	28.4, 7.0
dqd, 201109, 	29.6, 12.1
dr4, 201109, 	28.5, 6.7
dr7, 201109, 	28.7, 3.0
dr9, 201109, 	30.3, 2.7
drm, 201109, 	27.1, 5.3
drt, 201109, 	29.3, 0.9
drz, 201109, 	27.5, 1.7
f04, 201109, 	30.4, -2.6
f2r, 201109, 	26.3, 0.5
yue, 201109, 	13.8, -10.1
8e3, 201110, 	27.9, 0.2
9mu, 201110, 	40.2, 8.4
9mx, 201110, 	37.7, 9.4
9my, 201110, 	38.8, 9.3
9mz, 201110, 	39.0, 9.1
9px, 201110, 	24.6, -2.1
9q4, 201110, 	28.8, 6.4
9qb, 201110, 	25.5, 5.8
9qd, 201110, 	31.5, -2.4
9qn, 201110, 	40.4, 12.4
9qq, 201110, 	31.8, 2.5
9qs, 201110, 	41.2, 10.5
9qt, 201110, 	32.6, 3.5
9qx, 201110, 	31.9, -2.9
9qy, 201110, 	23.9, -5.2
9qz, 201110, 	28.2, -7.7
9r0, 201110, 	28.8, 1.7
9r6, 201110, 	24.6, -10.6
9rb, 201110, 	20.8, -1.3
9rd, 201110, 	28.5, -11.7
9rf, 201110, 	33.7, -3.6
9rp, 201110, 	30.0, -7.7
9rr, 201110, 	27.1, -6.5
9rs, 201110, 	29.2, -5.6
9rx, 201110, 	27.0, -6.4
9t8, 201110, 	36.7, 0.5
9t9, 201110, 	32.3, -1.8
9tb, 201110, 	37.1, 5.7
9td, 201110, 	30.8, -2.8
9te, 201110, 	31.3, -0.1
9tf, 201110, 	33.8, -5.5
9tn, 201110, 	34.7, 2.5
9tu, 201110, 	31.2, -2.0
9tv, 201110, 	33.3, -0.7
9tw, 201110, 	35.6, 0.3
9ud, 201110, 	36.4, 6.3
9v5, 201110, 	32.9, 2.6
9v6, 201110, 	32.6, 5.2
9v8, 201110, 	35.5, -1.1
9ve, 201110, 	32.3, 1.2
9vq, 201110, 	30.6, 2.0
9vy, 201110, 	32.5, -2.3
9w0, 201110, 	33.7, 2.2
9w1, 201110, 	30.0, -3.2
9w2, 201110, 	29.2, -4.2
9w4, 201110, 	24.1, -6.5
9w5, 201110, 	29.3, -7.9
9w6, 201110, 	25.1, -5.8
9w7, 201110, 	25.3, -3.4
9w8, 201110, 	32.5, -6.6
9w9, 201110, 	25.1, -3.7
9wb, 201110, 	26.0, -11.0
9wc, 201110, 	24.8, -0.9
9wd, 201110, 	29.2, -2.9
9we, 201110, 	23.8, -8.6
9wf, 201110, 	28.2, -3.2
9wg, 201110, 	21.9, -7.2
9wh, 201110, 	25.6, -2.2
9wj, 201110, 	30.3, -0.3
9wk, 201110, 	23.6, -8.4
9wm, 201110, 	27.5, -4.1
9wn, 201110, 	31.9, -2.9
9wq, 201110, 	30.1, -1.7
9ws, 201110, 	22.9, -5.3
9wu, 201110, 	23.0, -15.3
9wv, 201110, 	23.4, -15.7
9ww, 201110, 	32.8, -8.1
9wx, 201110, 	33.0, -1.9
9wy, 201110, 	31.9, -6.3
9wz, 201110, 	32.1, -11.1
9x0, 201110, 	26.5, -14.1
9x1, 201110, 	26.5, -5.2
9x4, 201110, 	29.1, -7.3
9x5, 201110, 	26.4, -10.4
9x6, 201110, 	26.1, -7.1
9x7, 201110, 	26.5, -12.1
9xc, 201110, 	25.2, -9.8
9xd, 201110, 	29.0, -4.1
9xh, 201110, 	19.5, -15.4
9xm, 201110, 	29.7, -17.9
9xn, 201110, 	31.3, -14.1
9xp, 201110, 	31.6, -8.6
9xr, 201110, 	30.2, -4.5
9xv, 201110, 	26.9, -6.2
9xw, 201110, 	31.1, -13.4
9y6, 201110, 	30.9, -2.1
9yb, 201110, 	34.4, -4.0
9yg, 201110, 	32.5, -6.6
9yq, 201110, 	29.7, -1.7
9ys, 201110, 	30.2, -2.4
9yw, 201110, 	29.4, -4.1
9z5, 201110, 	32.7, -4.1
9z7, 201110, 	32.1, -4.9
9zb, 201110, 	34.6, -5.8
9zg, 201110, 	30.3, -5.6
9zj, 201110, 	29.2, -3.7
9zm, 201110, 	29.0, -3.0
9zz, 201110, 	27.6, -5.3
b3v, 201110, 	11.0, 0.3
b4n, 201110, 	9.1, -5.6
bdd, 201110, 	11.3, -8.4
bdv, 201110, 	11.6, -11.7
bex, 201110, 	11.7, -13.6
bfp, 201110, 	11.8, 1.2
bg5, 201110, 	10.1, -18.4
bkh, 201110, 	2.4, -15.6
bs8, 201110, 	0.1, -15.4
c0r, 201110, 	19.6, 1.7
c29, 201110, 	20.7, -0.2
c2k, 201110, 	27.5, -10.9
c2p, 201110, 	26.3, -13.9
c2x, 201110, 	24.5, -5.3
c83, 201110, 	29.5, -10.3
c8n, 201110, 	34.3, -10.1
c8q, 201110, 	33.7, -5.2
c8t, 201110, 	30.9, -11.0
c8x, 201110, 	30.0, -7.0
cb1, 201110, 	28.9, -6.5
cb3, 201110, 	29.9, -7.7
cbe, 201110, 	30.9, -9.7
cbj, 201110, 	29.4, -6.7
dhw, 201110, 	31.7, 13.0
dhy, 201110, 	31.3, 9.1
dj3, 201110, 	30.3, 0.4
dj8, 201110, 	30.0, -2.1
dj9, 201110, 	30.9, -1.0
djc, 201110, 	30.3, -2.3
djd, 201110, 	30.7, -2.1
dje, 201110, 	30.7, 0.8
djf, 201110, 	30.3, -1.4
djn, 201110, 	29.7, 8.5
djq, 201110, 	29.4, 5.6
djy, 201110, 	28.7, 0.5
djz, 201110, 	27.9, 2.4
dn0, 201110, 	29.3, -2.9
dn1, 201110, 	29.3, -2.4
dn4, 201110, 	28.2, -2.0
dn5, 201110, 	27.3, -1.8
dn7, 201110, 	25.0, -2.7
dnd, 201110, 	28.2, -0.9
dnf, 201110, 	27.3, -1.1
dng, 201110, 	25.7, -3.4
dnh, 201110, 	28.8, 0.3
dnm, 201110, 	27.0, -4.2
dnr, 201110, 	28.9, -1.9
dnz, 201110, 	22.7, -3.5
dp1, 201110, 	29.1, -2.3
dp2, 201110, 	27.9, -2.8
dpg, 201110, 	27.5, -3.5
dpj, 201110, 	25.1, -1.9
dpz, 201110, 	26.8, -3.9
dqb, 201110, 	23.8, -0.6
dqd, 201110, 	25.1, 0.2
dr4, 201110, 	26.8, -3.3
dr7, 201110, 	26.9, -6.3
dr9, 201110, 	25.5, -3.7
drm, 201110, 	29.0, -4.1
drt, 201110, 	27.8, -3.6
drz, 201110, 	28.7, -4.6
f04, 201110, 	27.1, -5.6
f2r, 201110, 	27.0, -5.1
yue, 201110, 	3.1, -36.1
8e3, 201111, 	25.6, -1.4
9mu, 201111, 	29.8, 5.8
9mx, 201111, 	30.2, 3.3
9my, 201111, 	31.6, 3.4
9mz, 201111, 	31.7, 4.2
9px, 201111, 	16.1, -2.5
9q4, 201111, 	22.3, 3.7
9qb, 201111, 	20.8, 3.4
9qd, 201111, 	24.9, -5.6
9qn, 201111, 	31.2, 5.6
9qq, 201111, 	24.6, -0.3
9qs, 201111, 	29.0, 4.7
9qt, 201111, 	24.0, -3.8
9qx, 201111, 	21.6, -5.6
9qy, 201111, 	13.4, -8.7
9qz, 201111, 	19.5, -10.7
9r0, 201111, 	22.8, -3.0
9r6, 201111, 	11.6, -12.1
9rb, 201111, 	17.9, -1.5
9rd, 201111, 	11.8, -16.4
9rf, 201111, 	16.8, -6.1
9rp, 201111, 	17.5, -10.3
9rr, 201111, 	12.5, -9.4
9rs, 201111, 	14.0, -11.5
9rx, 201111, 	8.9, -14.4
9t8, 201111, 	29.9, -3.5
9t9, 201111, 	26.5, -6.1
9tb, 201111, 	30.9, -0.8
9td, 201111, 	25.6, -4.1
9te, 201111, 	26.8, -5.2
9tf, 201111, 	28.6, -10.7
9tn, 201111, 	30.6, -1.5
9tu, 201111, 	26.5, -7.6
9tv, 201111, 	28.9, -11.1
9tw, 201111, 	30.1, -4.4
9ud, 201111, 	33.8, -0.6
9v5, 201111, 	31.9, -7.8
9v6, 201111, 	27.7, 1.4
9v8, 201111, 	27.7, -5.0
9ve, 201111, 	29.3, -4.1
9vq, 201111, 	28.0, -0.3
9vy, 201111, 	27.8, -3.9
9w0, 201111, 	26.0, -2.0
9w1, 201111, 	23.1, -8.8
9w2, 201111, 	24.2, -8.0
9w4, 201111, 	18.7, -12.4
9w5, 201111, 	24.8, -11.1
9w6, 201111, 	16.0, -9.9
9w7, 201111, 	19.0, -7.6
9w8, 201111, 	24.9, -11.1
9w9, 201111, 	16.8, -7.3
9wb, 201111, 	16.2, -13.5
9wc, 201111, 	14.8, -2.4
9wd, 201111, 	20.1, -7.4
9we, 201111, 	16.5, -14.4
9wf, 201111, 	20.8, -8.1
9wg, 201111, 	14.2, -10.8
9wh, 201111, 	20.6, -8.6
9wj, 201111, 	24.9, -7.6
9wk, 201111, 	15.4, -13.2
9wm, 201111, 	22.0, -10.9
9wn, 201111, 	27.3, -10.6
9wq, 201111, 	24.3, -7.4
9ws, 201111, 	15.9, -13.6
9wu, 201111, 	15.8, -17.9
9wv, 201111, 	14.7, -18.4
9ww, 201111, 	24.0, -12.1
9wx, 201111, 	24.6, -6.1
9wy, 201111, 	22.9, -11.5
9wz, 201111, 	22.2, -14.4
9x0, 201111, 	14.0, -20.3
9x1, 201111, 	12.6, -8.5
9x4, 201111, 	16.2, -11.4
9x5, 201111, 	16.7, -14.4
9x6, 201111, 	13.0, -9.7
9x7, 201111, 	15.0, -14.3
9xc, 201111, 	9.3, -23.3
9xd, 201111, 	14.1, -15.2
9xh, 201111, 	10.6, -15.6
9xm, 201111, 	19.4, -13.7
9xn, 201111, 	20.9, -15.3
9xp, 201111, 	21.7, -12.0
9xr, 201111, 	21.3, -9.4
9xv, 201111, 	12.7, -16.1
9xw, 201111, 	18.8, -17.3
9y6, 201111, 	24.9, -7.5
9yb, 201111, 	21.4, -10.0
9yg, 201111, 	23.8, -7.6
9yq, 201111, 	26.2, -5.1
9ys, 201111, 	24.8, -6.9
9yw, 201111, 	25.0, -7.9
9z5, 201111, 	22.3, -9.3
9z7, 201111, 	22.4, -10.9
9zb, 201111, 	18.4, -18.2
9zg, 201111, 	17.6, -16.3
9zj, 201111, 	24.9, -9.5
9zm, 201111, 	23.6, -9.4
9zz, 201111, 	17.4, -8.6
b3v, 201111, 	9.5, -8.3
b4n, 201111, 	6.8, -8.7
bdd, 201111, 	6.0, -28.2
bdv, 201111, 	1.2, -30.9
bfp, 201111, 	7.3, -7.1
c0r, 201111, 	13.2, -2.1
c29, 201111, 	11.6, -4.9
c2k, 201111, 	14.1, -14.5
c2p, 201111, 	9.6, -25.1
c2x, 201111, 	9.2, -9.6
c83, 201111, 	12.9, -24.4
c8n, 201111, 	16.9, -25.1
c8q, 201111, 	16.4, -19.5
c8t, 201111, 	13.9, -24.4
c8x, 201111, 	12.3, -25.6
cb1, 201111, 	15.6, -17.1
cb3, 201111, 	15.6, -17.8
cbe, 201111, 	13.9, -15.8
cbj, 201111, 	16.7, -16.1
dhw, 201111, 	31.7, 12.0
dhy, 201111, 	30.2, 7.9
dj3, 201111, 	27.7, -2.5
dj8, 201111, 	27.7, -4.2
dj9, 201111, 	27.5, -2.5
djc, 201111, 	27.6, -3.6
djd, 201111, 	27.7, -2.9
dje, 201111, 	30.1, -5.0
djf, 201111, 	26.2, -4.1
djn, 201111, 	29.3, 9.3
djq, 201111, 	28.2, 0.7
djy, 201111, 	27.1, -2.3
djz, 201111, 	26.3, 1.0
dn0, 201111, 	26.1, -6.9
dn1, 201111, 	25.6, -6.5
dn4, 201111, 	23.4, -5.2
dn5, 201111, 	21.8, -5.2
dn7, 201111, 	19.7, -7.0
dnd, 201111, 	23.6, -2.5
dnf, 201111, 	22.8, -2.8
dng, 201111, 	21.8, -3.4
dnh, 201111, 	25.1, -1.6
dnm, 201111, 	21.1, -6.5
dnr, 201111, 	24.8, -4.7
dnz, 201111, 	20.0, -8.1
dp1, 201111, 	22.3, -5.4
dp2, 201111, 	20.0, -6.0
dpg, 201111, 	15.9, -6.5
dpj, 201111, 	20.3, -5.8
dpz, 201111, 	18.3, -5.8
dqb, 201111, 	21.1, -1.6
dqd, 201111, 	23.3, 0.2
dr4, 201111, 	21.1, -3.6
dr7, 201111, 	20.4, -5.9
dr9, 201111, 	20.0, -7.0
drm, 201111, 	20.4, -5.1
drt, 201111, 	20.2, -6.4
drz, 201111, 	17.2, -9.2
f04, 201111, 	12.9, -8.4
f2r, 201111, 	15.3, -14.3
8e3, 201112, 	25.1, -2.5
9mu, 201112, 	26.7, 2.5
9mx, 201112, 	24.7, -3.3
9my, 201112, 	24.4, -2.2
9mz, 201112, 	23.5, -0.3
9px, 201112, 	14.8, -5.5
9q4, 201112, 	20.9, 1.1
9qb, 201112, 	17.6, 1.9
9qd, 201112, 	18.6, -7.2
9qn, 201112, 	22.1, 0.2
9qq, 201112, 	20.2, -5.5
9qs, 201112, 	23.4, 0.6
9qt, 201112, 	19.8, -4.7
9qx, 201112, 	14.9, -12.7
9qy, 201112, 	15.7, -16.9
9qz, 201112, 	18.9, -18.7
9r0, 201112, 	20.9, -3.0
9r6, 201112, 	8.4, -16.6
9rb, 201112, 	13.6, -5.3
9rd, 201112, 	13.0, -20.4
9rf, 201112, 	15.4, -10.6
9rp, 201112, 	17.0, -17.7
9rr, 201112, 	10.7, -16.8
9rs, 201112, 	13.3, -15.0
9rx, 201112, 	5.8, -17.6
9t8, 201112, 	25.9, -7.3
9t9, 201112, 	23.2, -9.3
9tb, 201112, 	23.2, -3.9
9td, 201112, 	20.7, -7.5
9te, 201112, 	21.4, -10.5
9tf, 201112, 	21.2, -15.9
9tn, 201112, 	24.4, -5.7
9tu, 201112, 	20.0, -19.5
9tv, 201112, 	23.4, -16.3
9tw, 201112, 	26.3, -7.2
9ud, 201112, 	28.6, -1.0
9v5, 201112, 	26.7, -8.1
9v6, 201112, 	25.3, -4.6
9v8, 201112, 	26.7, -8.8
9ve, 201112, 	23.1, -4.9
9vq, 201112, 	25.5, -2.3
9vy, 201112, 	21.4, -5.6
9w0, 201112, 	19.8, -7.1
9w1, 201112, 	20.1, -21.3
9w2, 201112, 	18.8, -16.0
9w4, 201112, 	11.0, -26.1
9w5, 201112, 	17.8, -24.8
9w6, 201112, 	12.3, -20.2
9w7, 201112, 	11.7, -20.5
9w8, 201112, 	17.1, -16.6
9w9, 201112, 	11.8, -15.3
9wb, 201112, 	11.9, -18.8
9wc, 201112, 	9.7, -10.5
9wd, 201112, 	14.5, -15.7
9we, 201112, 	11.0, -27.4
9wf, 201112, 	13.1, -12.6
9wg, 201112, 	7.5, -19.3
9wh, 201112, 	11.7, -22.3
9wj, 201112, 	19.3, -19.3
9wk, 201112, 	9.7, -27.4
9wm, 201112, 	15.2, -22.3
9wn, 201112, 	21.7, -20.5
9wq, 201112, 	17.5, -19.4
9ws, 201112, 	9.1, -30.6
9wu, 201112, 	10.8, -29.5
9wv, 201112, 	12.4, -30.2
9ww, 201112, 	18.8, -29.5
9wx, 201112, 	16.5, -16.8
9wy, 201112, 	13.0, -26.3
9wz, 201112, 	15.9, -27.7
9x0, 201112, 	12.7, -22.4
9x1, 201112, 	7.4, -14.7
9x4, 201112, 	8.9, -21.8
9x5, 201112, 	13.0, -26.6
9x6, 201112, 	10.4, -19.1
9x7, 201112, 	8.7, -25.5
9xc, 201112, 	3.8, -27.9
9xd, 201112, 	11.0, -20.6
9xh, 201112, 	7.1, -26.1
9xm, 201112, 	14.7, -23.0
9xn, 201112, 	16.5, -25.5
9xp, 201112, 	17.6, -24.1
9xr, 201112, 	15.4, -18.1
9xv, 201112, 	11.4, -18.1
9xw, 201112, 	14.5, -25.5
9y6, 201112, 	22.6, -10.8
9yb, 201112, 	12.2, -21.7
9yg, 201112, 	16.8, -12.1
9yq, 201112, 	18.2, -7.6
9ys, 201112, 	19.0, -9.3
9yw, 201112, 	16.6, -11.9
9z5, 201112, 	14.1, -17.2
9z7, 201112, 	13.8, -18.8
9zb, 201112, 	15.0, -19.1
9zg, 201112, 	11.4, -20.7
9zj, 201112, 	16.5, -11.7
9zm, 201112, 	13.3, -15.6
9zz, 201112, 	8.5, -16.3
b3v, 201112, 	7.1, -12.5
b4n, 201112, 	5.2, -15.9
bdd, 201112, 	12.2, -37.5
bdv, 201112, 	7.8, -24.9
bex, 201112, 	8.4, -33.1
bfp, 201112, 	8.7, -4.4
bg5, 201112, 	4.0, -37.5
c0r, 201112, 	10.3, -4.0
c29, 201112, 	8.4, -5.7
c2k, 201112, 	9.4, -16.2
c2p, 201112, 	6.9, -24.5
c2x, 201112, 	7.9, -20.5
c83, 201112, 	9.7, -24.7
c8n, 201112, 	15.7, -22.9
c8q, 201112, 	11.7, -20.4
c8t, 201112, 	9.0, -27.4
c8x, 201112, 	5.5, -25.4
cb1, 201112, 	11.8, -20.8
cb3, 201112, 	10.9, -22.6
cbe, 201112, 	7.7, -21.7
cbj, 201112, 	7.9, -18.3
dhw, 201112, 	30.6, 7.0
dhy, 201112, 	28.8, 2.8
dj3, 201112, 	24.7, -4.3
dj8, 201112, 	22.5, -5.4
dj9, 201112, 	23.1, -3.7
djc, 201112, 	23.1, -4.5
djd, 201112, 	24.1, -4.4
dje, 201112, 	25.9, -3.7
djf, 201112, 	23.1, -5.0
djn, 201112, 	27.3, 6.0
djq, 201112, 	25.9, 3.0
djy, 201112, 	24.5, -2.7
djz, 201112, 	23.8, 0.3
dn0, 201112, 	19.7, -8.4
dn1, 201112, 	21.6, -8.0
dn4, 201112, 	21.0, -5.0
dn5, 201112, 	19.8, -6.0
dn7, 201112, 	17.9, -6.8
dnd, 201112, 	19.1, -5.8
dnf, 201112, 	16.6, -8.3
dng, 201112, 	17.5, -8.7
dnh, 201112, 	23.4, -2.4
dnm, 201112, 	19.5, -8.0
dnr, 201112, 	20.8, -4.3
dnz, 201112, 	13.6, -12.9
dp1, 201112, 	14.4, -11.3
dp2, 201112, 	12.5, -13.3
dpg, 201112, 	9.3, -15.1
dpj, 201112, 	14.9, -9.0
dpz, 201112, 	13.9, -20.1
dqb, 201112, 	16.7, -3.8
dqd, 201112, 	21.7, -3.8
dr4, 201112, 	15.8, -7.4
dr7, 201112, 	15.6, -11.9
dr9, 201112, 	11.7, -12.8
drm, 201112, 	15.0, -12.3
drt, 201112, 	17.2, -13.9
drz, 201112, 	11.2, -19.7
f04, 201112, 	5.3, -15.5
f2r, 201112, 	7.9, -27.4
8e3, 201201, 	21.6, 8.3
9mu, 201201, 	24.1, 24.1
9mx, 201201, 	20.5, 20.5
9my, 201201, 	23.2, 23.2
9mz, 201201, 	22.1, 22.1
9px, 201201, 	6.5, 6.5
9q4, 201201, 	10.7, 10.7
9qb, 201201, 	10.2, 10.2
9qd, 201201, 	12.0, 10.8
9qn, 201201, 	18.9, 18.9
9qq, 201201, 	14.6, 11.8
9qs, 201201, 	18.2, 18.2
9qt, 201201, 	16.8, 16.8
9qx, 201201, 	10.6, 4.5
9qz, 201201, 	1.9, 1.9
9r0, 201201, 	11.1, 11.1
9rb, 201201, 	3.0, 3.0
9rf, 201201, 	5.5, 5.5
9rp, 201201, 	1.3, 0.4
9t8, 201201, 	22.0, 21.9
9t9, 201201, 	18.4, 18.4
9tb, 201201, 	21.5, 19.4
9td, 201201, 	13.9, 13.9
9te, 201201, 	13.7, 13.7
9tf, 201201, 	16.8, 13.6
9tn, 201201, 	17.6, 17.6
9tu, 201201, 	12.9, 11.7
9tv, 201201, 	16.0, 12.5
9tw, 201201, 	21.7, 21.7
9ud, 201201, 	24.4, 24.4
9v5, 201201, 	18.6, 18.6
9v6, 201201, 	20.9, 20.9
9v8, 201201, 	21.5, 21.5
9ve, 201201, 	16.1, 16.1
9vq, 201201, 	20.3, 20.3
9vy, 201201, 	18.6, 18.6
9w0, 201201, 	18.9, 18.9
9w1, 201201, 	15.9, 10.0
9w2, 201201, 	12.9, 7.9
9w4, 201201, 	5.7, 5.7
9w5, 201201, 	12.3, 0.9
9w6, 201201, 	3.6, 3.6
9w7, 201201, 	4.3, 4.3
9w8, 201201, 	14.8, 6.3
9w9, 201201, 	5.5, 2.4
9wb, 201201, 	1.7, -3.4
9wc, 201201, 	1.4, 1.4
9wd, 201201, 	10.1, -2.4
9we, 201201, 	3.5, 3.5
9wf, 201201, 	5.1, 1.0
9wh, 201201, 	8.4, 8.4
9wj, 201201, 	11.6, 11.6
9wk, 201201, 	6.9, 2.3
9wm, 201201, 	8.1, 8.0
9wn, 201201, 	13.8, 12.6
9wq, 201201, 	3.7, 3.7
9ws, 201201, 	0.5, -2.0
9ww, 201201, 	0.4, -1.5
9wx, 201201, 	4.5, 4.5
9wy, 201201, 	2.1, 2.1
9wz, 201201, 	1.7, 1.7
9x1, 201201, 	0.8, 0.8
9x4, 201201, 	0.8, -2.0
9xn, 201201, 	0.7, -0.9
9xp, 201201, 	0.7, 0.7
9y6, 201201, 	16.5, 16.4
9yb, 201201, 	1.4, 1.4
9yg, 201201, 	13.0, 13.0
9yq, 201201, 	14.0, 14.0
9ys, 201201, 	14.6, 14.6
9yw, 201201, 	13.0, 13.0
9z5, 201201, 	4.8, 4.8
9z7, 201201, 	4.7, 4.7
9zb, 201201, 	3.4, 3.4
9zg, 201201, 	1.1, 1.1
9zj, 201201, 	12.7, 12.7
9zm, 201201, 	10.9, 10.9
9zz, 201201, 	0.6, 0.6
c0r, 201201, 	3.7, 3.7
c29, 201201, 	1.8, 1.8
c8n, 201201, 	0.6, 0.6
cb1, 201201, 	1.2, 1.2
dhw, 201201, 	17.6, 17.6
dhy, 201201, 	17.9, 17.9
dj3, 201201, 	14.1, 14.1
dj8, 201201, 	12.7, 12.7
dj9, 201201, 	11.7, 11.7
djc, 201201, 	12.9, 8.8
djd, 201201, 	16.2, 10.9
dje, 201201, 	14.2, 13.1
djf, 201201, 	9.2, 9.1
djn, 201201, 	15.6, 15.6
djq, 201201, 	14.2, 14.2
djy, 201201, 	11.9, 11.9
djz, 201201, 	11.4, 11.4
dn0, 201201, 	14.1, 14.1
dn1, 201201, 	12.1, 9.8
dn4, 201201, 	9.8, 5.9
dn5, 201201, 	5.7, 5.7
dn7, 201201, 	8.5, 8.5
dnd, 201201, 	10.1, 10.1
dnf, 201201, 	4.5, 4.5
dng, 201201, 	5.9, 5.9
dnh, 201201, 	13.6, 13.6
dnm, 201201, 	5.2, 3.4
dnr, 201201, 	8.2, 8.2
dnz, 201201, 	1.7, 1.7
dp1, 201201, 	4.3, 4.3
dp2, 201201, 	3.1, 3.1
dpj, 201201, 	4.5, 4.5
dpz, 201201, 	0.1, 0.1
dqb, 201201, 	7.8, 7.8
dqd, 201201, 	10.8, 10.8
dr4, 201201, 	9.4, 9.4
dr7, 201201, 	6.8, 6.8
dr9, 201201, 	5.2, 5.2
drm, 201201, 	6.4, 6.2
drz, 201201, 	1.3, 1.3
