9zg, 20120801, 	37.9, 26.879158, 45.5, 29.382637, 0.0, 31.4, 23.6, 0.172, 0.152, 0.0, 0.0
cbe, 20120801, 	27.3, 22.31945, 29.3, 23.126741, 0.0, 20.9, 19.1, 0.184, 0.178, 0.0, 0.0
cbj, 20120801, 	31.2, 22.79618, 35.1, 24.21804, 0.0, 21.6, 18.5, 0.193, 0.183, 0.0, 0.0
9zg, 20120802, 	33.5, 23.66076, 38.4, 26.559723, 0.0, 30.8, 23.6, 0.169, 0.152, 0.0, 0.0
cbe, 20120802, 	26.1, 19.376734, 33.2, 21.587852, 0.0, 20.8, 17.9, 0.183, 0.175, 0.0, 0.0
cbj, 20120802, 	29.1, 23.281597, 34.8, 26.006601, 0.0, 21.5, 18.9, 0.187, 0.175, 0.0, 0.0
9zg, 20120803, 	33.4, 24.012152, 41.1, 26.205208, 0.0, 29.0, 22.5, 0.171, 0.15, 0.0, 0.0
cbe, 20120803, 	28.2, -49.700397, 31.0, 20.314579, 0.0, 20.8, 18.2, 0.182, 0.175, 0.0, 0.0
cbj, 20120803, 	28.4, 20.744095, 33.0, 22.596535, 0.0, 21.4, 18.6, 0.18, 0.17, 0.0, 0.0
9zg, 20120804, 	31.5, 21.04792, 33.5, 23.31146, 0.0, 28.5, 22.5, 0.321, 0.161, 0.0, 0.0
cbe, 20120804, 	23.0, -87.35726, 23.1, 17.719093, 0.0, 20.1, 18.2, 0.205, 0.178, 0.0, 0.0
cbj, 20120804, 	26.5, 20.323265, 29.9, 21.390972, 0.0, 21.0, 19.2, 0.301, 0.171, 0.0, 0.0
9zg, 20120805, 	26.4, 18.732634, 34.2, 22.252087, 0.0, 26.3, 20.2, 0.247, 0.228, 0.0, 0.0
cbe, 20120805, 	24.1, 14.912501, 27.4, 15.972924, 0.0, 18.8, 15.4, 0.205, 0.198, 0.0, 0.0
cbj, 20120805, 	22.9, 17.695492, 27.4, 19.974659, 0.0, 20.3, 17.8, 0.239, 0.22, 0.0, 0.0
9zg, 20120806, 	33.0, 21.879162, 39.7, 24.319788, 0.0, 27.4, 20.4, 0.239, 0.219, 0.0, 0.0
cbe, 20120806, 	28.8, 20.635775, 32.8, 21.890629, 0.0, 19.8, 16.8, 0.206, 0.199, 0.0, 0.0
cbj, 20120806, 	28.8, 19.32673, 33.5, 21.389236, 0.0, 20.2, 16.5, 0.221, 0.204, 0.0, 0.0
9zg, 20120807, 	32.3, 25.067709, 39.4, 26.8493, 0.0, 28.1, 22.3, 0.232, 0.213, 0.0, 0.0
cbe, 20120807, 	25.6, -52.888206, 30.1, 18.396523, 0.0, 19.9, 16.0, 0.205, 0.196, 0.0, 0.0
cbj, 20120807, 	26.9, 21.40139, 32.7, 24.055553, 0.0, 20.3, 17.7, 0.207, 0.193, 0.0, 0.0
9zg, 20120808, 	28.4, 22.798958, 36.3, 24.084719, 0.0, 27.8, 22.6, 0.223, 0.202, 0.0, 0.0
cbe, 20120808, 	26.7, 19.602442, 31.9, 21.466661, 0.0, 19.8, 17.3, 0.202, 0.196, 0.0, 0.0
cbj, 20120808, 	22.7, 16.839933, 25.9, 17.457296, 0.0, 20.2, 17.7, 0.235, 0.192, 0.0, 0.0
9zg, 20120809, 	27.0, 20.34097, 35.4, 23.011116, 0.0, 26.0, 21.0, 0.212, 0.193, 0.0, 0.0
cbe, 20120809, 	23.4, 16.537848, 25.8, 17.668749, 0.0, 19.8, 17.1, 0.204, 0.197, 0.0, 0.0
cbj, 20120809, 	23.0, 16.593403, 28.6, 18.189583, 0.0, 18.7, 16.8, 0.234, 0.213, 0.0, 0.0
9zg, 20120810, 	23.9, 16.96632, 32.1, 19.927774, 0.0, 25.4, 19.5, 0.202, 0.183, 0.0, 0.0
cbe, 20120810, 	24.3, 15.885761, 29.4, 17.668053, 0.0, 18.6, 15.6, 0.201, 0.194, 0.0, 0.0
cbj, 20120810, 	22.8, 16.039928, 28.7, 18.612501, 0.0, 18.7, 15.8, 0.216, 0.2, 0.0, 0.0
9zg, 20120811, 	22.6, 16.320139, 27.0, 17.035069, 0.0, 24.7, 18.6, 0.193, 0.173, 0.0, 0.0
cbe, 20120811, 	24.4, 16.337845, 29.1, 17.455902, 0.0, 18.6, 15.7, 0.199, 0.192, 0.0, 0.0
cbj, 20120811, 	24.5, 15.802087, 32.2, 18.68369, 0.0, 18.5, 14.6, 0.202, 0.19, 0.0, 0.0
9zg, 20120812, 	19.2, 16.254858, 22.3, 16.821537, 0.0, 21.1, 18.8, 0.181, 0.172, 0.0, 0.0
cbe, 20120812, 	22.5, 16.95138, 26.7, 17.456598, 0.0, 18.4, 16.4, 0.197, 0.19, 0.0, 0.0
cbj, 20120812, 	23.8, 17.029171, 31.0, 18.73507, 0.0, 17.9, 15.6, 0.194, 0.186, 0.0, 0.0
9zg, 20120813, 	26.9, 17.210426, 36.0, 20.331589, 0.0, 23.9, 17.4, 0.184, 0.168, 0.0, 0.0
cbe, 20120813, 	23.7, 16.411459, 28.7, 17.640282, 0.0, 18.2, 15.7, 0.196, 0.189, 0.0, 0.0
cbj, 20120813, 	24.7, 18.077084, 30.4, 19.722572, 0.0, 18.3, 15.6, 0.19, 0.181, 0.0, 0.0
9zg, 20120814, 	28.8, 19.462149, 36.2, 20.68541, 0.0, 23.6, 18.2, 0.181, 0.166, 0.0, 0.0
cbe, 20120814, 	24.7, -19.809366, 30.7, 16.908333, 0.0, 18.1, 14.9, 0.194, 0.185, 0.0, 0.0
cbj, 20120814, 	23.9, -17.917707, 31.9, 19.431944, 0.0, 18.2, 14.7, 0.184, 0.175, 0.0, 0.0
9zg, 20120815, 	29.8, 21.801394, 35.5, 23.093756, 0.0, 24.6, 20.0, 0.18, 0.166, 0.0, 0.0
cbe, 20120815, 	24.6, -17.075026, 26.9, 17.863195, 0.0, 18.0, 15.9, 0.191, 0.184, 0.0, 0.0
cbj, 20120815, 	26.1, 17.203468, 31.0, 18.621876, 0.0, 18.0, 14.6, 0.179, 0.172, 0.0, 0.0
9zg, 20120816, 	26.9, 17.720833, 29.8, 20.467012, 0.0, 24.5, 18.9, 0.179, 0.162, 0.0, 0.0
cbe, 20120816, 	19.2, 14.936462, 23.0, 16.253492, 0.0, 17.6, 15.8, 0.19, 0.183, 0.0, 0.0
cbj, 20120816, 	22.9, 16.934717, 23.1, 17.93542, 0.0, 17.9, 16.7, 0.251, 0.173, 0.0, 0.0
9zg, 20120817, 	23.4, 15.221871, 33.6, 18.094448, 0.0, 22.9, 16.3, 0.174, 0.155, 0.0, 0.0
cbe, 20120817, 	23.4, 11.950347, 28.1, 13.125697, 0.0, 17.2, 13.1, 0.186, 0.177, 0.0, 0.0
cbj, 20120817, 	21.5, 13.904859, 27.7, 16.38993, 0.0, 17.3, 13.8, 0.213, 0.194, 0.0, 0.0
9zg, 20120818, 	21.8, 14.849315, 29.2, 16.369795, 0.0, 22.6, 16.7, 0.248, 0.154, 0.0, 0.0
cbe, 20120818, 	24.5, 14.3493, 30.5, 15.666319, 0.0, 16.6, 13.7, 0.184, 0.175, 0.0, 0.0
cbj, 20120818, 	24.5, 15.137502, 30.4, 16.810417, 0.0, 17.0, 13.6, 0.197, 0.184, 0.0, 0.0
9zg, 20120819, 	24.6, 16.722221, 34.8, 19.049648, 0.0, 22.0, 17.0, 0.247, 0.232, 0.0, 0.0
cbe, 20120819, 	22.3, -56.10072, 28.4, 15.079509, 0.0, 16.6, 13.2, 0.182, 0.173, 0.0, 0.0
cbj, 20120819, 	22.3, 16.084375, 28.5, 18.898262, 0.0, 17.2, 14.8, 0.188, 0.178, 0.0, 0.0
9zg, 20120820, 	25.1, 17.600695, 34.0, 19.9, 0.0, 22.4, 16.7, 0.242, 0.223, 0.0, 0.0
cbe, 20120820, 	24.4, 12.046527, 30.0, 14.07118, 0.0, 16.4, 12.4, 0.18, 0.169, 0.0, 0.0
cbj, 20120820, 	24.0, 14.292014, 31.5, 16.915627, 0.0, 17.1, 12.8, 0.18, 0.17, 0.0, 0.0
9zg, 20120821, 	28.0, 18.68959, 35.8, 20.501047, 0.0, 23.1, 16.6, 0.235, 0.216, 0.0, 0.0
cbe, 20120821, 	28.6, -16.802797, 31.2, 18.38125, 0.0, 17.5, 13.8, 0.178, 0.17, 0.0, 0.0
cbj, 20120821, 	25.4, 16.17917, 30.6, 18.067366, 0.0, 16.6, 12.8, 0.174, 0.164, 0.0, 0.0
9zg, 20120822, 	33.5, 23.602434, 37.3, 24.494791, 0.0, 24.2, 19.2, 0.227, 0.213, 0.0, 0.0
cbe, 20120822, 	31.5, 20.947212, 35.1, 21.615616, 0.0, 18.5, 15.0, 0.177, 0.17, 0.0, 0.0
cbj, 20120822, 	30.1, 18.87639, 34.8, 20.397224, 0.0, 17.2, 13.8, 0.169, 0.161, 0.0, 0.0
9zg, 20120823, 	33.3, 24.878822, 38.1, 26.085762, 0.0, 25.9, 20.4, 0.221, 0.204, 0.0, 0.0
cbe, 20120823, 	29.3, 22.145142, 33.6, 23.711454, 0.0, 19.6, 16.7, 0.177, 0.169, 0.0, 0.0
cbj, 20120823, 	27.4, 20.942354, 31.3, 21.45486, 0.0, 17.9, 16.0, 0.168, 0.162, 0.0, 0.0
9zg, 20120824, 	30.3, 23.223276, 37.8, 24.864933, 0.0, 25.7, 20.7, 0.211, 0.192, 0.0, 0.0
cbe, 20120824, 	29.5, 21.136803, 34.8, 22.001387, 0.0, 19.7, 17.0, 0.176, 0.168, 0.0, 0.0
cbj, 20120824, 	31.3, 22.08646, 36.3, 24.335064, 0.0, 19.2, 15.9, 0.167, 0.159, 0.0, 0.0
9zg, 20120825, 	26.1, 20.846525, 27.0, 21.765617, 0.0, 25.3, 21.6, 0.201, 0.182, 0.0, 0.0
cbe, 20120825, 	26.6, -14.123624, 27.1, 21.272224, 0.0, 19.5, 17.7, 0.174, 0.167, 0.0, 0.0
cbj, 20120825, 	28.4, 22.217003, 32.4, 23.050343, 0.0, 19.1, 17.3, 0.164, 0.159, 0.0, 0.0
9zg, 20120826, 	28.8, 20.257643, 35.8, 22.32882, 0.0, 24.2, 19.9, 0.189, 0.177, 0.0, 0.0
cbe, 20120826, 	24.8, 16.64583, 29.4, 17.52708, 0.0, 18.7, 15.5, 0.173, 0.165, 0.0, 0.0
cbj, 20120826, 	27.8, 21.676395, 33.9, 23.918745, 0.0, 19.6, 17.3, 0.162, 0.155, 0.0, 0.0
9zg, 20120827, 	32.1, 22.07049, 38.7, 23.6191, 0.0, 25.2, 19.1, 0.186, 0.171, 0.0, 0.0
cbe, 20120827, 	26.3, 17.229507, 33.3, 19.104517, 0.0, 18.5, 15.4, 0.171, 0.163, 0.0, 0.0
cbj, 20120827, 	26.8, 18.590967, 34.2, 21.019783, 0.0, 19.5, 15.4, 0.157, 0.148, 0.0, 0.0
9zg, 20120828, 	35.4, 24.347574, 39.5, 25.42778, 0.0, 25.8, 20.8, 0.181, 0.168, 0.0, 0.0
cbe, 20120828, 	29.0, -49.788136, 33.8, 21.094444, 0.0, 19.2, 15.9, 0.17, 0.163, 0.0, 0.0
cbj, 20120828, 	26.6, 17.809029, 32.2, 19.30035, 0.0, 18.4, 14.9, 0.152, 0.145, 0.0, 0.0
9zg, 20120829, 	35.8, 24.942709, 41.6, 27.071869, 0.0, 26.6, 20.7, 0.179, 0.163, 0.0, 0.0
cbe, 20120829, 	34.7, 23.705553, 37.4, 24.564938, 0.0, 20.6, 17.1, 0.17, 0.164, 0.0, 0.0
cbj, 20120829, 	32.2, 21.321877, 37.1, 23.410408, 0.0, 19.1, 15.6, 0.15, 0.141, 0.0, 0.0
9zg, 20120830, 	38.2, 25.626392, 46.1, 26.885061, 0.0, 27.3, 21.1, 0.176, 0.16, 0.0, 0.0
cbe, 20120830, 	31.4, 22.5875, 31.6, 23.150696, 0.0, 20.6, 18.2, 0.17, 0.162, 0.0, 0.0
cbj, 20120830, 	28.7, 22.80556, 33.6, 23.80591, 0.0, 19.1, 17.2, 0.144, 0.139, 0.0, 0.0
9zg, 20120831, 	29.9, 21.741653, 35.5, 23.497917, 0.0, 26.5, 20.8, 0.173, 0.157, 0.0, 0.0
cbe, 20120831, 	28.8, -123.14092, 34.5, 17.469786, 0.0, 19.3, 14.7, 0.166, 0.157, 0.0, 0.0
cbj, 20120831, 	27.3, 19.31284, 33.4, 21.481249, 0.0, 19.0, 15.4, 0.143, 0.134, 0.0, 0.0
9zg, 20130801, 	29.6, 20.938896, 43.3, 23.051743, 0.0, 26.2, 19.1, 0.165, 0.145, 0.0, 0.0
cbe, 20130801, 	24.0, 16.710413, 30.7, 17.709023, 0.0, 18.8, 16.5, 0.386, 0.369, 0.0, 0.0
cbj, 20130801, 	24.5, 17.635065, 29.3, 18.638895, 0.0, 18.8, 15.5, 0.13, 0.12, 0.0, 0.0
9zg, 20130802, 	25.4, 18.479872, 27.8, 18.959724, 0.0, 25.7, 20.5, 0.163, 0.147, 0.0, 0.0
cbe, 20130802, 	22.4, 16.409721, 29.3, 17.103132, 0.0, 18.8, 16.4, 0.378, 0.351, 0.0, 0.0
cbj, 20130802, 	23.4, 17.53611, 28.1, 18.427784, 0.0, 18.7, 15.7, 0.123, 0.114, 0.0, 0.0
9zg, 20130803, 	24.5, 17.573954, 35.7, 19.614233, 0.0, 23.4, 17.6, 0.16, 0.142, 0.0, 0.0
cbe, 20130803, 	21.2, 15.178818, 29.9, 15.889238, 0.0, 18.8, 16.2, 0.362, 0.347, 0.0, 0.0
cbj, 20130803, 	23.3, 16.028816, 28.7, 17.176044, 0.0, 18.4, 15.0, 0.117, 0.109, 0.0, 0.0
9zg, 20130804, 	25.2, 18.057287, 38.3, 20.298262, 0.0, 23.7, 18.0, 0.161, 0.143, 0.0, 0.0
cbe, 20130804, 	21.8, 14.512153, 28.2, 14.970827, 0.0, 18.5, 15.6, 0.355, 0.329, 0.0, 0.0
cbj, 20130804, 	22.7, 15.262501, 28.2, 16.250698, 0.0, 18.2, 14.7, 0.112, 0.105, 0.0, 0.0
9zg, 20130805, 	28.9, 22.765627, 43.2, 25.769444, 0.0, 25.7, 20.8, 0.165, 0.149, 0.0, 0.0
cbe, 20130805, 	21.2, 16.509367, 25.6, 17.392012, 0.0, 18.1, 16.7, 0.385, 0.331, 0.0, 0.0
cbj, 20130805, 	25.0, 17.698616, 29.4, 18.46597, 0.0, 18.2, 16.0, 0.109, 0.104, 0.0, 0.0
9zg, 20130806, 	30.2, 21.91285, 41.7, 24.292358, 0.0, 26.6, 20.1, 0.164, 0.148, 0.0, 0.0
cbe, 20130806, 	21.0, 15.609377, 22.5, 15.7850685, 0.0, 18.3, 16.7, 0.402, 0.355, 0.0, 0.0
cbj, 20130806, 	23.4, 17.791319, 26.9, 18.43818, 0.0, 18.3, 16.1, 0.108, 0.101, 0.0, 0.0
9zg, 20130807, 	27.7, 19.696184, 38.9, 23.29861, 0.0, 26.3, 20.3, 0.162, 0.147, 0.0, 0.0
cbe, 20130807, 	18.5, 12.912502, 27.5, 13.810073, 0.0, 17.6, 15.2, 0.399, 0.362, 0.0, 0.0
cbj, 20130807, 	22.9, 17.778475, 28.5, 19.106937, 0.0, 19.0, 16.6, 0.124, 0.104, 0.0, 0.0
9zg, 20130808, 	25.8, 19.031944, 38.7, 20.90347, 0.0, 25.3, 20.4, 0.159, 0.145, 0.0, 0.0
cbe, 20130808, 	19.3, 12.463543, 24.9, 13.194792, 0.0, 17.3, 15.0, 0.373, 0.351, 0.0, 0.0
cbj, 20130808, 	21.6, 14.886455, 27.0, 15.621536, 0.0, 19.0, 15.2, 0.12, 0.113, 0.0, 0.0
9zg, 20130809, 	25.9, 19.026386, 40.4, 22.110762, 0.0, 24.8, 18.7, 0.158, 0.142, 0.0, 0.0
cbe, 20130809, 	18.7, 13.118747, 26.6, 13.868751, 0.0, 16.7, 14.9, 0.357, 0.342, 0.0, 0.0
cbj, 20130809, 	20.8, 15.734031, 25.8, 16.372572, 0.0, 17.6, 14.9, 0.118, 0.109, 0.0, 0.0
9zg, 20130810, 	23.8, 17.422218, 36.0, 18.421532, 0.0, 24.4, 18.8, 0.157, 0.141, 0.0, 0.0
cbe, 20130810, 	22.2, -55.280544, 28.9, 15.450697, 0.0, 17.4, 14.6, 0.349, 0.331, 0.0, 0.0
cbj, 20130810, 	23.0, 17.182291, 28.5, 18.765974, 0.0, 18.0, 15.9, 0.114, 0.105, 0.0, 0.0
9zg, 20130811, 	25.4, 19.613537, 34.3, 21.35556, 0.0, 23.2, 19.2, 0.367, 0.147, 0.0, 0.0
cbe, 20130811, 	22.4, 17.00069, 27.2, 17.790972, 0.0, 18.0, 16.3, 0.339, 0.318, 0.0, 0.0
cbj, 20130811, 	24.8, 16.277784, 31.3, 17.872217, 0.0, 18.2, 14.7, 0.109, 0.1, 0.0, 0.0
9zg, 20130812, 	25.4, 19.727776, 36.0, 21.422573, 0.0, 23.4, 19.2, 0.312, 0.279, 0.0, 0.0
cbe, 20130812, 	22.1, 15.889581, 27.3, 16.06667, 0.0, 18.0, 15.7, 0.325, 0.307, 0.0, 0.0
cbj, 20130812, 	24.3, 17.449997, 28.9, 18.284721, 0.0, 18.3, 15.3, 0.104, 0.097, 0.0, 0.0
9zg, 20130813, 	23.6, 17.779871, 33.5, 19.746529, 0.0, 23.2, 18.3, 0.286, 0.264, 0.0, 0.0
cbe, 20130813, 	21.9, 14.231251, 27.5, 14.491669, 0.0, 18.0, 15.0, 0.311, 0.296, 0.0, 0.0
cbj, 20130813, 	22.5, -89.414246, 29.1, 16.250694, 0.0, 17.9, 14.4, 0.101, 0.094, 0.0, 0.0
9zg, 20130814, 	22.3, 16.131947, 30.4, 17.265976, 0.0, 22.7, 17.6, 0.271, 0.249, 0.0, 0.0
cbe, 20130814, 	23.2, 14.820138, 28.0, 15.133329, 0.0, 17.5, 14.9, 0.3, 0.284, 0.0, 0.0
cbj, 20130814, 	23.3, 14.247925, 29.7, 15.544096, 0.0, 17.6, 13.7, 0.096, 0.09, 0.0, 0.0
9zg, 20130815, 	19.5, 15.44792, 22.1, 16.20556, 0.0, 21.1, 17.8, 0.258, 0.242, 0.0, 0.0
cbe, 20130815, 	24.5, 15.599304, 28.0, 15.371526, 0.0, 17.7, 14.9, 0.29, 0.272, 0.0, 0.0
cbj, 20130815, 	24.0, 16.454163, 30.5, 17.722567, 0.0, 17.0, 14.1, 0.093, 0.088, 0.0, 0.0
9zg, 20130816, 	22.0, 16.095142, 29.6, 17.229515, 0.0, 20.1, 16.8, 0.249, 0.236, 0.0, 0.0
cbe, 20130816, 	26.6, 20.526731, 29.0, 19.95833, 0.0, 18.7, 16.7, 0.279, 0.26, 0.0, 0.0
cbj, 20130816, 	25.7, 17.358002, 31.2, 18.642357, 0.0, 17.9, 14.2, 0.092, 0.084, 0.0, 0.0
9zg, 20130817, 	25.9, 18.439926, 35.7, 20.229864, 0.0, 22.0, 17.5, 0.243, 0.231, 0.0, 0.0
cbe, 20130817, 	27.0, 19.42569, 28.0, 18.872221, 0.0, 18.8, 16.8, 0.267, 0.247, 0.0, 0.0
cbj, 20130817, 	25.8, 18.029856, 30.5, 18.727777, 0.0, 18.2, 14.7, 0.088, 0.082, 0.0, 0.0
9zg, 20130818, 	26.0, 18.65243, 33.8, 20.340622, 0.0, 22.6, 17.9, 0.237, 0.222, 0.0, 0.0
cbe, 20130818, 	27.5, 22.234379, 29.0, 21.384026, 0.0, 19.4, 17.8, 0.252, 0.238, 0.0, 0.0
cbj, 20130818, 	26.3, 19.595152, 29.9, 19.923607, 0.0, 18.4, 15.3, 0.086, 0.079, 0.0, 0.0
9zg, 20130819, 	29.6, 22.073603, 38.1, 23.767355, 0.0, 24.3, 19.4, 0.229, 0.21, 0.0, 0.0
cbe, 20130819, 	31.0, -220.63582, 32.0, 22.601046, 0.0, 20.6, 18.1, 0.243, 0.231, 0.0, 0.0
cbj, 20130819, 	28.8, 21.916328, 32.8, 22.84896, 0.0, 19.7, 16.7, 0.083, 0.076, 0.0, 0.0
9zg, 20130820, 	31.4, 24.023617, 39.2, 25.88542, 0.0, 25.8, 20.8, 0.221, 0.203, 0.0, 0.0
cbe, 20130820, 	33.2, 25.470499, 33.7, 24.62084, 0.0, 21.6, 19.2, 0.235, 0.22, 0.0, 0.0
cbj, 20130820, 	31.2, 24.137493, 35.1, 25.102785, 0.0, 20.8, 17.7, 0.08, 0.074, 0.0, 0.0
9zg, 20130821, 	28.6, 23.425703, 30.7, 23.365286, 0.0, 25.6, 22.1, 0.209, 0.194, 0.0, 0.0
cbe, 20130821, 	30.7, 21.913195, 29.4, 21.57812, 0.0, 21.6, 19.0, 0.223, 0.207, 0.0, 0.0
cbj, 20130821, 	30.6, 24.636461, 35.3, 25.31874, 0.0, 20.9, 18.9, 0.078, 0.071, 0.0, 0.0
9zg, 20130822, 	27.4, 22.941319, 36.1, 24.767715, 0.0, 25.2, 21.2, 0.202, 0.187, 0.0, 0.0
cbe, 20130822, 	23.6, 16.73333, 28.1, 16.50695, 0.0, 20.4, 17.0, 0.21, 0.199, 0.0, 0.0
cbj, 20130822, 	26.8, 20.208332, 33.1, 21.65174, 0.0, 20.7, 17.2, 0.076, 0.069, 0.0, 0.0
9zg, 20130823, 	30.2, 22.673267, 38.8, 24.250002, 0.0, 25.4, 20.8, 0.193, 0.178, 0.0, 0.0
cbe, 20130823, 	28.6, 17.502077, 29.4, 16.530893, 0.0, 19.2, 16.4, 0.207, 0.192, 0.0, 0.0
cbj, 20130823, 	28.5, 17.504505, 34.0, 18.770828, 0.0, 19.8, 15.4, 0.072, 0.065, 0.0, 0.0
9zg, 20130824, 	30.8, 24.557997, 36.9, 25.344782, 0.0, 25.8, 21.9, 0.186, 0.173, 0.0, 0.0
cbe, 20130824, 	31.7, 24.41494, 32.1, 23.187153, 0.0, 20.8, 18.3, 0.195, 0.187, 0.0, 0.0
cbj, 20130824, 	30.7, 23.882652, 34.4, 24.507292, 0.0, 20.6, 17.7, 0.071, 0.065, 0.0, 0.0
9zg, 20130825, 	32.5, 26.99757, 40.4, 28.109383, 0.0, 27.1, 22.5, 0.185, 0.174, 0.0, 0.0
cbe, 20130825, 	31.6, -10.03749, 32.1, 24.01771, 0.0, 21.6, 19.4, 0.209, 0.187, 0.0, 0.0
cbj, 20130825, 	33.3, 27.439232, 36.8, 28.27708, 0.0, 22.2, 19.4, 0.071, 0.063, 0.0, 0.0
9zg, 20130826, 	33.4, 27.159372, 42.5, 28.657295, 0.0, 27.7, 23.0, 0.185, 0.172, 0.0, 0.0
cbe, 20130826, 	30.2, -11.036453, 30.9, 22.528114, 0.0, 21.7, 19.6, 0.213, 0.199, 0.0, 0.0
cbj, 20130826, 	32.4, 27.860415, 37.5, 28.691668, 0.0, 22.8, 20.6, 0.068, 0.061, 0.0, 0.0
9zg, 20130827, 	34.4, 27.103468, 43.4, 28.89029, 0.0, 28.1, 23.1, 0.182, 0.167, 0.0, 0.0
cbe, 20130827, 	30.9, 22.476746, 31.8, 21.665276, 0.0, 21.5, 19.1, 0.207, 0.194, 0.0, 0.0
cbj, 20130827, 	29.1, 23.505903, 32.9, 24.473959, 0.0, 22.8, 20.4, 0.068, 0.061, 0.0, 0.0
9zg, 20130828, 	33.6, 27.543407, 42.6, 29.164927, 0.0, 28.4, 24.1, 0.177, 0.164, 0.0, 0.0
cbe, 20130828, 	32.1, 24.057974, 33.6, 22.81111, 0.0, 21.7, 19.8, 0.198, 0.191, 0.0, 0.0
cbj, 20130828, 	30.2, -12.31944, 35.2, 23.386114, 0.0, 22.7, 19.2, 0.067, 0.058, 0.0, 0.0
9zg, 20130829, 	33.1, 25.98784, 43.9, 28.047567, 0.0, 28.1, 23.1, 0.174, 0.161, 0.0, 0.0
cbe, 20130829, 	27.3, 22.2302, 30.1, 22.1316, 0.0, 21.6, 20.0, 0.296, 0.206, 0.0, 0.0
cbj, 20130829, 	30.8, 22.897226, 33.7, 23.020136, 0.0, 21.5, 19.0, 0.065, 0.059, 0.0, 0.0
9zg, 20130830, 	30.3, 25.126041, 40.5, 27.68611, 0.0, 27.8, 23.6, 0.172, 0.159, 0.0, 0.0
cbe, 20130830, 	27.8, -257.2297, 28.9, 21.290281, 0.0, 21.4, 19.8, 0.281, 0.259, 0.0, 0.0
cbj, 20130830, 	27.1, 22.228481, 31.7, 22.968056, 0.0, 21.9, 19.6, 0.072, 0.061, 0.0, 0.0
9zg, 20130831, 	32.6, 23.122917, 43.5, 24.98368, 0.0, 27.3, 21.7, 0.167, 0.153, 0.0, 0.0
cbe, 20130831, 	27.9, 22.551733, 28.3, 21.406944, 0.0, 21.4, 20.0, 0.275, 0.254, 0.0, 0.0
cbj, 20130831, 	29.5, 19.82708, 33.7, 20.766676, 0.0, 21.8, 17.6, 0.071, 0.064, 0.0, 0.0
9zg, 20140801, 	27.5, 19.607294, 46.5, 23.966663, 0.0, 23.5, 18.0, 0.174, 0.158, 0.0, 0.0
cbe, 20140801, 	25.5, 19.05243, 35.4, 20.030556, 0.0, 20.8, 17.5, 0.34, 0.326, 0.0, 0.0
cbj, 20140801, 	27.0, 20.01771, 45.9, 22.948265, 0.0, 20.2, 17.6, 0.197, 0.19, 0.0, 0.0
9zg, 20140802, 	28.4, 21.077084, 45.7, 24.352074, 0.0, 23.8, 18.7, 0.171, 0.158, 0.0, 0.0
cbe, 20140802, 	26.9, 19.005903, 36.9, 20.169798, 0.0, 21.0, 17.6, 0.333, 0.323, 0.0, 0.0
cbj, 20140802, 	27.7, 19.729164, 45.0, 22.845488, 0.0, 20.4, 17.6, 0.192, 0.185, 0.0, 0.0
9zg, 20140803, 	29.6, 22.01458, 51.7, 26.752085, 0.0, 24.8, 19.8, 0.172, 0.16, 0.0, 0.0
cbe, 20140803, 	23.2, 18.701733, 34.6, 20.828468, 0.0, 20.9, 18.1, 0.33, 0.315, 0.0, 0.0
cbj, 20140803, 	25.7, 19.490973, 45.0, 21.312853, 0.0, 20.3, 17.8, 0.187, 0.182, 0.0, 0.0
9zg, 20140804, 	27.0, 22.486458, 44.2, 26.44653, 0.0, 24.5, 20.9, 0.172, 0.16, 0.0, 0.0
cbe, 20140804, 	24.6, 16.995144, 35.2, 18.820833, 0.0, 20.7, 17.0, 0.322, 0.3, 0.0, 0.0
cbj, 20140804, 	24.3, 19.336113, 46.1, 23.788193, 0.0, 20.4, 18.3, 0.184, 0.178, 0.0, 0.0
9zg, 20140805, 	25.0, 19.69027, 38.5, 22.030558, 0.0, 24.3, 20.4, 0.171, 0.158, 0.0, 0.0
cbe, 20140805, 	25.5, 18.502771, 35.3, 19.942703, 0.0, 20.5, 17.2, 0.304, 0.288, 0.0, 0.0
cbj, 20140805, 	24.9, 17.963884, 43.4, 20.931948, 0.0, 20.4, 17.4, 0.18, 0.173, 0.0, 0.0
9zg, 20140806, 	20.5, 18.12917, 21.2, 18.517006, 0.0, 22.1, 20.0, 0.165, 0.156, 0.0, 0.0
cbe, 20140806, 	27.0, 19.195833, 35.7, 20.412151, 0.0, 20.6, 17.5, 0.292, 0.279, 0.0, 0.0
cbj, 20140806, 	26.6, -85.25695, 46.1, 21.889587, 0.0, 20.2, 17.2, 0.175, 0.168, 0.0, 0.0
9zg, 20140807, 	23.4, 19.169786, 31.8, 20.640976, 0.0, 21.5, 19.0, 0.167, 0.155, 0.0, 0.0
cbe, 20140807, 	27.5, 20.801392, 37.8, 21.432987, 0.0, 21.1, 18.2, 0.283, 0.268, 0.0, 0.0
cbj, 20140807, 	26.2, 17.797222, 44.8, 19.693054, 0.0, 20.1, 16.9, 0.169, 0.163, 0.0, 0.0
9zg, 20140808, 	23.8, 19.903486, 29.6, 20.919428, 0.0, 21.4, 19.8, 0.168, 0.159, 0.0, 0.0
cbe, 20140808, 	26.9, 20.772217, 36.0, 21.298256, 0.0, 21.2, 18.3, 0.271, 0.257, 0.0, 0.0
cbj, 20140808, 	27.2, 19.666317, 45.5, 22.604515, 0.0, 20.2, 17.2, 0.166, 0.158, 0.0, 0.0
9zg, 20140809, 	26.0, 20.800352, 38.2, 22.09721, 0.0, 22.2, 19.6, 0.172, 0.161, 0.0, 0.0
cbe, 20140809, 	27.4, 21.248264, 36.4, 21.281944, 0.0, 21.2, 18.4, 0.263, 0.247, 0.0, 0.0
cbj, 20140809, 	26.0, 18.551395, 42.5, 19.49271, 0.0, 20.1, 17.2, 0.16, 0.154, 0.0, 0.0
9zg, 20140810, 	26.0, 21.680557, 45.4, 26.179167, 0.0, 24.1, 20.2, 0.179, 0.164, 0.0, 0.0
cbe, 20140810, 	23.1, 19.94548, 29.6, 20.93125, 0.0, 21.1, 19.0, 0.376, 0.244, 0.0, 0.0
cbj, 20140810, 	24.2, 19.668053, 34.6, 20.282637, 0.0, 19.4, 18.0, 0.158, 0.154, 0.0, 0.0
9zg, 20140811, 	23.4, 18.96771, 41.1, 23.231594, 0.0, 23.9, 19.1, 0.178, 0.164, 0.0, 0.0
cbe, 20140811, 	22.4, 17.405552, 32.3, 18.84722, 0.0, 20.4, 17.9, 0.341, 0.317, 0.0, 0.0
cbj, 20140811, 	24.2, 19.179857, 38.0, 21.60659, 0.0, 19.9, 18.3, 0.218, 0.155, 0.0, 0.0
9zg, 20140812, 	25.0, 17.615967, 43.6, 22.625343, 0.0, 22.9, 17.8, 0.177, 0.161, 0.0, 0.0
cbe, 20140812, 	26.1, 17.122223, 33.5, 17.323257, 0.0, 20.0, 16.7, 0.321, 0.302, 0.0, 0.0
cbj, 20140812, 	24.4, 17.580547, 40.3, 20.668741, 0.0, 19.8, 17.3, 0.201, 0.183, 0.0, 0.0
9zg, 20140813, 	27.9, -49.909737, 47.1, 23.750698, 0.0, 23.4, 17.5, 0.176, 0.159, 0.0, 0.0
cbe, 20140813, 	24.4, 18.630213, 32.6, 18.814245, 0.0, 20.0, 17.3, 0.306, 0.288, 0.0, 0.0
cbj, 20140813, 	24.2, 19.375006, 41.4, 21.895832, 0.0, 20.0, 17.5, 0.184, 0.172, 0.0, 0.0
9zg, 20140814, 	25.6, 17.966665, 28.3, 17.304516, 0.0, 23.1, 18.8, 0.174, 0.16, 0.0, 0.0
cbe, 20140814, 	26.8, 19.361458, 34.3, 19.486803, 0.0, 20.4, 17.5, 0.293, 0.274, 0.0, 0.0
cbj, 20140814, 	23.4, 16.119102, 38.8, 17.953121, 0.0, 19.9, 16.5, 0.174, 0.164, 0.0, 0.0
9zg, 20140815, 	25.6, 20.418402, 37.9, 22.106604, 0.0, 21.8, 18.9, 0.288, 0.161, 0.0, 0.0
cbe, 20140815, 	29.0, 21.918404, 35.0, 22.28264, 0.0, 21.4, 18.3, 0.278, 0.261, 0.0, 0.0
cbj, 20140815, 	27.5, 19.061455, 42.3, 21.198612, 0.0, 19.9, 16.9, 0.166, 0.157, 0.0, 0.0
9zg, 20140816, 	28.6, -152.13503, 46.9, 25.686459, 0.0, 23.6, 20.0, 0.288, 0.268, 0.0, 0.0
cbe, 20140816, 	27.5, 21.43681, 30.3, 21.430214, 0.0, 21.4, 19.2, 0.266, 0.252, 0.0, 0.0
cbj, 20140816, 	28.2, -82.76491, 44.4, 22.102093, 0.0, 20.0, 18.0, 0.16, 0.155, 0.0, 0.0
9zg, 20140817, 	28.3, 22.698954, 48.2, 25.727427, 0.0, 24.0, 20.8, 0.276, 0.257, 0.0, 0.0
cbe, 20140817, 	22.5, 17.741665, 28.3, 18.36285, 0.0, 20.6, 18.3, 0.256, 0.245, 0.0, 0.0
cbj, 20140817, 	22.5, 16.323956, 23.8, 16.769098, 0.0, 19.9, 18.0, 0.157, 0.153, 0.0, 0.0
9zg, 20140818, 	30.0, -81.509735, 43.9, 26.523262, 0.0, 24.6, 20.4, 0.265, 0.246, 0.0, 0.0
cbe, 20140818, 	21.1, 18.107986, 25.4, 19.10695, 0.0, 19.4, 18.2, 0.247, 0.242, 0.0, 0.0
cbj, 20140818, 	25.6, -225.94235, 35.3, 20.20973, 0.0, 19.6, 17.4, 0.165, 0.155, 0.0, 0.0
9zg, 20140819, 	28.6, 21.927765, 46.7, 26.039927, 0.0, 24.5, 20.3, 0.251, 0.233, 0.0, 0.0
cbe, 20140819, 	24.9, 18.265623, 30.5, 19.247915, 0.0, 19.8, 17.7, 0.246, 0.236, 0.0, 0.0
cbj, 20140819, 	23.5, 18.799643, 37.3, 20.693396, 0.0, 19.8, 18.2, 0.181, 0.162, 0.0, 0.0
9zg, 20140820, 	29.0, 21.444798, 43.9, 23.470139, 0.0, 24.3, 20.6, 0.238, 0.22, 0.0, 0.0
cbe, 20140820, 	26.5, 20.427425, 34.0, 20.209038, 0.0, 20.4, 17.9, 0.241, 0.229, 0.0, 0.0
cbj, 20140820, 	24.1, -17.105904, 34.8, 18.924309, 0.0, 19.9, 17.4, 0.186, 0.178, 0.0, 0.0
9zg, 20140821, 	31.2, 24.913544, 48.5, 28.50868, 0.0, 25.6, 21.6, 0.229, 0.215, 0.0, 0.0
cbe, 20140821, 	24.4, 20.023258, 29.3, 19.812847, 0.0, 20.4, 18.6, 0.231, 0.224, 0.0, 0.0
cbj, 20140821, 	22.6, 18.846527, 27.8, 18.740269, 0.0, 19.6, 18.1, 0.256, 0.176, 0.0, 0.0
9zg, 20140822, 	29.3, 23.377426, 47.7, 26.637154, 0.0, 25.5, 21.2, 0.222, 0.204, 0.0, 0.0
cbe, 20140822, 	23.8, 20.21215, 28.1, 20.6632, 0.0, 19.8, 18.8, 0.229, 0.223, 0.0, 0.0
cbj, 20140822, 	21.4, -51.69375, 26.4, 19.501728, 0.0, 19.4, 18.3, 0.227, 0.208, 0.0, 0.0
9zg, 20140823, 	28.1, 23.030205, 36.2, 24.253815, 0.0, 24.9, 21.6, 0.455, 0.198, 0.0, 0.0
cbe, 20140823, 	23.3, 19.58543, 25.7, 20.35556, 0.0, 19.8, 18.8, 0.229, 0.223, 0.0, 0.0
cbj, 20140823, 	21.5, 18.50591, 26.1, 19.999306, 0.0, 19.4, 18.4, 0.21, 0.2, 0.0, 0.0
9zg, 20140824, 	27.1, 23.198265, 42.3, 26.53577, 0.0, 24.4, 21.4, 0.484, 0.323, 0.0, 0.0
cbe, 20140824, 	27.6, 21.842705, 29.7, 21.779856, 0.0, 20.6, 18.9, 0.247, 0.224, 0.0, 0.0
cbj, 20140824, 	27.5, 22.179512, 32.0, 22.659378, 0.0, 20.5, 18.9, 0.201, 0.194, 0.0, 0.0
9zg, 20140825, 	24.4, 18.106941, 37.4, 21.227772, 0.0, 24.3, 20.2, 0.356, 0.319, 0.0, 0.0
cbe, 20140825, 	23.8, 14.602773, 21.4, 14.52361, 0.0, 20.7, 17.8, 0.247, 0.239, 0.0, 0.0
cbj, 20140825, 	24.6, -15.433343, 32.3, 20.406603, 0.0, 20.5, 18.5, 0.274, 0.194, 0.0, 0.0
9zg, 20140826, 	21.9, 15.860762, 37.3, 19.42257, 0.0, 22.4, 18.7, 0.328, 0.308, 0.0, 0.0
cbe, 20140826, 	17.6, 11.251389, 24.0, 11.93611, 0.0, 17.9, 15.5, 0.244, 0.237, 0.0, 0.0
cbj, 20140826, 	20.3, 15.920486, 32.8, 18.401731, 0.0, 20.0, 17.7, 0.221, 0.206, 0.0, 0.0
9zg, 20140827, 	24.6, 17.690624, 39.3, 20.835413, 0.0, 21.9, 18.7, 0.317, 0.3, 0.0, 0.0
cbe, 20140827, 	22.2, 13.968406, 26.5, 13.99861, 0.0, 17.3, 14.8, 0.241, 0.236, 0.0, 0.0
cbj, 20140827, 	20.6, -401.95316, 29.6, 16.920492, -416.0, 19.1, 0.0, 0.207, 0.0, 0.0, 0.0
9zg, 20140828, 	21.8, 19.65763, 25.0, 20.34687, 0.0, 21.7, 20.2, 0.319, 0.294, 0.0, 0.0
cbe, 20140828, 	22.7, 16.11736, 24.1, 14.986111, 0.0, 17.4, 15.6, 0.24, 0.234, 0.0, 0.0
cbj, 20140828, 	22.8, 16.101393, 33.8, 16.689924, 0.0, 18.8, 16.8, 0.202, 0.195, 0.0, 0.0
9zg, 20140829, 	24.7, 20.666674, 34.4, 21.710411, 0.0, 21.9, 20.5, 0.483, 0.306, 0.0, 0.0
cbe, 20140829, 	21.8, 18.54306, 24.2, 18.746532, 0.0, 18.0, 16.8, 0.241, 0.236, 0.0, 0.0
cbj, 20140829, 	21.1, 18.268063, 23.7, 18.503468, 0.0, 18.7, 17.8, 0.324, 0.194, 0.0, 0.0
9zg, 20140830, 	22.7, 18.823963, 35.4, 20.80833, 0.0, 21.5, 19.7, 0.394, 0.349, 0.0, 0.0
cbe, 20140830, 	21.4, 14.917016, 25.4, 15.904515, 0.0, 18.0, 15.9, 0.241, 0.233, 0.0, 0.0
cbj, 20140830, 	23.1, 19.082275, 31.4, 20.403816, 0.0, 19.5, 18.0, 0.271, 0.243, 0.0, 0.0
9zg, 20140831, 	27.9, 20.255552, 40.9, 22.16736, 0.0, 22.6, 19.2, 0.356, 0.335, 0.0, 0.0
cbe, 20140831, 	20.3, 17.031944, 21.8, 16.32952, 0.0, 17.8, 16.6, 0.237, 0.231, 0.0, 0.0
cbj, 20140831, 	26.1, 18.652779, 30.3, 18.937506, 0.0, 19.5, 17.9, 0.244, 0.235, 0.0, 0.0
9zg, 20150801, 	29.2, 22.834026, 35.3, 23.708332, 0.0, 25.9, 21.4, 0.274, 0.252, 0.0, 0.0
cbe, 20150801, 	27.1, 18.563885, 29.0, 17.945488, 0.0, 19.9, 16.9, 1.4E-45, 0.0, 0.0, 0.0
cbj, 20150801, 	26.7, 19.234726, 33.2, 18.674305, 0.0, 21.0, 18.0, 0.217, 0.207, 0.0, 0.0
9zg, 20150802, 	28.6, 22.945137, 37.3, 24.814934, 0.0, 26.4, 21.7, 0.258, 0.236, 0.0, 0.0
cbe, 20150802, 	25.3, 19.55453, 26.0, 19.660065, 0.0, 20.0, 18.2, 1.4E-45, 0.0, 0.0, 0.0
cbj, 20150802, 	25.5, 21.058683, 30.9, 20.78924, 0.0, 20.6, 18.0, 0.331, 0.208, 0.0, 0.0
9zg, 20150803, 	26.6, 20.393747, 35.7, 22.496872, 0.0, 26.0, 21.0, 0.245, 0.222, 0.0, 0.0
cbe, 20150803, 	22.7, 16.579857, 26.6, 16.436457, 0.0, 19.8, 17.0, 1.4E-45, 0.0, 0.0, 0.0
cbj, 20150803, 	23.2, 17.991667, 30.3, 17.238888, 0.0, 20.4, 17.8, 0.251, 0.235, 0.0, 0.0
9zg, 20150804, 	25.5, 19.697563, 33.0, 20.915972, 0.0, 25.3, 20.8, 0.227, 0.211, 0.0, 0.0
cbe, 20150804, 	22.4, 15.099659, 26.6, 15.59167, 0.0, 18.9, 15.9, 1.4E-45, 0.0, 0.0, 0.0
cbj, 20150804, 	24.7, 17.604162, 31.7, 17.562847, 0.0, 19.9, 17.3, 0.237, 0.225, 0.0, 0.0
9zg, 20150805, 	26.5, 20.34861, 34.6, 22.221535, 0.0, 24.7, 20.6, 0.218, 0.203, 0.0, 0.0
cbe, 20150805, 	24.2, 17.281599, 27.0, 16.8066, 0.0, 18.7, 16.4, 1.4E-45, 0.0, 0.0, 0.0
cbj, 20150805, 	24.4, 16.842356, 30.7, 17.116661, 0.0, 19.8, 16.9, 0.227, 0.217, 0.0, 0.0
9zg, 20150806, 	27.6, 22.272558, 34.3, 23.576044, 0.0, 25.2, 22.0, 0.211, 0.198, 0.0, 0.0
cbe, 20150806, 	24.1, 19.89722, 26.6, 19.74618, 0.0, 18.9, 17.7, 1.4E-45, 0.0, 0.0, 0.0
cbj, 20150806, 	23.0, 17.380898, 24.9, 16.299644, 0.0, 19.4, 17.6, 0.252, 0.216, 0.0, 0.0
9zg, 20150807, 	29.3, 22.682632, 36.3, 24.337847, 0.0, 26.2, 21.2, 0.242, 0.202, 0.0, 0.0
cbe, 20150807, 	27.0, 19.137844, 28.7, 19.48334, 0.0, 19.8, 17.5, 1.4E-45, 0.0, 0.0, 0.0
cbj, 20150807, 	23.5, 19.51112, 26.8, 20.1177, 0.0, 19.5, 18.3, 0.358, 0.254, 0.0, 0.0
9zg, 20150808, 	28.3, 23.421877, 35.9, 25.080563, 0.0, 26.4, 22.5, 0.234, 0.221, 0.0, 0.0
cbe, 20150808, 	26.6, 20.340967, 28.5, 20.248964, 0.0, 20.2, 17.9, 1.4E-45, 0.0, 0.0, 0.0
cbj, 20150808, 	26.7, 19.951403, 31.1, 20.335777, 0.0, 20.5, 18.4, 0.284, 0.259, 0.0, 0.0
9zg, 20150809, 	28.6, 22.210068, 37.1, 24.038542, 0.0, 26.1, 22.6, 0.227, 0.214, 0.0, 0.0
cbe, 20150809, 	24.8, 18.192366, 28.8, 17.9941, 0.0, 20.2, 17.4, 1.4E-45, 0.0, 0.0, 0.0
cbj, 20150809, 	24.3, 21.165276, 26.7, 21.17951, 0.0, 20.6, 19.2, 0.261, 0.252, 0.0, 0.0
9zg, 20150810, 	26.4, 19.92361, 34.6, 22.103125, 0.0, 25.4, 21.2, 0.345, 0.212, 0.0, 0.0
cbe, 20150810, 	25.3, 18.025694, 29.1, 17.75729, 0.0, 19.5, 16.8, 1.4E-45, 0.0, 0.0, 0.0
cbj, 20150810, 	25.6, 19.987856, 31.2, 20.01875, 0.0, 20.6, 18.5, 0.253, 0.239, 0.0, 0.0
9zg, 20150811, 	27.8, 21.066319, 36.0, 22.807991, 0.0, 25.2, 20.6, 0.282, 0.256, 0.0, 0.0
cbe, 20150811, 	28.2, 18.054514, 30.8, 17.757639, 0.0, 19.5, 16.3, 1.4E-45, 0.0, 0.0, 0.0
cbj, 20150811, 	26.0, 19.032288, 32.4, 18.459719, 0.0, 20.6, 17.8, 0.241, 0.229, 0.0, 0.0
9zg, 20150812, 	30.0, 22.416674, 36.3, 23.580545, 0.0, 25.7, 21.0, 0.264, 0.244, 0.0, 0.0
cbe, 20150812, 	31.7, 21.027782, 33.0, 20.207293, 0.0, 20.1, 17.7, 1.4E-45, 0.0, 0.0, 0.0
cbj, 20150812, 	27.7, 20.021175, 32.3, 19.375694, 0.0, 20.3, 17.7, 0.233, 0.223, 0.0, 0.0
9zg, 20150813, 	27.3, 22.369434, 29.7, 22.600695, 0.0, 25.5, 22.1, 0.249, 0.232, 0.0, 0.0
cbe, 20150813, 	30.4, 22.336813, 30.4, 21.70521, 0.0, 20.7, 18.5, 1.4E-45, 0.0, 0.0, 0.0
cbj, 20150813, 	28.4, 23.894096, 32.3, 23.558334, 0.0, 21.3, 19.2, 0.24, 0.223, 0.0, 0.0
9zg, 20150814, 	31.5, 24.297571, 37.6, 25.886806, 0.0, 26.4, 21.6, 0.24, 0.225, 0.0, 0.0
cbe, 20150814, 	32.4, 24.242706, 32.1, 23.401035, 0.0, 21.9, 19.1, 1.4E-45, 0.0, 0.0, 0.0
cbj, 20150814, 	31.8, 24.529865, 36.1, 24.109375, 0.0, 21.9, 19.3, 0.23, 0.217, 0.0, 0.0
9zg, 20150815, 	31.1, 24.332293, 37.7, 25.848259, 0.0, 26.7, 22.4, 0.232, 0.214, 0.0, 0.0
cbe, 20150815, 	32.1, 25.811455, 32.1, 24.962854, 0.0, 22.4, 20.4, 1.4E-45, 0.0, 0.0, 0.0
cbj, 20150815, 	30.5, 23.991322, 34.2, 23.37326, 0.0, 22.2, 19.7, 0.22, 0.211, 0.0, 0.0
9zg, 20150816, 	28.2, 21.9, 28.1, 22.086452, 0.0, 26.3, 22.5, 0.362, 0.204, 0.0, 0.0
cbe, 20150816, 	29.4, 21.093742, 28.3, 21.114586, 0.0, 22.5, 20.0, 1.4E-45, 0.0, 0.0, 0.0
cbj, 20150816, 	27.8, 23.161455, 30.3, 22.457283, 0.0, 22.1, 20.6, 0.214, 0.21, 0.0, 0.0
9zg, 20150817, 	19.2, 16.279165, 22.5, 17.2434, 0.0, 22.7, 19.9, 0.463, 0.318, 0.0, 0.0
cbe, 20150817, 	20.9, 15.236103, 25.3, 15.335072, 0.0, 20.6, 17.5, 1.4E-45, 0.0, 0.0, 0.0
cbj, 20150817, 	22.2, 18.28125, 29.1, 19.02673, 0.0, 21.3, 19.3, 0.213, 0.207, 0.0, 0.0
9zg, 20150818, 	19.8, 15.700701, 24.0, 16.4618, 0.0, 20.8, 18.2, 0.457, 0.34, 0.0, 0.0
cbe, 20150818, 	19.6, 14.96007, 21.1, 14.566321, 0.0, 19.1, 17.0, 1.4E-45, 0.0, 0.0, 0.0
cbj, 20150818, 	18.4, 14.473265, 20.9, 13.511456, 0.0, 20.4, 17.8, 0.279, 0.207, 0.0, 0.0
9zg, 20150819, 	20.0, 14.128124, 25.4, 15.034376, 0.0, 20.2, 17.3, 0.446, 0.392, 0.0, 0.0
cbe, 20150819, 	18.6, 14.92986, 20.7, 14.698957, 0.0, 18.0, 16.7, 1.4E-45, 0.0, 0.0, 0.0
cbj, 20150819, 	15.4, 13.84825, 16.9, 14.300701, 0.0, 18.4, 17.2, 0.309, 0.268, 0.0, 0.0
9zg, 20150820, 	25.4, -401.38092, 30.4, 17.289934, -416.0, 21.4, 0.0, 0.425, 0.0, 0.0, 0.0
cbe, 20150820, 	22.5, 13.241317, 25.1, 13.180904, 0.0, 17.3, 14.7, 1.4E-45, 0.0, 0.0, 0.0
cbj, 20150820, 	21.0, 14.642709, 26.8, 15.999658, 0.0, 18.5, 16.7, 0.277, 0.249, 0.0, 0.0
9zg, 20150821, 	26.4, 19.654854, 32.5, 21.155903, 0.0, 22.8, 18.7, 0.392, 0.363, 0.0, 0.0
cbe, 20150821, 	24.7, 17.840622, 25.9, 17.376387, 0.0, 18.5, 16.2, 1.4E-45, 0.0, 0.0, 0.0
cbj, 20150821, 	24.4, 16.12153, 27.8, 15.438542, 0.0, 18.6, 16.3, 0.25, 0.236, 0.0, 0.0
9zg, 20150822, 	26.5, 21.197918, 28.7, 21.292711, 0.0, 22.7, 20.5, 0.376, 0.359, 0.0, 0.0
cbe, 20150822, 	22.3, 19.577423, 20.9, 18.852428, 0.0, 18.6, 17.6, 1.4E-45, 0.0, 0.0, 0.0
cbj, 20150822, 	24.9, 20.405554, 25.3, 19.62605, 0.0, 18.9, 17.6, 0.277, 0.235, 0.0, 0.0
9zg, 20150823, 	20.2, 15.0274315, 24.8, 16.275, 0.0, 21.8, 18.0, 0.368, 0.34, 0.0, 0.0
cbe, 20150823, 	19.9, 13.58368, 18.9, 13.412502, 0.0, 18.2, 15.8, 1.4E-45, 0.0, 0.0, 0.0
cbj, 20150823, 	20.8, 14.9805565, 20.1, 14.487501, 0.0, 19.0, 17.2, 0.34, 0.272, 0.0, 0.0
9zg, 20150824, 	20.9, 13.985418, 27.1, 15.533334, 0.0, 21.0, 16.8, 0.354, 0.331, 0.0, 0.0
cbe, 20150824, 	18.2, 12.735771, 20.5, 12.994096, 0.0, 16.0, 14.2, 1.4E-45, 0.0, 0.0, 0.0
cbj, 20150824, 	16.2, 13.112849, 19.3, 13.192013, 0.0, 17.4, 16.2, 0.273, 0.254, 0.0, 0.0
9zg, 20150825, 	22.4, 15.002086, 28.6, 16.27674, 0.0, 20.7, 16.6, 0.34, 0.322, 0.0, 0.0
cbe, 20150825, 	20.6, 12.587844, 23.8, 12.623956, 0.0, 16.1, 13.5, 1.4E-45, 0.0, 0.0, 0.0
cbj, 20150825, 	21.5, 14.861108, 26.8, 15.952432, 0.0, 17.9, 15.7, 0.255, 0.243, 0.0, 0.0
9zg, 20150826, 	24.3, 15.925005, 30.6, 16.580206, 0.0, 20.7, 16.8, 0.33, 0.315, 0.0, 0.0
cbe, 20150826, 	23.1, 12.887504, 24.5, 12.382984, 0.0, 16.2, 13.3, 1.4E-45, 0.0, 0.0, 0.0
cbj, 20150826, 	22.1, 14.1756935, 27.1, 13.6965275, 0.0, 17.9, 14.9, 0.245, 0.235, 0.0, 0.0
9zg, 20150827, 	25.5, 18.596182, 31.9, 19.511806, 0.0, 21.3, 18.4, 0.325, 0.31, 0.0, 0.0
cbe, 20150827, 	24.9, 16.30521, 26.0, 15.769794, 0.0, 17.2, 14.4, 1.4E-45, 0.0, 0.0, 0.0
cbj, 20150827, 	23.7, 15.0274315, 28.4, 14.212152, 0.0, 17.5, 15.0, 0.238, 0.231, 0.0, 0.0
9zg, 20150828, 	21.8, 18.916658, 26.2, 19.671183, 0.0, 21.2, 19.3, 0.439, 0.315, 0.0, 0.0
cbe, 20150828, 	27.0, 20.08611, 27.3, 19.406937, 0.0, 18.4, 16.1, 1.4E-45, 0.0, 0.0, 0.0
cbj, 20150828, 	25.8, 18.780205, 30.1, 18.500357, 0.0, 18.5, 15.9, 0.233, 0.227, 0.0, 0.0
9zg, 20150829, 	23.5, -19.236113, 28.5, 16.935072, 0.0, 21.1, 17.5, 0.365, 0.338, 0.0, 0.0
cbe, 20150829, 	25.8, 20.323612, 25.6, 19.852783, 0.0, 18.5, 17.1, 1.4E-45, 0.0, 0.0, 0.0
cbj, 20150829, 	23.6, 17.708689, 28.4, 18.080206, 0.0, 18.5, 16.6, 0.229, 0.222, 0.0, 0.0
9zg, 20150830, 	24.8, 18.827429, 29.6, 20.355556, 0.0, 22.0, 19.0, 0.35, 0.334, 0.0, 0.0
cbe, 20150830, 	30.1, 21.90972, 29.7, 21.36667, 0.0, 19.6, 17.4, 1.4E-45, 0.0, 0.0, 0.0
cbj, 20150830, 	25.8, 19.618746, 30.4, 20.030195, 0.0, 19.2, 17.2, 0.226, 0.219, 0.0, 0.0
9zg, 20150831, 	28.1, 21.280554, 32.3, 22.251387, 0.0, 23.2, 19.5, 0.345, 0.328, 0.0, 0.0
cbe, 20150831, 	26.0, 20.869797, 24.2, 20.044792, 0.0, 19.6, 17.9, 1.4E-45, 0.0, 0.0, 0.0
cbj, 20150831, 	27.5, 21.729502, 30.3, 21.814932, 0.0, 19.9, 18.0, 0.222, 0.215, 0.0, 0.0
9zg, 20160801, 	27.6, 22.909372, 33.8, 23.969439, 0.0, 25.0, 22.5, 0.253, 0.242, 0.0, 0.0
cbe, 20160801, 	29.1, 23.801395, 30.4, 22.998962, 0.0, 21.2, 18.9, 0.251, 0.237, 0.0, 0.0
cbj, 20160801, 	28.1, 22.451393, 34.1, 22.77639, 0.0, 21.8, 19.3, 0.213, 0.204, 0.0, 0.0
9zg, 20160802, 	28.7, 22.978119, 35.8, 24.674307, 0.0, 25.2, 22.6, 0.251, 0.241, 0.0, 0.0
cbe, 20160802, 	27.4, 21.640982, 27.3, 21.065283, 0.0, 21.1, 18.9, 0.32, 0.234, 0.0, 0.0
cbj, 20160802, 	29.2, 23.840973, 35.1, 24.267372, 0.0, 22.3, 20.2, 0.207, 0.201, 0.0, 0.0
9zg, 20160803, 	30.3, 24.554514, 36.2, 25.395834, 0.0, 25.4, 22.6, 0.249, 0.236, 0.0, 0.0
cbe, 20160803, 	29.2, 21.151384, 28.9, 19.808678, 0.0, 21.1, 18.3, 0.301, 0.277, 0.0, 0.0
cbj, 20160803, 	29.4, 21.731604, 35.3, 21.196531, 0.0, 22.2, 19.1, 0.203, 0.193, 0.0, 0.0
9zg, 20160804, 	28.2, 23.951057, 33.1, 24.869453, 0.0, 25.4, 23.3, 0.242, 0.231, 0.0, 0.0
cbe, 20160804, 	26.5, 19.967718, 24.5, 19.492006, 0.0, 21.0, 18.9, 0.448, 0.275, 0.0, 0.0
cbj, 20160804, 	27.8, 23.282984, 32.9, 23.540276, 0.0, 22.3, 19.7, 0.316, 0.193, 0.0, 0.0
9zg, 20160805, 	25.6, 19.981249, 33.8, 21.793404, 0.0, 24.9, 21.0, 0.237, 0.22, 0.0, 0.0
cbe, 20160805, 	22.6, 17.840971, 24.7, 17.474304, 0.0, 19.7, 18.0, 0.444, 0.417, 0.0, 0.0
cbj, 20160805, 	23.5, 19.447561, 31.4, 19.892702, 0.0, 22.1, 19.6, 0.25, 0.232, 0.0, 0.0
9zg, 20160806, 	26.2, 19.672926, 34.9, 20.663893, 0.0, 24.3, 20.2, 0.226, 0.211, 0.0, 0.0
cbe, 20160806, 	23.6, 17.349302, 25.9, 16.263544, 0.0, 19.5, 17.1, 0.424, 0.393, 0.0, 0.0
cbj, 20160806, 	25.8, 18.574648, 33.9, 18.808681, 0.0, 21.3, 18.6, 0.233, 0.22, 0.0, 0.0
9zg, 20160807, 	26.8, 20.866312, 35.2, 22.966326, 0.0, 24.3, 21.0, 0.219, 0.207, 0.0, 0.0
cbe, 20160807, 	25.5, 16.946527, 27.3, 16.083677, 0.0, 19.3, 16.6, 0.398, 0.372, 0.0, 0.0
cbj, 20160807, 	25.5, 18.191673, 33.0, 18.46146, 0.0, 21.1, 18.0, 0.221, 0.21, 0.0, 0.0
9zg, 20160808, 	27.0, 20.09825, 36.0, 21.77466, 0.0, 24.3, 20.4, 0.213, 0.2, 0.0, 0.0
cbe, 20160808, 	26.1, 20.281597, 26.6, 19.312845, 0.0, 19.5, 17.7, 0.381, 0.355, 0.0, 0.0
cbj, 20160808, 	26.3, 19.135063, 33.3, 19.25937, 0.0, 20.9, 18.0, 0.212, 0.201, 0.0, 0.0
9zg, 20160809, 	32.2, 23.597569, 40.0, 25.731602, 0.0, 25.8, 21.5, 0.208, 0.197, 0.0, 0.0
cbe, 20160809, 	24.6, 21.059032, 26.7, 20.689936, 0.0, 20.0, 18.4, 0.36, 0.346, 0.0, 0.0
cbj, 20160809, 	29.5, 22.531239, 35.2, 23.026394, 0.0, 21.8, 19.2, 0.206, 0.197, 0.0, 0.0
9zg, 20160810, 	33.8, 26.699663, 41.7, 28.39895, 0.0, 26.8, 23.2, 0.208, 0.195, 0.0, 0.0
cbe, 20160810, 	24.8, 18.487154, 26.8, 18.097569, 0.0, 20.0, 17.9, 0.351, 0.333, 0.0, 0.0
cbj, 20160810, 	27.5, 21.302786, 32.4, 20.566319, 0.0, 21.8, 19.6, 0.247, 0.196, 0.0, 0.0
9zg, 20160811, 	30.6, 23.476751, 31.5, 23.935413, 0.0, 26.6, 23.1, 0.349, 0.195, 0.0, 0.0
cbe, 20160811, 	26.7, 21.425, 27.9, 21.25694, 0.0, 20.6, 18.8, 0.401, 0.331, 0.0, 0.0
cbj, 20160811, 	26.6, 19.915283, 32.6, 21.311464, 0.0, 21.6, 19.5, 0.316, 0.227, 0.0, 0.0
9zg, 20160812, 	27.1, 21.342361, 33.8, 22.476738, 0.0, 24.4, 22.1, 0.319, 0.297, 0.0, 0.0
cbe, 20160812, 	25.7, 20.713196, 27.1, 20.08332, 0.0, 20.6, 18.8, 0.379, 0.354, 0.0, 0.0
cbj, 20160812, 	23.5, 20.188873, 29.1, 20.763882, 0.0, 21.6, 20.0, 0.255, 0.241, 0.0, 0.0
9zg, 20160813, 	27.2, 21.016672, 32.7, 22.005907, 0.0, 24.4, 20.9, 0.305, 0.281, 0.0, 0.0
cbe, 20160813, 	23.4, 17.669449, 25.2, 16.816317, 0.0, 20.6, 17.8, 0.362, 0.341, 0.0, 0.0
cbj, 20160813, 	25.3, 19.770136, 31.3, 21.404518, 0.0, 21.8, 19.8, 0.25, 0.234, 0.0, 0.0
9zg, 20160814, 	27.1, -13.915271, 34.0, 22.091673, 0.0, 24.2, 20.6, 0.287, 0.264, 0.0, 0.0
cbe, 20160814, 	25.7, 18.003134, 27.0, 16.95868, 0.0, 19.6, 17.1, 0.344, 0.323, 0.0, 0.0
cbj, 20160814, 	26.0, 19.78264, 32.5, 20.09965, 0.0, 21.7, 19.2, 0.235, 0.223, 0.0, 0.0
9zg, 20160815, 	27.5, 20.508343, 34.0, 21.362848, 0.0, 23.8, 21.0, 0.273, 0.255, 0.0, 0.0
cbe, 20160815, 	26.9, 19.894447, 27.2, 18.808336, 0.0, 19.6, 17.6, 0.328, 0.306, 0.0, 0.0
cbj, 20160815, 	25.1, 19.251736, 29.4, 18.354156, 0.0, 21.4, 18.7, 0.224, 0.218, 0.0, 0.0
9zg, 20160816, 	29.3, 22.317007, 35.4, 23.747908, 0.0, 24.4, 21.1, 0.261, 0.246, 0.0, 0.0
cbe, 20160816, 	26.4, 19.932997, 27.6, 19.54236, 0.0, 19.9, 17.9, 0.31, 0.295, 0.0, 0.0
cbj, 20160816, 	27.9, 20.754852, 33.2, 21.600693, 0.0, 21.6, 19.3, 0.246, 0.218, 0.0, 0.0
9zg, 20160817, 	29.9, 22.601387, 36.0, 23.898262, 0.0, 24.6, 21.1, 0.252, 0.234, 0.0, 0.0
cbe, 20160817, 	28.5, 20.229174, 28.8, 19.287498, 0.0, 20.1, 17.6, 0.298, 0.282, 0.0, 0.0
cbj, 20160817, 	28.0, 19.435425, 34.6, 19.821875, 0.0, 21.3, 18.7, 0.235, 0.224, 0.0, 0.0
9zg, 20160818, 	31.1, 23.827436, 37.6, 25.11632, 0.0, 25.5, 21.7, 0.238, 0.222, 0.0, 0.0
cbe, 20160818, 	26.8, 20.084724, 26.2, 19.42674, 0.0, 20.2, 18.4, 0.284, 0.275, 0.0, 0.0
cbj, 20160818, 	26.5, 20.086456, 30.5, 19.207987, 0.0, 21.3, 18.8, 0.23, 0.22, 0.0, 0.0
9zg, 20160819, 	29.0, 20.00417, 29.5, 20.318748, 0.0, 25.4, 22.3, 0.256, 0.22, 0.0, 0.0
cbe, 20160819, 	22.9, 16.587849, 24.6, 15.599302, 0.0, 19.7, 16.9, 0.28, 0.266, 0.0, 0.0
cbj, 20160819, 	24.2, 20.289577, 29.1, 20.022911, 0.0, 21.0, 19.5, 0.282, 0.226, 0.0, 0.0
9zg, 20160820, 	22.1, 17.025343, 26.4, 18.120834, 0.0, 22.7, 20.0, 0.279, 0.246, 0.0, 0.0
cbe, 20160820, 	20.0, 16.188887, 22.2, 15.825348, 0.0, 18.9, 17.3, 0.269, 0.259, 0.0, 0.0
cbj, 20160820, 	20.0, 16.866663, 24.3, 16.727781, 0.0, 20.6, 19.0, 0.26, 0.24, 0.0, 0.0
9zg, 20160821, 	25.5, 16.486805, 31.0, 17.885418, 0.0, 22.2, 18.2, 0.268, 0.248, 0.0, 0.0
cbe, 20160821, 	22.2, 13.268746, 23.0, 12.105901, 0.0, 18.2, 14.9, 0.262, 0.25, 0.0, 0.0
cbj, 20160821, 	21.1, 15.747216, 28.6, 16.474304, 0.0, 19.7, 17.6, 0.261, 0.237, 0.0, 0.0
9zg, 20160822, 	29.5, 20.705196, 34.6, 21.676735, 0.0, 23.1, 19.5, 0.253, 0.239, 0.0, 0.0
cbe, 20160822, 	27.2, 19.607985, 28.0, 19.063198, 0.0, 18.9, 16.3, 0.254, 0.242, 0.0, 0.0
cbj, 20160822, 	27.2, 18.057985, 31.6, 17.96736, 0.0, 20.0, 17.3, 0.238, 0.223, 0.0, 0.0
9zg, 20160823, 	26.6, 20.560768, 27.7, 20.715971, 0.0, 22.9, 20.6, 0.244, 0.23, 0.0, 0.0
cbe, 20160823, 	30.1, 23.005907, 30.1, 21.874308, 0.0, 19.6, 17.9, 0.245, 0.233, 0.0, 0.0
cbj, 20160823, 	28.4, 22.225695, 33.6, 22.429174, 0.0, 21.0, 18.7, 0.225, 0.215, 0.0, 0.0
9zg, 20160824, 	23.8, 20.188541, 28.9, 20.58264, 0.0, 22.1, 20.2, 0.237, 0.227, 0.0, 0.0
cbe, 20160824, 	27.5, 19.743746, 26.2, 19.143753, 0.0, 19.6, 17.7, 0.238, 0.225, 0.0, 0.0
cbj, 20160824, 	26.1, 21.644787, 31.9, 22.275696, 0.0, 21.2, 19.5, 0.218, 0.21, 0.0, 0.0
9zg, 20160825, 	22.8, 17.070488, 27.7, 17.793756, 0.0, 22.0, 18.8, 0.233, 0.22, 0.0, 0.0
cbe, 20160825, 	19.6, 14.625346, 19.3, 14.002084, 0.0, 18.9, 16.8, 0.228, 0.22, 0.0, 0.0
cbj, 20160825, 	21.6, 16.914927, 29.5, 17.017359, 0.0, 21.1, 18.3, 0.213, 0.206, 0.0, 0.0
9zg, 20160826, 	22.4, -53.641293, 28.8, 16.565971, 0.0, 21.6, 17.8, 0.227, 0.211, 0.0, 0.0
cbe, 20160826, 	24.2, 14.177431, 25.2, 13.011801, 0.0, 17.4, 14.6, 0.223, 0.213, 0.0, 0.0
cbj, 20160826, 	22.7, 16.098267, 29.3, 16.146532, 0.0, 19.8, 17.2, 0.209, 0.203, 0.0, 0.0
9zg, 20160827, 	24.5, 17.837147, 29.4, 19.062853, 0.0, 21.2, 18.9, 0.261, 0.211, 0.0, 0.0
cbe, 20160827, 	19.8, 14.803472, 18.4, 14.147223, 0.0, 17.3, 15.7, 0.257, 0.205, 0.0, 0.0
cbj, 20160827, 	19.6, 15.272921, 23.5, 14.808338, 0.0, 19.2, 17.3, 0.209, 0.203, 0.0, 0.0
9zg, 20160828, 	31.6, 22.17569, 37.7, 23.305208, 0.0, 23.5, 19.4, 0.256, 0.246, 0.0, 0.0
cbe, 20160828, 	26.1, 17.129166, 26.5, 16.49584, 0.0, 17.6, 15.0, 0.27, 0.256, 0.0, 0.0
cbj, 20160828, 	25.3, 18.057638, 30.4, 19.065273, 0.0, 19.6, 17.7, 0.214, 0.208, 0.0, 0.0
9zg, 20160829, 	29.0, 23.046526, 36.1, 24.11979, 0.0, 23.9, 20.9, 0.25, 0.238, 0.0, 0.0
cbe, 20160829, 	25.5, 21.323267, 26.5, 20.888887, 0.0, 18.8, 17.2, 0.273, 0.264, 0.0, 0.0
cbj, 20160829, 	29.4, 21.907293, 33.6, 22.182283, 0.0, 20.8, 18.5, 0.29, 0.21, 0.0, 0.0
9zg, 20160830, 	27.5, 22.428131, 35.1, 23.398962, 0.0, 23.8, 21.2, 0.244, 0.232, 0.0, 0.0
cbe, 20160830, 	23.5, 14.63368, 24.0, 13.571182, 0.0, 18.8, 15.2, 0.267, 0.257, 0.0, 0.0
cbj, 20160830, 	24.9, 19.98854, 30.8, 21.064922, 0.0, 20.8, 18.9, 0.258, 0.237, 0.0, 0.0
9zg, 20160831, 	27.1, 20.26354, 33.3, 21.075005, 0.0, 23.7, 19.8, 0.238, 0.221, 0.0, 0.0
cbe, 20160831, 	22.0, 14.146877, 23.6, 13.0531225, 0.0, 17.4, 14.6, 0.26, 0.251, 0.0, 0.0
cbj, 20160831, 	24.5, 16.498613, 31.2, 16.234024, 0.0, 20.6, 17.1, 0.238, 0.224, 0.0, 0.0
9zg, 20170801, 	31.0, 22.075703, 41.2, 23.757296, 0.0, 24.1, 20.5, 0.197, 0.181, 0.0, 0.0
cbe, 20170801, 	26.3, 21.332636, 31.6, 21.052082, 0.0, 20.5, 0.0, 1.4E-45, 0.0, 0.0, 0.0
cbj, 20170801, 	28.0, 21.872583, 47.0, 25.281595, 0.0, 21.8, 19.3, 0.175, 0.166, 0.0, 0.0
9zg, 20170802, 	26.0, 20.209723, 33.6, 21.586805, 0.0, 23.9, 20.7, 0.185, 0.173, 0.0, 0.0
cbe, 20170802, 	23.8, 16.36145, 26.4, 15.772227, 0.0, 20.0, 0.0, 1.4E-45, 0.0, 0.0, 0.0
cbj, 20170802, 	25.5, 19.466677, 44.7, 23.40694, 0.0, 21.8, 19.2, 0.168, 0.161, 0.0, 0.0
9zg, 20170803, 	22.2, 17.053816, 28.5, 18.903461, 0.0, 22.7, 20.3, 0.178, 0.167, 0.0, 0.0
cbe, 20170803, 	21.7, 15.899648, 26.2, 16.485067, 0.0, 18.4, 0.0, 1.4E-45, 0.0, 0.0, 0.0
cbj, 20170803, 	20.5, 12.617353, 22.5, 14.1559, 0.0, 21.3, 15.8, 0.332, 0.159, 0.0, 0.0
9zg, 20170804, 	24.4, 16.133327, 36.9, 19.158684, 0.0, 21.6, 17.6, 0.171, 0.161, 0.0, 0.0
cbe, 20170804, 	25.3, 15.117016, 29.7, 14.998618, 0.0, 18.0, 0.0, 1.4E-45, 0.0, 0.0, 0.0
cbj, 20170804, 	22.8, 14.494792, 38.4, 17.653477, 0.0, 18.4, 16.1, 0.29, 0.26, 0.0, 0.0
9zg, 20170805, 	22.8, 16.751049, 32.0, 17.653473, 0.0, 21.6, 18.5, 0.169, 0.158, 0.0, 0.0
cbe, 20170805, 	24.4, 14.668751, 29.7, 14.801395, 0.0, 17.8, 0.0, 1.4E-45, 0.0, 0.0, 0.0
cbj, 20170805, 	23.3, 15.856947, 38.5, 19.03646, 0.0, 19.1, 16.6, 0.289, 0.259, 0.0, 0.0
9zg, 20170806, 	21.0, 17.020481, 28.0, 18.321878, 0.0, 20.6, 18.8, 0.164, 0.156, 0.0, 0.0
cbe, 20170806, 	25.1, 16.514585, 31.1, 16.340277, 0.0, 17.9, 0.0, 1.4E-45, 0.0, 0.0, 0.0
cbj, 20170806, 	23.7, 16.556948, 39.4, 20.015968, 0.0, 19.5, 16.8, 0.277, 0.247, 0.0, 0.0
9zg, 20170807, 	25.5, 18.766666, 39.0, 22.560762, 0.0, 22.0, 18.6, 0.164, 0.153, 0.0, 0.0
cbe, 20170807, 	25.9, 16.061115, 30.6, 16.08264, 0.0, 17.9, 0.0, 1.4E-45, 0.0, 0.0, 0.0
cbj, 20170807, 	25.4, 17.172915, 40.9, 20.748964, 0.0, 19.7, 16.8, 0.249, 0.23, 0.0, 0.0
9zg, 20170808, 	27.1, 19.303125, 40.5, 21.092701, 0.0, 22.2, 18.0, 0.162, 0.149, 0.0, 0.0
cbe, 20170808, 	25.6, -17.41806, 30.4, 16.682281, 0.0, 18.0, 0.0, 1.4E-45, 0.0, 0.0, 0.0
cbj, 20170808, 	26.3, 18.934723, 41.9, 20.746874, 0.0, 19.7, 17.1, 0.232, 0.217, 0.0, 0.0
9zg, 20170809, 	27.4, 19.912497, 33.3, 21.073963, 0.0, 22.1, 19.2, 0.29, 0.151, 0.0, 0.0
cbe, 20170809, 	23.3, 18.309029, 28.6, 17.92049, 0.0, 18.2, 0.0, 1.4E-45, 0.0, 0.0, 0.0
cbj, 20170809, 	24.4, 17.268753, 38.4, 18.127083, 0.0, 19.8, 17.4, 0.219, 0.213, 0.0, 0.0
9zg, 20170810, 	25.7, 18.767708, 33.9, 20.429857, 0.0, 21.8, 19.1, 0.265, 0.247, 0.0, 0.0
cbe, 20170810, 	24.7, 17.913536, 30.3, 18.262495, 0.0, 18.2, 0.0, 1.4E-45, 0.0, 0.0, 0.0
cbj, 20170810, 	21.4, 17.253126, 32.4, 19.559368, 0.0, 19.0, 17.2, 0.382, 0.219, 0.0, 0.0
9zg, 20170811, 	25.3, 18.479864, 36.5, 20.599998, 0.0, 21.5, 18.7, 0.254, 0.235, 0.0, 0.0
cbe, 20170811, 	25.8, 16.768053, 32.0, 16.83125, 0.0, 18.2, 0.0, 1.4E-45, 0.0, 0.0, 0.0
cbj, 20170811, 	24.2, 16.62882, 41.2, 20.07708, 0.0, 19.4, 16.4, 0.303, 0.26, 0.0, 0.0
9zg, 20170812, 	26.2, 18.80382, 34.6, 20.121176, 0.0, 21.5, 18.5, 0.242, 0.226, 0.0, 0.0
cbe, 20170812, 	26.7, 16.831596, 32.7, 16.419096, 0.0, 18.0, 0.0, 1.4E-45, 0.0, 0.0, 0.0
cbj, 20170812, 	24.9, 16.80382, 42.9, 20.184723, 0.0, 19.5, 16.4, 0.261, 0.24, 0.0, 0.0
9zg, 20170813, 	22.0, 18.437157, 25.4, 18.700354, 0.0, 21.5, 18.2, 0.495, 0.219, 0.0, 0.0
cbe, 20170813, 	23.6, 16.670826, 29.4, 16.974653, 0.0, 17.7, 15.5, 1.4E-45, 0.0, 0.0, 0.0
cbj, 20170813, 	19.5, 14.931249, 22.9, 15.551732, 0.0, 19.5, 17.2, 0.241, 0.238, 0.0, 0.0
9zg, 20170814, 	24.1, 17.36285, 32.4, 19.33334, 0.0, 20.6, 18.2, 0.405, 0.305, 0.0, 0.0
cbe, 20170814, 	26.3, 16.580557, 39.4, 18.367014, 0.0, 17.7, 15.2, 0.134, 0.0, 0.0, 0.0
cbj, 20170814, 	21.7, 17.224298, 33.9, 19.627079, 0.0, 19.0, 17.0, 0.315, 0.238, 0.0, 0.0
9zg, 20170815, 	22.9, 17.228477, 29.7, 17.69792, 0.0, 20.6, 18.5, 0.309, 0.29, 0.0, 0.0
cbe, 20170815, 	26.6, 17.071188, 40.3, 18.231594, 0.0, 17.8, 15.1, 0.133, 0.124, 0.0, 0.0
cbj, 20170815, 	25.0, 16.906258, 39.8, 20.313543, 0.0, 19.5, 16.7, 0.271, 0.247, 0.0, 0.0
9zg, 20170816, 	19.7, 18.43473, 21.1, 18.64445, 0.0, 19.9, 19.1, 0.446, 0.287, 0.0, 0.0
cbe, 20170816, 	21.6, 18.035767, 21.3, 17.768414, 0.0, 17.7, 16.6, 0.136, 0.127, 0.0, 0.0
cbj, 20170816, 	21.5, 17.550684, 27.1, 17.883684, 0.0, 19.6, 17.6, 0.247, 0.242, 0.0, 0.0
9zg, 20170817, 	25.8, 19.94861, 32.0, 21.553123, 0.0, 21.2, 18.8, 0.475, 0.345, 0.0, 0.0
cbe, 20170817, 	24.9, 18.75348, 33.2, 20.727776, 0.0, 17.8, 16.4, 0.137, 0.13, 0.0, 0.0
cbj, 20170817, 	20.2, 17.227085, 22.6, 18.23159, 0.0, 18.6, 17.6, 0.312, 0.242, 0.0, 0.0
9zg, 20170818, 	26.7, 20.019102, 33.7, 21.425346, 0.0, 21.8, 19.1, 0.42, 0.337, 0.0, 0.0
cbe, 20170818, 	26.0, 17.199654, 38.0, 18.390623, 0.0, 18.0, 15.2, 0.137, 0.129, 0.0, 0.0
cbj, 20170818, 	22.9, 17.039238, 31.3, 17.04618, 0.0, 18.2, 16.5, 0.273, 0.253, 0.0, 0.0
9zg, 20170819, 	26.7, 18.511461, 33.4, 20.353123, 0.0, 21.8, 18.9, 0.353, 0.328, 0.0, 0.0
cbe, 20170819, 	29.0, 18.760069, 42.0, 19.575, 0.0, 17.9, 15.1, 0.137, 0.129, 0.0, 0.0
cbj, 20170819, 	25.9, 18.22847, 38.4, 19.439583, 0.0, 19.1, 16.2, 0.254, 0.238, 0.0, 0.0
9zg, 20170820, 	27.4, 21.42778, 34.4, 22.395134, 0.0, 22.0, 19.6, 0.335, 0.321, 0.0, 0.0
cbe, 20170820, 	25.5, 19.802784, 38.3, 21.37709, 0.0, 18.0, 16.5, 0.138, 0.13, 0.0, 0.0
cbj, 20170820, 	25.8, 19.497221, 40.9, 20.71493, 0.0, 19.5, 17.2, 0.239, 0.229, 0.0, 0.0
9zg, 20170821, 	23.5, 19.323265, 26.0, 19.67257, 0.0, 22.0, 20.2, 0.376, 0.322, 0.0, 0.0
cbe, 20170821, 	22.1, 13.288195, 27.7, 12.862843, 0.0, 17.8, 14.7, 0.135, 0.128, 0.0, 0.0
cbj, 20170821, 	22.3, 16.613884, 27.1, 16.592707, 0.0, 19.5, 17.0, 0.231, 0.227, 0.0, 0.0
9zg, 20170822, 	23.0, 18.123606, 30.3, 19.63992, 0.0, 20.8, 18.7, 0.362, 0.336, 0.0, 0.0
cbe, 20170822, 	22.2, 14.609031, 36.4, 15.243055, 0.0, 16.2, 14.1, 0.134, 0.127, 0.0, 0.0
cbj, 20170822, 	21.4, 17.832994, 36.7, 19.549658, 0.0, 18.3, 16.9, 0.229, 0.22, 0.0, 0.0
9zg, 20170823, 	25.7, 17.382296, 33.1, 18.125343, 0.0, 20.8, 17.5, 0.341, 0.323, 0.0, 0.0
cbe, 20170823, 	19.5, 11.106592, 33.5, 11.562844, 0.0, 16.0, 13.3, 0.133, 0.125, 0.0, 0.0
cbj, 20170823, 	21.2, 15.513192, 40.1, 17.405556, 0.0, 18.3, 15.9, 0.222, 0.213, 0.0, 0.0
9zg, 20170824, 	24.1, 18.731247, 30.6, 19.686806, 0.0, 20.8, 19.1, 0.368, 0.326, 0.0, 0.0
cbe, 20170824, 	21.0, 12.050344, 32.3, 13.745831, 0.0, 15.2, 12.8, 0.133, 0.126, 0.0, 0.0
cbj, 20170824, 	21.0, 14.42569, 34.8, 17.742714, 0.0, 18.3, 16.1, 0.251, 0.213, 0.0, 0.0
9zg, 20170825, 	25.9, 20.028133, 32.4, 21.673605, 0.0, 21.6, 19.3, 0.346, 0.33, 0.0, 0.0
cbe, 20170825, 	23.9, 16.087503, 38.1, 17.129515, 0.0, 16.2, 13.8, 0.134, 0.126, 0.0, 0.0
cbj, 20170825, 	18.2, 12.417362, 23.9, 12.995484, 0.0, 18.3, 15.6, 0.231, 0.223, 0.0, 0.0
9zg, 20170826, 	25.8, 20.14792, 33.0, 21.692698, 0.0, 21.8, 19.7, 0.48, 0.328, 0.0, 0.0
cbe, 20170826, 	20.0, 16.282982, 19.9, 16.710068, 0.0, 16.4, 15.5, 0.136, 0.128, 0.0, 0.0
cbj, 20170826, 	16.4, 14.984028, 17.0, 15.149989, 0.0, 16.8, 16.0, 0.314, 0.222, 0.0, 0.0
9zg, 20170827, 	26.4, 20.246529, 32.9, 21.373957, 0.0, 21.8, 19.4, 0.376, 0.345, 0.0, 0.0
cbe, 20170827, 	23.4, 17.349648, 30.0, 18.187838, 0.0, 16.6, 15.4, 0.138, 0.132, 0.0, 0.0
cbj, 20170827, 	19.8, 17.01805, 28.4, 17.923958, 0.0, 17.2, 16.2, 0.311, 0.265, 0.0, 0.0
9zg, 20170828, 	25.5, 18.411114, 32.6, 19.974308, 0.0, 21.5, 18.8, 0.358, 0.337, 0.0, 0.0
cbe, 20170828, 	28.7, 17.13264, 39.2, 18.01597, 0.0, 16.9, 14.1, 0.138, 0.131, 0.0, 0.0
cbj, 20170828, 	21.7, 16.83854, 33.5, 19.01111, 0.0, 18.2, 16.3, 0.266, 0.25, 0.0, 0.0
9zg, 20170829, 	26.0, 18.9309, 33.3, 19.4875, 0.0, 21.2, 18.1, 0.347, 0.327, 0.0, 0.0
cbe, 20170829, 	29.9, 20.118406, 41.1, 20.506247, 0.0, 17.7, 15.0, 0.139, 0.132, 0.0, 0.0
cbj, 20170829, 	26.0, 16.633333, 38.8, 18.659729, 0.0, 18.7, 15.7, 0.25, 0.238, 0.0, 0.0
9zg, 20170830, 	26.7, 19.257643, 33.1, 20.025002, 0.0, 21.3, 18.2, 0.338, 0.322, 0.0, 0.0
cbe, 20170830, 	26.3, 19.69306, 36.9, 20.28264, 0.0, 17.9, 15.6, 0.139, 0.131, 0.0, 0.0
cbj, 20170830, 	23.3, 19.007637, 35.5, 19.629513, 0.0, 18.8, 16.6, 0.239, 0.229, 0.0, 0.0
9zg, 20170831, 	25.6, 19.368397, 33.5, 20.170828, 0.0, 21.4, 18.9, 0.332, 0.314, 0.0, 0.0
cbe, 20170831, 	23.1, 16.614586, 33.6, 16.500696, 0.0, 17.5, 14.9, 0.137, 0.129, 0.0, 0.0
cbj, 20170831, 	20.4, 13.378819, 35.1, 15.345834, 0.0, 18.8, 15.3, 0.231, 0.223, 0.0, 0.0
9zg, 20180801, 	25.6, 19.875698, 34.0, 22.164936, 0.0, 1.4E-45, 0.0, 1.4E-45, 0.0, 0.0, 0.0
cbe, 20180801, 	23.0, 15.457984, 22.2, 16.361454, 0.0, 1.4E-45, 0.0, 1.4E-45, 0.0, 0.0, 0.0
cbj, 20180801, 	25.9, 17.593758, 25.0, 18.867714, 0.0, 1.4E-45, 0.0, 1.4E-45, 0.0, 0.0, 0.0
9zg, 20180802, 	25.0, 15.848958, 33.3, 18.675007, 0.0, 1.4E-45, 0.0, 1.4E-45, 0.0, 0.0, 0.0
cbe, 20180802, 	22.1, -23.044796, 27.7, 12.2184, 0.0, 1.4E-45, 0.0, 1.4E-45, 0.0, 0.0, 0.0
cbj, 20180802, 	20.0, 14.235762, 39.4, 19.537853, 0.0, 1.4E-45, 0.0, 1.4E-45, 0.0, 0.0, 0.0
9zg, 20180803, 	30.9, 22.675337, 37.1, 23.580215, 0.0, 1.4E-45, 0.0, 1.4E-45, 0.0, 0.0, 0.0
cbe, 20180803, 	26.2, 18.323267, 30.6, 18.231598, 0.0, 1.4E-45, 0.0, 1.4E-45, 0.0, 0.0, 0.0
cbj, 20180803, 	21.7, 15.145486, 31.4, 15.707291, 0.0, 1.4E-45, 0.0, 1.4E-45, 0.0, 0.0, 0.0
9zg, 20180804, 	28.6, 23.04062, 34.4, 23.629507, 0.0, 1.4E-45, 0.0, 1.4E-45, 0.0, 0.0, 0.0
cbe, 20180804, 	25.9, 20.490973, 30.4, 20.512148, 0.0, 1.4E-45, 0.0, 1.4E-45, 0.0, 0.0, 0.0
cbj, 20180804, 	22.2, 19.656244, 23.3, 19.550346, 0.0, 1.4E-45, 0.0, 1.4E-45, 0.0, 0.0, 0.0
9zg, 20180805, 	27.1, 21.04409, 27.2, 21.350697, 0.0, 1.4E-45, 0.0, 1.4E-45, 0.0, 0.0, 0.0
cbe, 20180805, 	25.8, 20.074993, 31.6, 19.77604, 0.0, 1.4E-45, 0.0, 1.4E-45, 0.0, 0.0, 0.0
cbj, 20180805, 	29.1, 22.666323, 38.2, 24.114233, 0.0, 1.4E-45, 0.0, 1.4E-45, 0.0, 0.0, 0.0
9zg, 20180806, 	27.6, 20.55417, 37.3, 22.629164, 0.0, 1.4E-45, 0.0, 1.4E-45, 0.0, 0.0, 0.0
cbe, 20180806, 	22.6, 15.494442, 28.0, 16.701738, 0.0, 1.4E-45, 0.0, 1.4E-45, 0.0, 0.0, 0.0
cbj, 20180806, 	25.2, 20.408337, 38.0, 22.48506, 0.0, 1.4E-45, 0.0, 1.4E-45, 0.0, 0.0, 0.0
9zg, 20180807, 	26.5, 20.45208, 35.7, 23.106947, 0.0, 1.4E-45, 0.0, 1.4E-45, 0.0, 0.0, 0.0
cbe, 20180807, 	28.6, 18.124657, 33.2, 18.103134, 0.0, 1.4E-45, 0.0, 1.4E-45, 0.0, 0.0, 0.0
cbj, 20180807, 	25.1, 18.143059, 39.7, 20.9, 0.0, 1.4E-45, 0.0, 1.4E-45, 0.0, 0.0, 0.0
9zg, 20180808, 	30.5, 22.52048, 37.0, 23.760077, 0.0, 1.4E-45, 0.0, 1.4E-45, 0.0, 0.0, 0.0
cbe, 20180808, 	29.1, 22.861107, 34.4, 23.066324, 0.0, 1.4E-45, 0.0, 1.4E-45, 0.0, 0.0, 0.0
cbj, 20180808, 	29.0, 21.436804, 38.1, 23.093742, 0.0, 1.4E-45, 0.0, 1.4E-45, 0.0, 0.0, 0.0
9zg, 20180809, 	28.6, 23.643398, 37.2, 25.546515, 0.0, 1.4E-45, 0.0, 1.4E-45, 0.0, 0.0, 0.0
cbe, 20180809, 	28.9, 20.066662, 34.3, 19.780558, 0.0, 1.4E-45, 0.0, 1.4E-45, 0.0, 0.0, 0.0
cbj, 20180809, 	28.4, -221.42427, 41.2, 23.795488, 0.0, 1.4E-45, 0.0, 1.4E-45, 0.0, 0.0, 0.0
9zg, 20180810, 	29.1, 22.236462, 36.4, 23.393047, 0.0, 1.4E-45, 0.0, 1.4E-45, 0.0, 0.0, 0.0
cbe, 20180810, 	30.5, 21.15, 34.4, 20.349998, 0.0, 1.4E-45, 0.0, 1.4E-45, 0.0, 0.0, 0.0
cbj, 20180810, 	28.2, 20.809029, 40.0, 22.717365, 0.0, 1.4E-45, 0.0, 1.4E-45, 0.0, 0.0, 0.0
9zg, 20180811, 	29.6, 23.202423, 35.6, 24.204865, 0.0, 1.4E-45, 0.0, 1.4E-45, 0.0, 0.0, 0.0
cbe, 20180811, 	32.0, -13.541319, 33.7, 19.943401, 0.0, 1.4E-45, 0.0, 1.4E-45, 0.0, 0.0, 0.0
cbj, 20180811, 	29.3, 21.901735, 37.8, 23.385065, 0.0, 1.4E-45, 0.0, 1.4E-45, 0.0, 0.0, 0.0
9zg, 20180812, 	29.4, 23.4368, 35.3, 24.916668, 0.0, 1.4E-45, 0.0, 1.4E-45, 0.0, 0.0, 0.0
cbe, 20180812, 	34.4, 25.211805, 37.8, 24.774307, 0.0, 1.4E-45, 0.0, 1.4E-45, 0.0, 0.0, 0.0
cbj, 20180812, 	29.1, -47.583332, 40.4, 24.087496, 0.0, 1.4E-45, 0.0, 1.4E-45, 0.0, 0.0, 0.0
9zg, 20180813, 	30.8, 23.284027, 37.3, 24.630562, 0.0, 1.4E-45, 0.0, 1.4E-45, 0.0, 0.0, 0.0
cbe, 20180813, 	30.6, 25.183334, 33.8, 25.142008, 0.0, 1.4E-45, 0.0, 1.4E-45, 0.0, 0.0, 0.0
cbj, 20180813, 	30.4, 23.627775, 40.9, 24.807634, 0.0, 1.4E-45, 0.0, 1.4E-45, 0.0, 0.0, 0.0
9zg, 20180814, 	28.3, 22.67223, 36.9, 23.06702, 0.0, 1.4E-45, 0.0, 1.4E-45, 0.0, 0.0, 0.0
cbe, 20180814, 	23.0, 17.001392, 28.8, 18.532291, 0.0, 1.4E-45, 0.0, 1.4E-45, 0.0, 0.0, 0.0
cbj, 20180814, 	28.0, 22.222223, 38.7, 23.629164, 0.0, 1.4E-45, 0.0, 1.4E-45, 0.0, 0.0, 0.0
9zg, 20180815, 	27.6, 21.076735, 37.6, 23.163885, 0.0, 1.4E-45, 0.0, 1.4E-45, 0.0, 0.0, 0.0
cbe, 20180815, 	26.5, -20.862495, 32.3, 14.643398, 0.0, 1.4E-45, 0.0, 1.4E-45, 0.0, 0.0, 0.0
cbj, 20180815, 	25.0, 19.454178, 37.8, 22.766663, 0.0, 1.4E-45, 0.0, 1.4E-45, 0.0, 0.0, 0.0
9zg, 20180816, 	23.8, 19.588875, 27.9, 20.515608, 0.0, 1.4E-45, 0.0, 1.4E-45, 0.0, 0.0, 0.0
cbe, 20180816, 	29.8, 17.683678, 35.0, 17.350002, 0.0, 1.4E-45, 0.0, 1.4E-45, 0.0, 0.0, 0.0
cbj, 20180816, 	27.0, 19.131233, 40.0, 22.722918, 0.0, 1.4E-45, 0.0, 1.4E-45, 0.0, 0.0, 0.0
9zg, 20180817, 	26.8, 21.306602, 35.9, 22.947235, 0.0, 1.4E-45, 0.0, 1.4E-45, 0.0, 0.0, 0.0
cbe, 20180817, 	26.9, 19.148602, 30.1, 18.751738, 0.0, 1.4E-45, 0.0, 1.4E-45, 0.0, 0.0, 0.0
cbj, 20180817, 	27.6, 18.785406, 36.5, 20.14027, 0.0, 1.4E-45, 0.0, 1.4E-45, 0.0, 0.0, 0.0
9zg, 20180818, 	25.6, 19.88785, 29.7, 20.303469, 0.0, 1.4E-45, 0.0, 1.4E-45, 0.0, 0.0, 0.0
cbe, 20180818, 	28.3, 18.697224, 31.1, 17.910067, 0.0, 1.4E-45, 0.0, 1.4E-45, 0.0, 0.0, 0.0
cbj, 20180818, 	25.2, 18.613544, 35.2, 21.214231, 0.0, 1.4E-45, 0.0, 1.4E-45, 0.0, 0.0, 0.0
9zg, 20180819, 	24.5, 19.797918, 29.8, 20.465292, 0.0, 1.4E-45, 0.0, 1.4E-45, 0.0, 0.0, 0.0
cbe, 20180819, 	24.6, 19.792711, 24.6, 19.443743, 0.0, 1.4E-45, 0.0, 1.4E-45, 0.0, 0.0, 0.0
cbj, 20180819, 	26.6, 20.323603, 36.8, 21.381598, 0.0, 1.4E-45, 0.0, 1.4E-45, 0.0, 0.0, 0.0
9zg, 20180820, 	22.1, 18.802427, 26.4, 20.045134, 0.0, 1.4E-45, 0.0, 1.4E-45, 0.0, 0.0, 0.0
cbe, 20180820, 	23.7, 16.447577, 28.3, 16.533686, 0.0, 1.4E-45, 0.0, 1.4E-45, 0.0, 0.0, 0.0
cbj, 20180820, 	23.8, 19.726736, 29.5, 21.232985, 0.0, 1.4E-45, 0.0, 1.4E-45, 0.0, 0.0, 0.0
9zg, 20180821, 	21.6, 16.67291, 30.5, 18.81563, 0.0, 1.4E-45, 0.0, 1.4E-45, 0.0, 0.0, 0.0
cbe, 20180821, 	23.5, 15.938198, 30.7, 16.539936, 0.0, 1.4E-45, 0.0, 1.4E-45, 0.0, 0.0, 0.0
cbj, 20180821, 	22.2, 17.497917, 35.9, 19.489231, 0.0, 1.4E-45, 0.0, 1.4E-45, 0.0, 0.0, 0.0
9zg, 20180822, 	24.2, 16.537498, 32.5, 17.560072, -416.0, 1.4E-45, 0.0, 1.4E-45, 0.0, 0.0, 0.0
cbe, 20180822, 	28.5, 16.38264, 32.8, 15.405208, 0.0, 1.4E-45, 0.0, 1.4E-45, 0.0, 0.0, 0.0
cbj, 20180822, 	25.1, 16.357292, 38.6, 18.414585, -416.0, 1.4E-45, 0.0, 1.4E-45, 0.0, 0.0, 0.0
9zg, 20180823, 	23.2, 16.823954, 27.8, 17.061798, 0.0, 1.4E-45, 0.0, 1.4E-45, 0.0, 0.0, 0.0
cbe, 20180823, 	28.5, 19.3441, 34.2, 18.926733, 0.0, 1.4E-45, 0.0, 1.4E-45, 0.0, 0.0, 0.0
cbj, 20180823, 	24.9, 16.479164, 37.1, 18.192007, 0.0, 1.4E-45, 0.0, 1.4E-45, 0.0, 0.0, 0.0
9zg, 20180824, 	26.6, 21.472918, 34.6, 23.062504, 0.0, 1.4E-45, 0.0, 1.4E-45, 0.0, 0.0, 0.0
cbe, 20180824, 	24.7, 20.642712, 28.5, 20.822563, 0.0, 1.4E-45, 0.0, 1.4E-45, 0.0, 0.0, 0.0
cbj, 20180824, 	22.1, 19.118752, 28.8, 19.918404, 0.0, 1.4E-45, 0.0, 1.4E-45, 0.0, 0.0, 0.0
9zg, 20180825, 	28.1, 20.878817, 33.6, 21.867012, 0.0, 1.4E-45, 0.0, 1.4E-45, 0.0, 0.0, 0.0
cbe, 20180825, 	26.9, 18.73681, 30.7, 18.753473, 0.0, 1.4E-45, 0.0, 1.4E-45, 0.0, 0.0, 0.0
cbj, 20180825, 	23.5, 17.327427, 34.4, 19.49097, 0.0, 1.4E-45, 0.0, 1.4E-45, 0.0, 0.0, 0.0
9zg, 20180826, 	30.0, 23.494102, 35.4, 24.138891, 0.0, 1.4E-45, 0.0, 1.4E-45, 0.0, 0.0, 0.0
cbe, 20180826, 	23.3, 16.824646, 27.1, 16.792362, 0.0, 1.4E-45, 0.0, 1.4E-45, 0.0, 0.0, 0.0
cbj, 20180826, 	27.2, -50.96107, 37.4, 19.64271, 0.0, 1.4E-45, 0.0, 1.4E-45, 0.0, 0.0, 0.0
9zg, 20180827, 	26.8, 22.755548, 29.3, 22.790274, 0.0, 1.4E-45, 0.0, 1.4E-45, 0.0, 0.0, 0.0
cbe, 20180827, 	21.4, 14.163889, 20.5, 14.454166, 0.0, 1.4E-45, 0.0, 1.4E-45, 0.0, 0.0, 0.0
cbj, 20180827, 	25.3, 21.305555, 32.2, 21.306952, 0.0, 1.4E-45, 0.0, 1.4E-45, 0.0, 0.0, 0.0
9zg, 20180828, 	24.5, 16.560057, 23.9, 17.613188, 0.0, 1.4E-45, 0.0, 1.4E-45, 0.0, 0.0, 0.0
cbe, 20180828, 	16.5, 11.658676, 21.3, 12.629866, 0.0, 1.4E-45, 0.0, 1.4E-45, 0.0, 0.0, 0.0
cbj, 20180828, 	16.2, 14.078826, 21.2, 16.138542, 0.0, 1.4E-45, 0.0, 1.4E-45, 0.0, 0.0, 0.0
9zg, 20180829, 	23.4, -19.98368, 32.0, 16.601736, 0.0, 1.4E-45, 0.0, 1.4E-45, 0.0, 0.0, 0.0
cbe, 20180829, 	22.1, 13.181942, 25.7, 13.245138, 0.0, 1.4E-45, 0.0, 1.4E-45, 0.0, 0.0, 0.0
cbj, 20180829, 	19.8, 13.583331, 32.7, 16.369793, 0.0, 1.4E-45, 0.0, 1.4E-45, 0.0, 0.0, 0.0
9zg, 20180830, 	25.2, 17.419449, 30.6, 18.421179, 0.0, 1.4E-45, 0.0, 1.4E-45, 0.0, 0.0, 0.0
cbe, 20180830, 	26.5, 17.097572, 28.7, 16.55521, 0.0, 1.4E-45, 0.0, 1.4E-45, 0.0, 0.0, 0.0
cbj, 20180830, 	22.9, 14.393749, 32.3, 16.168049, 0.0, 1.4E-45, 0.0, 1.4E-45, 0.0, 0.0, 0.0
9zg, 20180831, 	27.1, 20.84237, 30.9, 21.101746, 0.0, 1.4E-45, 0.0, 1.4E-45, 0.0, 0.0, 0.0
cbe, 20180831, 	23.0, 20.197222, 27.1, 19.808683, 0.0, 1.4E-45, 0.0, 1.4E-45, 0.0, 0.0, 0.0
cbj, 20180831, 	25.3, 20.402779, 28.5, 20.314234, 0.0, 1.4E-45, 0.0, 1.4E-45, 0.0, 0.0, 0.0
