9zj, 20060801, 	36.3, 29.62327, 1.4E-45, -9999.0, 0.0, 1.4E-45, 0.0, 1.4E-45, 0.0, 0.0, 0.0
9zj, 20060802, 	34.7, 29.519463, 1.4E-45, -9999.0, 0.0, 1.4E-45, 0.0, 1.4E-45, 0.0, 0.0, 0.0
9zj, 20060803, 	32.1, 25.143408, 1.4E-45, -9999.0, 0.0, 1.4E-45, 0.0, 1.4E-45, 0.0, 0.0, 0.0
9zj, 20060804, 	29.8, 23.469795, 1.4E-45, -9999.0, 0.0, 1.4E-45, 0.0, 1.4E-45, 0.0, 0.0, 0.0
9zj, 20060805, 	31.6, -392.84418, 1.4E-45, -9999.0, -416.0, 1.4E-45, 0.0, 1.4E-45, 0.0, 0.0, 0.0
9zj, 20060806, 	35.4, 27.837147, 1.4E-45, -9999.0, 0.0, 1.4E-45, 0.0, 1.4E-45, 0.0, 0.0, 0.0
9zj, 20060807, 	31.7, 26.102772, 1.4E-45, -9999.0, 0.0, 1.4E-45, 0.0, 1.4E-45, 0.0, 0.0, 0.0
9zj, 20060808, 	29.1, 24.967697, 1.4E-45, -9999.0, 0.0, 1.4E-45, 0.0, 1.4E-45, 0.0, 0.0, 0.0
9zj, 20060809, 	34.3, 26.275345, 1.4E-45, -9999.0, 0.0, 1.4E-45, 0.0, 1.4E-45, 0.0, 0.0, 0.0
9zj, 20060810, 	33.0, 27.12569, 1.4E-45, -9999.0, 0.0, 1.4E-45, 0.0, 1.4E-45, 0.0, 0.0, 0.0
9zj, 20060811, 	27.9, 24.077074, 1.4E-45, -9999.0, 0.0, 1.4E-45, 0.0, 1.4E-45, 0.0, 0.0, 0.0
9zj, 20060812, 	29.3, 22.50972, 1.4E-45, -9999.0, 0.0, 1.4E-45, 0.0, 1.4E-45, 0.0, 0.0, 0.0
9zj, 20060813, 	35.4, 26.178814, 1.4E-45, -9999.0, 0.0, 1.4E-45, 0.0, 1.4E-45, 0.0, 0.0, 0.0
9zj, 20060814, 	25.9, 22.451742, 1.4E-45, -9999.0, 0.0, 1.4E-45, 0.0, 1.4E-45, 0.0, 0.0, 0.0
9zj, 20060815, 	28.2, 21.129162, 1.4E-45, -9999.0, 0.0, 1.4E-45, 0.0, 1.4E-45, 0.0, 0.0, 0.0
9zj, 20060816, 	29.5, 22.672556, 1.4E-45, -9999.0, 0.0, 1.4E-45, 0.0, 1.4E-45, 0.0, 0.0, 0.0
9zj, 20060817, 	29.5, 24.198954, 1.4E-45, -9999.0, 0.0, 1.4E-45, 0.0, 1.4E-45, 0.0, 0.0, 0.0
9zj, 20060818, 	27.7, 24.719442, 1.4E-45, -9999.0, 0.0, 1.4E-45, 0.0, 1.4E-45, 0.0, 0.0, 0.0
9zj, 20060819, 	25.9, 23.225357, 1.4E-45, -9999.0, 0.0, 1.4E-45, 0.0, 1.4E-45, 0.0, 0.0, 0.0
9zj, 20060820, 	27.1, 21.197914, 1.4E-45, -9999.0, 0.0, 1.4E-45, 0.0, 1.4E-45, 0.0, 0.0, 0.0
9zj, 20060821, 	28.1, 22.039925, 1.4E-45, -9999.0, 0.0, 1.4E-45, 0.0, 1.4E-45, 0.0, 0.0, 0.0
9zj, 20060822, 	29.2, 22.986807, 1.4E-45, -9999.0, 0.0, 1.4E-45, 0.0, 1.4E-45, 0.0, 0.0, 0.0
9zj, 20060823, 	31.7, 23.922222, 1.4E-45, -9999.0, 0.0, 1.4E-45, 0.0, 1.4E-45, 0.0, 0.0, 0.0
9zj, 20060824, 	31.3, 24.658682, 1.4E-45, -9999.0, 0.0, 1.4E-45, 0.0, 1.4E-45, 0.0, 0.0, 0.0
9zj, 20060825, 	31.4, 25.55938, 1.4E-45, -9999.0, 0.0, 1.4E-45, 0.0, 1.4E-45, 0.0, 0.0, 0.0
9zj, 20060826, 	28.0, 23.823954, 1.4E-45, -9999.0, 0.0, 1.4E-45, 0.0, 1.4E-45, 0.0, 0.0, 0.0
9zj, 20060827, 	26.2, 22.820486, 1.4E-45, -9999.0, 0.0, 1.4E-45, 0.0, 1.4E-45, 0.0, 0.0, 0.0
9zj, 20060828, 	23.9, 22.075695, 1.4E-45, -9999.0, 0.0, 1.4E-45, 0.0, 1.4E-45, 0.0, 0.0, 0.0
9zj, 20060829, 	25.7, 18.773956, 1.4E-45, -9999.0, 0.0, 1.4E-45, 0.0, 1.4E-45, 0.0, 0.0, 0.0
9zj, 20060830, 	25.4, 19.474648, 1.4E-45, -9999.0, 0.0, 1.4E-45, 0.0, 1.4E-45, 0.0, 0.0, 0.0
9zj, 20060831, 	25.5, 19.636814, 1.4E-45, -9999.0, 0.0, 1.4E-45, 0.0, 1.4E-45, 0.0, 0.0, 0.0
9yw, 20070801, 	33.1, 23.428825, 1.4E-45, -9999.0, 0.0, 1.4E-45, 0.0, 1.4E-45, 0.0, 0.0, 0.0
9zj, 20070801, 	32.5, 25.153122, 1.4E-45, -9999.0, 0.0, 1.4E-45, 0.0, 1.4E-45, 0.0, 0.0, 0.0
9yw, 20070802, 	34.2, 25.084715, 1.4E-45, -9999.0, 0.0, 1.4E-45, 0.0, 1.4E-45, 0.0, 0.0, 0.0
9zj, 20070802, 	30.9, 25.126734, 1.4E-45, -9999.0, 0.0, 1.4E-45, 0.0, 1.4E-45, 0.0, 0.0, 0.0
9yw, 20070803, 	34.6, 26.147572, 1.4E-45, -9999.0, 0.0, 1.4E-45, 0.0, 1.4E-45, 0.0, 0.0, 0.0
9zj, 20070803, 	32.6, 25.887146, 1.4E-45, -9999.0, 0.0, 1.4E-45, 0.0, 1.4E-45, 0.0, 0.0, 0.0
9yw, 20070804, 	35.6, 26.810417, 1.4E-45, -9999.0, 0.0, 1.4E-45, 0.0, 1.4E-45, 0.0, 0.0, 0.0
9zj, 20070804, 	33.9, 26.603817, 1.4E-45, -9999.0, 0.0, 1.4E-45, 0.0, 1.4E-45, 0.0, 0.0, 0.0
9yw, 20070805, 	35.1, 27.13993, 1.4E-45, -9999.0, 0.0, 1.4E-45, 0.0, 1.4E-45, 0.0, 0.0, 0.0
9zj, 20070805, 	35.0, 28.544085, 1.4E-45, -9999.0, 0.0, 1.4E-45, 0.0, 1.4E-45, 0.0, 0.0, 0.0
9yw, 20070806, 	36.4, 27.768051, 1.4E-45, -9999.0, 0.0, 1.4E-45, 0.0, 1.4E-45, 0.0, 0.0, 0.0
9zj, 20070806, 	34.6, 28.734018, 1.4E-45, -9999.0, 0.0, 1.4E-45, 0.0, 1.4E-45, 0.0, 0.0, 0.0
9yw, 20070807, 	36.7, 28.901405, 1.4E-45, -9999.0, 0.0, 1.4E-45, 0.0, 1.4E-45, 0.0, 0.0, 0.0
9zj, 20070807, 	35.8, 29.786797, 1.4E-45, -9999.0, 0.0, 1.4E-45, 0.0, 1.4E-45, 0.0, 0.0, 0.0
9yw, 20070808, 	36.8, 28.375692, 1.4E-45, -9999.0, 0.0, 1.4E-45, 0.0, 1.4E-45, 0.0, 0.0, 0.0
9zj, 20070808, 	33.9, 25.889244, 1.4E-45, -9999.0, 0.0, 1.4E-45, 0.0, 1.4E-45, 0.0, 0.0, 0.0
9yw, 20070809, 	37.3, 28.92118, 1.4E-45, -9999.0, 0.0, 1.4E-45, 0.0, 1.4E-45, 0.0, 0.0, 0.0
9zj, 20070809, 	32.6, 25.514935, 1.4E-45, -9999.0, 0.0, 1.4E-45, 0.0, 1.4E-45, 0.0, 0.0, 0.0
9yw, 20070810, 	37.8, 25.955894, 1.4E-45, -9999.0, 0.0, 1.4E-45, 0.0, 1.4E-45, 0.0, 0.0, 0.0
9zj, 20070810, 	33.1, 26.803122, 1.4E-45, -9999.0, 0.0, 1.4E-45, 0.0, 1.4E-45, 0.0, 0.0, 0.0
9yw, 20070811, 	38.7, 26.915625, 1.4E-45, -9999.0, 0.0, 1.4E-45, 0.0, 1.4E-45, 0.0, 0.0, 0.0
9zj, 20070811, 	34.8, 28.16076, 1.4E-45, -9999.0, 0.0, 1.4E-45, 0.0, 1.4E-45, 0.0, 0.0, 0.0
9yw, 20070812, 	39.8, 29.251732, 1.4E-45, -9999.0, 0.0, 1.4E-45, 0.0, 1.4E-45, 0.0, 0.0, 0.0
9zj, 20070812, 	36.4, 28.835772, 1.4E-45, -9999.0, 0.0, 1.4E-45, 0.0, 1.4E-45, 0.0, 0.0, 0.0
9yw, 20070813, 	36.9, 28.10591, 1.4E-45, -9999.0, 0.0, 1.4E-45, 0.0, 1.4E-45, 0.0, 0.0, 0.0
9zj, 20070813, 	33.6, 25.77118, 1.4E-45, -9999.0, 0.0, 1.4E-45, 0.0, 1.4E-45, 0.0, 0.0, 0.0
9yw, 20070814, 	39.2, 27.200003, 1.4E-45, -9999.0, 0.0, 1.4E-45, 0.0, 1.4E-45, 0.0, 0.0, 0.0
9zj, 20070814, 	36.4, 28.866312, 1.4E-45, -9999.0, 0.0, 1.4E-45, 0.0, 1.4E-45, 0.0, 0.0, 0.0
9yw, 20070815, 	40.4, 29.816319, 1.4E-45, -9999.0, 0.0, 1.4E-45, 0.0, 1.4E-45, 0.0, 0.0, 0.0
9zj, 20070815, 	37.7, 29.969805, 1.4E-45, -9999.0, 0.0, 1.4E-45, 0.0, 1.4E-45, 0.0, 0.0, 0.0
9yw, 20070816, 	36.8, 27.337147, 1.4E-45, -9999.0, 0.0, 1.4E-45, 0.0, 1.4E-45, 0.0, 0.0, 0.0
9zj, 20070816, 	33.5, 27.370829, 1.4E-45, -9999.0, 0.0, 1.4E-45, 0.0, 1.4E-45, 0.0, 0.0, 0.0
9yw, 20070817, 	35.5, 26.694443, 1.4E-45, -9999.0, 0.0, 1.4E-45, 0.0, 1.4E-45, 0.0, 0.0, 0.0
9zj, 20070817, 	29.6, 24.554863, 1.4E-45, -9999.0, 0.0, 1.4E-45, 0.0, 1.4E-45, 0.0, 0.0, 0.0
9yw, 20070818, 	33.9, 25.372917, 1.4E-45, -9999.0, 0.0, 1.4E-45, 0.0, 1.4E-45, 0.0, 0.0, 0.0
9zj, 20070818, 	33.7, 26.401392, 1.4E-45, -9999.0, 0.0, 1.4E-45, 0.0, 1.4E-45, 0.0, 0.0, 0.0
9yw, 20070819, 	30.6, 25.134716, 1.4E-45, -9999.0, 0.0, 1.4E-45, 0.0, 1.4E-45, 0.0, 0.0, 0.0
9zj, 20070819, 	29.3, 25.29409, 1.4E-45, -9999.0, 0.0, 1.4E-45, 0.0, 1.4E-45, 0.0, 0.0, 0.0
9yw, 20070820, 	25.7, 23.439934, 1.4E-45, -9999.0, 0.0, 1.4E-45, 0.0, 1.4E-45, 0.0, 0.0, 0.0
9zj, 20070820, 	29.4, 24.2309, 1.4E-45, -9999.0, 0.0, 1.4E-45, 0.0, 1.4E-45, 0.0, 0.0, 0.0
9yw, 20070821, 	32.0, 25.786114, 1.4E-45, -9999.0, 0.0, 1.4E-45, 0.0, 1.4E-45, 0.0, 0.0, 0.0
9zj, 20070821, 	32.9, 27.115627, 1.4E-45, -9999.0, 0.0, 1.4E-45, 0.0, 1.4E-45, 0.0, 0.0, 0.0
9yw, 20070822, 	34.2, 26.169792, 1.4E-45, -9999.0, 0.0, 1.4E-45, 0.0, 1.4E-45, 0.0, 0.0, 0.0
9zj, 20070822, 	33.9, 27.061811, 1.4E-45, -9999.0, 0.0, 1.4E-45, 0.0, 1.4E-45, 0.0, 0.0, 0.0
9yw, 20070823, 	34.3, 26.289577, 1.4E-45, -9999.0, 0.0, 1.4E-45, 0.0, 1.4E-45, 0.0, 0.0, 0.0
9zj, 20070823, 	33.2, 26.338886, 1.4E-45, -9999.0, 0.0, 1.4E-45, 0.0, 1.4E-45, 0.0, 0.0, 0.0
9yw, 20070824, 	33.1, 25.171175, 1.4E-45, -9999.0, 0.0, 1.4E-45, 0.0, 1.4E-45, 0.0, 0.0, 0.0
9zj, 20070824, 	30.7, 24.1007, 1.4E-45, -9999.0, 0.0, 1.4E-45, 0.0, 1.4E-45, 0.0, 0.0, 0.0
9yw, 20070825, 	26.7, 22.625343, 1.4E-45, -9999.0, 0.0, 1.4E-45, 0.0, 1.4E-45, 0.0, 0.0, 0.0
9zj, 20070825, 	26.6, 22.53404, 1.4E-45, -9999.0, 0.0, 1.4E-45, 0.0, 1.4E-45, 0.0, 0.0, 0.0
9yw, 20070826, 	29.2, 21.717356, 1.4E-45, -9999.0, 0.0, 1.4E-45, 0.0, 1.4E-45, 0.0, 0.0, 0.0
9zj, 20070826, 	28.3, 21.149994, 1.4E-45, -9999.0, 0.0, 1.4E-45, 0.0, 1.4E-45, 0.0, 0.0, 0.0
9yw, 20070827, 	32.6, 23.184729, 1.4E-45, -9999.0, 0.0, 1.4E-45, 0.0, 1.4E-45, 0.0, 0.0, 0.0
9zj, 20070827, 	32.5, 25.422913, 1.4E-45, -9999.0, 0.0, 1.4E-45, 0.0, 1.4E-45, 0.0, 0.0, 0.0
9yw, 20070828, 	33.1, 24.403475, 1.4E-45, -9999.0, 0.0, 1.4E-45, 0.0, 1.4E-45, 0.0, 0.0, 0.0
9zj, 20070828, 	32.7, 26.563189, 1.4E-45, -9999.0, 0.0, 1.4E-45, 0.0, 1.4E-45, 0.0, 0.0, 0.0
9yw, 20070829, 	32.4, 24.290977, 1.4E-45, -9999.0, 0.0, 1.4E-45, 0.0, 1.4E-45, 0.0, 0.0, 0.0
9zj, 20070829, 	29.3, 23.706945, 1.4E-45, -9999.0, 0.0, 1.4E-45, 0.0, 1.4E-45, 0.0, 0.0, 0.0
9yw, 20070830, 	28.4, 23.927774, 1.4E-45, -9999.0, 0.0, 1.4E-45, 0.0, 1.4E-45, 0.0, 0.0, 0.0
9zj, 20070830, 	26.8, 22.46493, 1.4E-45, -9999.0, 0.0, 1.4E-45, 0.0, 1.4E-45, 0.0, 0.0, 0.0
9yw, 20070831, 	27.7, 19.932634, 1.4E-45, -9999.0, 0.0, 1.4E-45, 0.0, 1.4E-45, 0.0, 0.0, 0.0
9zj, 20070831, 	26.8, 19.97083, 1.4E-45, -9999.0, 0.0, 1.4E-45, 0.0, 1.4E-45, 0.0, 0.0, 0.0
9yw, 20080801, 	33.1, 25.615622, 1.4E-45, -9999.0, 0.0, 1.4E-45, 0.0, 1.4E-45, 0.0, 0.0, 0.0
9zj, 20080801, 	29.8, 24.659721, 1.4E-45, -9999.0, 0.0, 1.4E-45, 0.0, 1.4E-45, 0.0, 0.0, 0.0
9yw, 20080802, 	32.5, 26.820145, 1.4E-45, -9999.0, 0.0, 1.4E-45, 0.0, 1.4E-45, 0.0, 0.0, 0.0
9zj, 20080802, 	29.1, 24.834028, 1.4E-45, -9999.0, 0.0, 1.4E-45, 0.0, 1.4E-45, 0.0, 0.0, 0.0
9yw, 20080803, 	33.8, 27.18264, 1.4E-45, -9999.0, 0.0, 1.4E-45, 0.0, 1.4E-45, 0.0, 0.0, 0.0
9zj, 20080803, 	33.3, 26.66285, 1.4E-45, -9999.0, 0.0, 1.4E-45, 0.0, 1.4E-45, 0.0, 0.0, 0.0
9yw, 20080804, 	34.6, 28.34584, 1.4E-45, -9999.0, 0.0, 1.4E-45, 0.0, 1.4E-45, 0.0, 0.0, 0.0
9zj, 20080804, 	33.6, 28.419447, 1.4E-45, -9999.0, 0.0, 1.4E-45, 0.0, 1.4E-45, 0.0, 0.0, 0.0
9yw, 20080805, 	35.4, 28.168404, 1.4E-45, -9999.0, 0.0, 1.4E-45, 0.0, 1.4E-45, 0.0, 0.0, 0.0
9zj, 20080805, 	31.3, 27.698614, 1.4E-45, -9999.0, 0.0, 1.4E-45, 0.0, 1.4E-45, 0.0, 0.0, 0.0
9yw, 20080806, 	31.3, 23.945488, 1.4E-45, -9999.0, 0.0, 1.4E-45, 0.0, 1.4E-45, 0.0, 0.0, 0.0
9zj, 20080806, 	28.0, 23.483341, 1.4E-45, -9999.0, 0.0, 1.4E-45, 0.0, 1.4E-45, 0.0, 0.0, 0.0
9yw, 20080807, 	27.5, 23.477432, 1.4E-45, -9999.0, 0.0, 1.4E-45, 0.0, 1.4E-45, 0.0, 0.0, 0.0
9zj, 20080807, 	28.9, 22.665962, 1.4E-45, -9999.0, 0.0, 1.4E-45, 0.0, 1.4E-45, 0.0, 0.0, 0.0
9yw, 20080808, 	26.3, 21.197922, 1.4E-45, -9999.0, 0.0, 1.4E-45, 0.0, 1.4E-45, 0.0, 0.0, 0.0
9zj, 20080808, 	27.3, 21.560408, 1.4E-45, -9999.0, 0.0, 1.4E-45, 0.0, 1.4E-45, 0.0, 0.0, 0.0
9yw, 20080809, 	25.9, 19.018742, 1.4E-45, -9999.0, 0.0, 1.4E-45, 0.0, 1.4E-45, 0.0, 0.0, 0.0
9zj, 20080809, 	26.8, 21.229513, 1.4E-45, -9999.0, 0.0, 1.4E-45, 0.0, 1.4E-45, 0.0, 0.0, 0.0
9yw, 20080810, 	28.2, -117.95661, 1.4E-45, -9999.0, 0.0, 1.4E-45, 0.0, 1.4E-45, 0.0, 0.0, 0.0
9zj, 20080810, 	27.6, 21.489933, 1.4E-45, -9999.0, 0.0, 1.4E-45, 0.0, 1.4E-45, 0.0, 0.0, 0.0
9yw, 20080811, 	27.0, 21.417006, 1.4E-45, -9999.0, 0.0, 1.4E-45, 0.0, 1.4E-45, 0.0, 0.0, 0.0
9zj, 20080811, 	26.2, 20.345835, 1.4E-45, -9999.0, 0.0, 1.4E-45, 0.0, 1.4E-45, 0.0, 0.0, 0.0
9yw, 20080812, 	27.4, 20.16702, 1.4E-45, -9999.0, 0.0, 1.4E-45, 0.0, 1.4E-45, 0.0, 0.0, 0.0
9zj, 20080812, 	24.8, 20.312508, 1.4E-45, -9999.0, 0.0, 1.4E-45, 0.0, 1.4E-45, 0.0, 0.0, 0.0
9yw, 20080813, 	27.1, 21.435427, 1.4E-45, -9999.0, 0.0, 1.4E-45, 0.0, 1.4E-45, 0.0, 0.0, 0.0
9zj, 20080813, 	27.9, -13.896191, 1.4E-45, -9999.0, 0.0, 1.4E-45, 0.0, 1.4E-45, 0.0, 0.0, 0.0
9yw, 20080814, 	28.0, 19.595139, 1.4E-45, -9999.0, 0.0, 1.4E-45, 0.0, 1.4E-45, 0.0, 0.0, 0.0
9zj, 20080814, 	25.0, 19.458334, 1.4E-45, -9999.0, 0.0, 1.4E-45, 0.0, 1.4E-45, 0.0, 0.0, 0.0
9yw, 20080815, 	25.5, 19.937845, 1.4E-45, -9999.0, 0.0, 1.4E-45, 0.0, 1.4E-45, 0.0, 0.0, 0.0
9zj, 20080815, 	24.6, 19.689928, 1.4E-45, -9999.0, 0.0, 1.4E-45, 0.0, 1.4E-45, 0.0, 0.0, 0.0
9yw, 20080816, 	26.2, 20.145147, 1.4E-45, -9999.0, 0.0, 1.4E-45, 0.0, 1.4E-45, 0.0, 0.0, 0.0
9zj, 20080816, 	25.8, 19.890282, 1.4E-45, -9999.0, 0.0, 1.4E-45, 0.0, 1.4E-45, 0.0, 0.0, 0.0
9yw, 20080817, 	27.6, 17.859032, 1.4E-45, -9999.0, 0.0, 1.4E-45, 0.0, 1.4E-45, 0.0, 0.0, 0.0
9zj, 20080817, 	25.9, 19.421532, 1.4E-45, -9999.0, 0.0, 1.4E-45, 0.0, 1.4E-45, 0.0, 0.0, 0.0
9yw, 20080818, 	27.9, 18.566319, 1.4E-45, -9999.0, 0.0, 1.4E-45, 0.0, 1.4E-45, 0.0, 0.0, 0.0
9zj, 20080818, 	27.6, 20.397566, 1.4E-45, -9999.0, 0.0, 1.4E-45, 0.0, 1.4E-45, 0.0, 0.0, 0.0
9yw, 20080819, 	27.4, 18.824299, 1.4E-45, -9999.0, 0.0, 1.4E-45, 0.0, 1.4E-45, 0.0, 0.0, 0.0
9zj, 20080819, 	27.7, 21.068398, 1.4E-45, -9999.0, 0.0, 1.4E-45, 0.0, 1.4E-45, 0.0, 0.0, 0.0
9yw, 20080820, 	23.3, 19.817022, 1.4E-45, -9999.0, 0.0, 1.4E-45, 0.0, 1.4E-45, 0.0, 0.0, 0.0
9zj, 20080820, 	25.8, 20.93159, 1.4E-45, -9999.0, 0.0, 1.4E-45, 0.0, 1.4E-45, 0.0, 0.0, 0.0
9yw, 20080821, 	25.0, 20.543386, 1.4E-45, -9999.0, 0.0, 1.4E-45, 0.0, 1.4E-45, 0.0, 0.0, 0.0
9zj, 20080821, 	26.0, 21.220482, 1.4E-45, -9999.0, 0.0, 1.4E-45, 0.0, 1.4E-45, 0.0, 0.0, 0.0
9yw, 20080822, 	29.2, 23.892008, 1.4E-45, -9999.0, 0.0, 1.4E-45, 0.0, 1.4E-45, 0.0, 0.0, 0.0
9zj, 20080822, 	29.0, 23.679504, 1.4E-45, -9999.0, 0.0, 1.4E-45, 0.0, 1.4E-45, 0.0, 0.0, 0.0
9yw, 20080823, 	30.8, 25.103813, 1.4E-45, -9999.0, 0.0, 1.4E-45, 0.0, 1.4E-45, 0.0, 0.0, 0.0
9zj, 20080823, 	27.8, 24.05035, 1.4E-45, -9999.0, 0.0, 1.4E-45, 0.0, 1.4E-45, 0.0, 0.0, 0.0
9yw, 20080824, 	28.2, 23.374996, 1.4E-45, -9999.0, 0.0, 1.4E-45, 0.0, 1.4E-45, 0.0, 0.0, 0.0
9zj, 20080824, 	24.9, 20.13923, 1.4E-45, -9999.0, 0.0, 1.4E-45, 0.0, 1.4E-45, 0.0, 0.0, 0.0
9yw, 20080825, 	26.0, 20.293747, 1.4E-45, -9999.0, 0.0, 1.4E-45, 0.0, 1.4E-45, 0.0, 0.0, 0.0
9zj, 20080825, 	24.8, 18.74202, 1.4E-45, -9999.0, 0.0, 1.4E-45, 0.0, 1.4E-45, 0.0, 0.0, 0.0
9yw, 20080826, 	28.3, 20.129517, 1.4E-45, -9999.0, 0.0, 1.4E-45, 0.0, 1.4E-45, 0.0, 0.0, 0.0
9zj, 20080826, 	25.4, 18.688189, 1.4E-45, -9999.0, 0.0, 1.4E-45, 0.0, 1.4E-45, 0.0, 0.0, 0.0
9yw, 20080827, 	29.4, -83.280876, 1.4E-45, -9999.0, 0.0, 1.4E-45, 0.0, 1.4E-45, 0.0, 0.0, 0.0
9zj, 20080827, 	28.1, 21.268755, 1.4E-45, -9999.0, 0.0, 1.4E-45, 0.0, 1.4E-45, 0.0, 0.0, 0.0
9yw, 20080828, 	33.5, 22.689234, 1.4E-45, -9999.0, 0.0, 1.4E-45, 0.0, 1.4E-45, 0.0, 0.0, 0.0
9zj, 20080828, 	30.9, 24.060768, 1.4E-45, -9999.0, 0.0, 1.4E-45, 0.0, 1.4E-45, 0.0, 0.0, 0.0
9yw, 20080829, 	28.3, 22.203474, 1.4E-45, -9999.0, 0.0, 1.4E-45, 0.0, 1.4E-45, 0.0, 0.0, 0.0
9zj, 20080829, 	26.6, 21.077787, 1.4E-45, -9999.0, 0.0, 1.4E-45, 0.0, 1.4E-45, 0.0, 0.0, 0.0
9yw, 20080830, 	28.1, 20.39757, 1.4E-45, -9999.0, 0.0, 1.4E-45, 0.0, 1.4E-45, 0.0, 0.0, 0.0
9zj, 20080830, 	28.0, 19.906593, 1.4E-45, -9999.0, 0.0, 1.4E-45, 0.0, 1.4E-45, 0.0, 0.0, 0.0
9yw, 20080831, 	30.5, 20.471184, 1.4E-45, -9999.0, 0.0, 1.4E-45, 0.0, 1.4E-45, 0.0, 0.0, 0.0
9zj, 20080831, 	28.1, 21.470144, 1.4E-45, -9999.0, 0.0, 1.4E-45, 0.0, 1.4E-45, 0.0, 0.0, 0.0
9yw, 20090801, 	26.2, 18.992363, 1.4E-45, -9999.0, 0.0, 1.4E-45, 0.0, 1.4E-45, 0.0, 0.0, 0.0
9zj, 20090801, 	24.9, 19.663887, 1.4E-45, -9999.0, 0.0, 1.4E-45, 0.0, 1.4E-45, 0.0, 0.0, 0.0
9yw, 20090802, 	26.3, -15.435059, 1.4E-45, -9999.0, 0.0, 1.4E-45, 0.0, 1.4E-45, 0.0, 0.0, 0.0
9zj, 20090802, 	26.2, 19.190632, 1.4E-45, -9999.0, 0.0, 1.4E-45, 0.0, 1.4E-45, 0.0, 0.0, 0.0
9yw, 20090803, 	32.4, 22.781603, 1.4E-45, -9999.0, 0.0, 1.4E-45, 0.0, 1.4E-45, 0.0, 0.0, 0.0
9zj, 20090803, 	31.4, 22.470146, 1.4E-45, -9999.0, 0.0, 1.4E-45, 0.0, 1.4E-45, 0.0, 0.0, 0.0
9yw, 20090804, 	30.5, 26.053476, 1.4E-45, -9999.0, 0.0, 1.4E-45, 0.0, 1.4E-45, 0.0, 0.0, 0.0
9zj, 20090804, 	30.4, 24.677082, 1.4E-45, -9999.0, 0.0, 1.4E-45, 0.0, 1.4E-45, 0.0, 0.0, 0.0
9yw, 20090805, 	30.4, 23.986805, 1.4E-45, -9999.0, 0.0, 1.4E-45, 0.0, 1.4E-45, 0.0, 0.0, 0.0
9zj, 20090805, 	27.2, 22.082644, 1.4E-45, -9999.0, 0.0, 1.4E-45, 0.0, 1.4E-45, 0.0, 0.0, 0.0
9yw, 20090806, 	29.8, 23.326042, 1.4E-45, -9999.0, 0.0, 1.4E-45, 0.0, 1.4E-45, 0.0, 0.0, 0.0
9zj, 20090806, 	26.6, 20.083683, 1.4E-45, -9999.0, 0.0, 1.4E-45, 0.0, 1.4E-45, 0.0, 0.0, 0.0
9yw, 20090807, 	30.3, 24.211456, 1.4E-45, -9999.0, 0.0, 1.4E-45, 0.0, 1.4E-45, 0.0, 0.0, 0.0
9zj, 20090807, 	29.9, 23.348269, 1.4E-45, -9999.0, 0.0, 1.4E-45, 0.0, 1.4E-45, 0.0, 0.0, 0.0
9yw, 20090808, 	33.1, 26.912851, 1.4E-45, -9999.0, 0.0, 1.4E-45, 0.0, 1.4E-45, 0.0, 0.0, 0.0
9zj, 20090808, 	32.3, 27.281607, 1.4E-45, -9999.0, 0.0, 1.4E-45, 0.0, 1.4E-45, 0.0, 0.0, 0.0
9yw, 20090809, 	33.0, 27.021173, 1.4E-45, -9999.0, 0.0, 1.4E-45, 0.0, 1.4E-45, 0.0, 0.0, 0.0
9zj, 20090809, 	32.4, 27.667366, 1.4E-45, -9999.0, 0.0, 1.4E-45, 0.0, 1.4E-45, 0.0, 0.0, 0.0
9yw, 20090810, 	27.9, 23.100687, 1.4E-45, -9999.0, 0.0, 1.4E-45, 0.0, 1.4E-45, 0.0, 0.0, 0.0
9zj, 20090810, 	30.4, 23.097916, 1.4E-45, -9999.0, 0.0, 1.4E-45, 0.0, 1.4E-45, 0.0, 0.0, 0.0
9yw, 20090811, 	29.3, 21.909718, 1.4E-45, -9999.0, 0.0, 1.4E-45, 0.0, 1.4E-45, 0.0, 0.0, 0.0
9zj, 20090811, 	28.3, 23.436115, 1.4E-45, -9999.0, 0.0, 1.4E-45, 0.0, 1.4E-45, 0.0, 0.0, 0.0
9yw, 20090812, 	30.1, 21.50243, 1.4E-45, -9999.0, 0.0, 1.4E-45, 0.0, 1.4E-45, 0.0, 0.0, 0.0
9zj, 20090812, 	28.5, 22.675337, 1.4E-45, -9999.0, 0.0, 1.4E-45, 0.0, 1.4E-45, 0.0, 0.0, 0.0
9yw, 20090813, 	29.9, 21.255562, 1.4E-45, -9999.0, 0.0, 1.4E-45, 0.0, 1.4E-45, 0.0, 0.0, 0.0
9zj, 20090813, 	30.1, 24.546532, 1.4E-45, -9999.0, 0.0, 1.4E-45, 0.0, 1.4E-45, 0.0, 0.0, 0.0
9yw, 20090814, 	30.3, 21.527779, 1.4E-45, -9999.0, 0.0, 1.4E-45, 0.0, 1.4E-45, 0.0, 0.0, 0.0
9zj, 20090814, 	30.0, 24.622576, 1.4E-45, -9999.0, 0.0, 1.4E-45, 0.0, 1.4E-45, 0.0, 0.0, 0.0
9yw, 20090815, 	31.6, 21.660069, 1.4E-45, -9999.0, 0.0, 1.4E-45, 0.0, 1.4E-45, 0.0, 0.0, 0.0
9zj, 20090815, 	29.5, 23.397566, 1.4E-45, -9999.0, 0.0, 1.4E-45, 0.0, 1.4E-45, 0.0, 0.0, 0.0
9yw, 20090816, 	33.7, 25.795847, 1.4E-45, -9999.0, 0.0, 1.4E-45, 0.0, 1.4E-45, 0.0, 0.0, 0.0
9zj, 20090816, 	26.8, 23.36527, 1.4E-45, -9999.0, 0.0, 1.4E-45, 0.0, 1.4E-45, 0.0, 0.0, 0.0
9yw, 20090817, 	31.5, 24.637144, 1.4E-45, -9999.0, 0.0, 1.4E-45, 0.0, 1.4E-45, 0.0, 0.0, 0.0
9zj, 20090817, 	24.7, 21.23611, 1.4E-45, -9999.0, 0.0, 1.4E-45, 0.0, 1.4E-45, 0.0, 0.0, 0.0
9yw, 20090818, 	26.6, 21.278824, 1.4E-45, -9999.0, 0.0, 1.4E-45, 0.0, 1.4E-45, 0.0, 0.0, 0.0
9zj, 20090818, 	25.2, 20.86528, 1.4E-45, -9999.0, 0.0, 1.4E-45, 0.0, 1.4E-45, 0.0, 0.0, 0.0
9yw, 20090819, 	30.2, 24.034029, 1.4E-45, -9999.0, 0.0, 1.4E-45, 0.0, 1.4E-45, 0.0, 0.0, 0.0
9zj, 20090819, 	26.6, 21.33472, 1.4E-45, -9999.0, 0.0, 1.4E-45, 0.0, 1.4E-45, 0.0, 0.0, 0.0
9yw, 20090820, 	25.5, 20.402431, 1.4E-45, -9999.0, 0.0, 1.4E-45, 0.0, 1.4E-45, 0.0, 0.0, 0.0
9zj, 20090820, 	23.9, 20.101395, 1.4E-45, -9999.0, 0.0, 1.4E-45, 0.0, 1.4E-45, 0.0, 0.0, 0.0
9yw, 20090821, 	25.4, 19.66493, 1.4E-45, -9999.0, 0.0, 1.4E-45, 0.0, 1.4E-45, 0.0, 0.0, 0.0
9zj, 20090821, 	22.8, 18.311115, 1.4E-45, -9999.0, 0.0, 1.4E-45, 0.0, 1.4E-45, 0.0, 0.0, 0.0
9yw, 20090822, 	23.6, 18.6368, 1.4E-45, -9999.0, 0.0, 1.4E-45, 0.0, 1.4E-45, 0.0, 0.0, 0.0
9zj, 20090822, 	23.4, 17.52709, 1.4E-45, -9999.0, 0.0, 1.4E-45, 0.0, 1.4E-45, 0.0, 0.0, 0.0
9yw, 20090823, 	24.8, 16.435074, 1.4E-45, -9999.0, 0.0, 1.4E-45, 0.0, 1.4E-45, 0.0, 0.0, 0.0
9zj, 20090823, 	24.3, 17.578484, 1.4E-45, -9999.0, 0.0, 1.4E-45, 0.0, 1.4E-45, 0.0, 0.0, 0.0
9yw, 20090824, 	26.3, 17.96875, 1.4E-45, -9999.0, 0.0, 1.4E-45, 0.0, 1.4E-45, 0.0, 0.0, 0.0
9zj, 20090824, 	25.9, 19.447222, 1.4E-45, -9999.0, 0.0, 1.4E-45, 0.0, 1.4E-45, 0.0, 0.0, 0.0
9yw, 20090825, 	27.9, -15.915287, 1.4E-45, -9999.0, 0.0, 1.4E-45, 0.0, 1.4E-45, 0.0, 0.0, 0.0
9zj, 20090825, 	28.7, 21.393057, 1.4E-45, -9999.0, 0.0, 1.4E-45, 0.0, 1.4E-45, 0.0, 0.0, 0.0
9yw, 20090826, 	29.6, 21.096182, 1.4E-45, -9999.0, 0.0, 1.4E-45, 0.0, 1.4E-45, 0.0, 0.0, 0.0
9zj, 20090826, 	27.3, 22.824306, 1.4E-45, -9999.0, 0.0, 1.4E-45, 0.0, 1.4E-45, 0.0, 0.0, 0.0
9yw, 20090827, 	29.3, 21.796185, 1.4E-45, -9999.0, 0.0, 1.4E-45, 0.0, 1.4E-45, 0.0, 0.0, 0.0
9zj, 20090827, 	25.5, 21.894787, 1.4E-45, -9999.0, 0.0, 1.4E-45, 0.0, 1.4E-45, 0.0, 0.0, 0.0
9yw, 20090828, 	24.7, 20.875694, 1.4E-45, -9999.0, 0.0, 1.4E-45, 0.0, 1.4E-45, 0.0, 0.0, 0.0
9zj, 20090828, 	22.7, 19.298277, 1.4E-45, -9999.0, 0.0, 1.4E-45, 0.0, 1.4E-45, 0.0, 0.0, 0.0
9yw, 20090829, 	26.5, 20.285421, 1.4E-45, -9999.0, 0.0, 1.4E-45, 0.0, 1.4E-45, 0.0, 0.0, 0.0
9zj, 20090829, 	21.7, 18.03333, 1.4E-45, -9999.0, 0.0, 1.4E-45, 0.0, 1.4E-45, 0.0, 0.0, 0.0
9yw, 20090830, 	22.4, 17.292706, 1.4E-45, -9999.0, 0.0, 1.4E-45, 0.0, 1.4E-45, 0.0, 0.0, 0.0
9zj, 20090830, 	18.9, 14.217014, 1.4E-45, -9999.0, 0.0, 1.4E-45, 0.0, 1.4E-45, 0.0, 0.0, 0.0
9yw, 20090831, 	20.0, 13.432982, 1.4E-45, -9999.0, 0.0, 1.4E-45, 0.0, 1.4E-45, 0.0, 0.0, 0.0
9zj, 20090831, 	20.8, 15.430206, 1.4E-45, -9999.0, 0.0, 1.4E-45, 0.0, 1.4E-45, 0.0, 0.0, 0.0
9yw, 20100801, 	30.6, -11.574655, 1.4E-45, -9999.0, 0.0, 1.4E-45, 0.0, 1.4E-45, 0.0, 0.0, 0.0
9zj, 20100801, 	31.1, 25.104164, 1.4E-45, -9999.0, 0.0, 1.4E-45, 0.0, 1.4E-45, 0.0, 0.0, 0.0
9yw, 20100802, 	33.9, 25.6507, 1.4E-45, -9999.0, 0.0, 1.4E-45, 0.0, 1.4E-45, 0.0, 0.0, 0.0
9zj, 20100802, 	33.0, 26.04827, 1.4E-45, -9999.0, 0.0, 1.4E-45, 0.0, 1.4E-45, 0.0, 0.0, 0.0
9yw, 20100803, 	38.0, 30.594791, 1.4E-45, -9999.0, 0.0, 1.4E-45, 0.0, 1.4E-45, 0.0, 0.0, 0.0
9zj, 20100803, 	33.9, 29.655203, 1.4E-45, -9999.0, 0.0, 1.4E-45, 0.0, 1.4E-45, 0.0, 0.0, 0.0
9yw, 20100804, 	37.6, 28.827782, 1.4E-45, -9999.0, 0.0, 1.4E-45, 0.0, 1.4E-45, 0.0, 0.0, 0.0
9zj, 20100804, 	33.0, 27.238548, 1.4E-45, -9999.0, 0.0, 1.4E-45, 0.0, 1.4E-45, 0.0, 0.0, 0.0
9yw, 20100805, 	33.3, 25.170837, 1.4E-45, -9999.0, 0.0, 1.4E-45, 0.0, 1.4E-45, 0.0, 0.0, 0.0
9zj, 20100805, 	30.4, 25.132296, 1.4E-45, -9999.0, 0.0, 1.4E-45, 0.0, 1.4E-45, 0.0, 0.0, 0.0
9yw, 20100806, 	30.3, 23.49792, 1.4E-45, -9999.0, 0.0, 1.4E-45, 0.0, 1.4E-45, 0.0, 0.0, 0.0
9zj, 20100806, 	29.6, 24.259012, 1.4E-45, -9999.0, 0.0, 1.4E-45, 0.0, 1.4E-45, 0.0, 0.0, 0.0
9yw, 20100807, 	31.9, 23.481245, 1.4E-45, -9999.0, 0.0, 1.4E-45, 0.0, 1.4E-45, 0.0, 0.0, 0.0
9zj, 20100807, 	31.1, 24.790627, 1.4E-45, -9999.0, 0.0, 1.4E-45, 0.0, 1.4E-45, 0.0, 0.0, 0.0
9yw, 20100808, 	34.7, 25.730904, 1.4E-45, -9999.0, 0.0, 1.4E-45, 0.0, 1.4E-45, 0.0, 0.0, 0.0
9zj, 20100808, 	34.5, 27.21666, 1.4E-45, -9999.0, 0.0, 1.4E-45, 0.0, 1.4E-45, 0.0, 0.0, 0.0
9yw, 20100809, 	35.5, 28.3868, 1.4E-45, -9999.0, 0.0, 1.4E-45, 0.0, 1.4E-45, 0.0, 0.0, 0.0
9zj, 20100809, 	33.6, 28.013885, 1.4E-45, -9999.0, 0.0, 1.4E-45, 0.0, 1.4E-45, 0.0, 0.0, 0.0
9yw, 20100810, 	36.3, 27.13542, 1.4E-45, -9999.0, 0.0, 1.4E-45, 0.0, 1.4E-45, 0.0, 0.0, 0.0
9zj, 20100810, 	35.3, 29.988182, 1.4E-45, -9999.0, 0.0, 1.4E-45, 0.0, 1.4E-45, 0.0, 0.0, 0.0
9yw, 20100811, 	36.4, 27.269438, 1.4E-45, -9999.0, 0.0, 1.4E-45, 0.0, 1.4E-45, 0.0, 0.0, 0.0
9zj, 20100811, 	32.7, 27.210424, 1.4E-45, -9999.0, 0.0, 1.4E-45, 0.0, 1.4E-45, 0.0, 0.0, 0.0
9yw, 20100812, 	37.2, 27.509377, 1.4E-45, -9999.0, 0.0, 1.4E-45, 0.0, 1.4E-45, 0.0, 0.0, 0.0
9zj, 20100812, 	34.6, 28.42708, 1.4E-45, -9999.0, 0.0, 1.4E-45, 0.0, 1.4E-45, 0.0, 0.0, 0.0
9yw, 20100813, 	36.6, 27.312847, 1.4E-45, -9999.0, 0.0, 1.4E-45, 0.0, 1.4E-45, 0.0, 0.0, 0.0
9zj, 20100813, 	34.8, 28.474297, 1.4E-45, -9999.0, 0.0, 1.4E-45, 0.0, 1.4E-45, 0.0, 0.0, 0.0
9yw, 20100814, 	35.1, 27.270494, 1.4E-45, -9999.0, 0.0, 1.4E-45, 0.0, 1.4E-45, 0.0, 0.0, 0.0
9zj, 20100814, 	30.4, 24.737143, 1.4E-45, -9999.0, 0.0, 1.4E-45, 0.0, 1.4E-45, 0.0, 0.0, 0.0
9yw, 20100815, 	32.0, 26.624996, 1.4E-45, -9999.0, 0.0, 1.4E-45, 0.0, 1.4E-45, 0.0, 0.0, 0.0
9zj, 20100815, 	29.2, 24.68542, 1.4E-45, -9999.0, 0.0, 1.4E-45, 0.0, 1.4E-45, 0.0, 0.0, 0.0
9yw, 20100816, 	29.6, 23.079514, 1.4E-45, -9999.0, 0.0, 1.4E-45, 0.0, 1.4E-45, 0.0, 0.0, 0.0
9zj, 20100816, 	28.3, 22.729515, 1.4E-45, -9999.0, 0.0, 1.4E-45, 0.0, 1.4E-45, 0.0, 0.0, 0.0
9yw, 20100817, 	29.5, 20.857979, 1.4E-45, -9999.0, 0.0, 1.4E-45, 0.0, 1.4E-45, 0.0, 0.0, 0.0
9zj, 20100817, 	25.7, 22.452425, 1.4E-45, -9999.0, 0.0, 1.4E-45, 0.0, 1.4E-45, 0.0, 0.0, 0.0
9yw, 20100818, 	32.3, 23.737856, 1.4E-45, -9999.0, 0.0, 1.4E-45, 0.0, 1.4E-45, 0.0, 0.0, 0.0
9zj, 20100818, 	29.1, 22.519787, 1.4E-45, -9999.0, 0.0, 1.4E-45, 0.0, 1.4E-45, 0.0, 0.0, 0.0
9yw, 20100819, 	36.7, 26.47326, 1.4E-45, -9999.0, 0.0, 1.4E-45, 0.0, 1.4E-45, 0.0, 0.0, 0.0
9zj, 20100819, 	31.2, 24.448612, 1.4E-45, -9999.0, 0.0, 1.4E-45, 0.0, 1.4E-45, 0.0, 0.0, 0.0
9yw, 20100820, 	32.0, 26.443396, 1.4E-45, -9999.0, 0.0, 1.4E-45, 0.0, 1.4E-45, 0.0, 0.0, 0.0
9zj, 20100820, 	33.3, 25.335403, 1.4E-45, -9999.0, 0.0, 1.4E-45, 0.0, 1.4E-45, 0.0, 0.0, 0.0
9yw, 20100821, 	32.7, 26.143063, 1.4E-45, -9999.0, 0.0, 1.4E-45, 0.0, 1.4E-45, 0.0, 0.0, 0.0
9zj, 20100821, 	29.9, 23.519094, 1.4E-45, -9999.0, 0.0, 1.4E-45, 0.0, 1.4E-45, 0.0, 0.0, 0.0
9yw, 20100822, 	31.3, 24.768055, 1.4E-45, -9999.0, 0.0, 1.4E-45, 0.0, 1.4E-45, 0.0, 0.0, 0.0
9zj, 20100822, 	31.9, 25.749311, 1.4E-45, -9999.0, 0.0, 1.4E-45, 0.0, 1.4E-45, 0.0, 0.0, 0.0
9yw, 20100823, 	32.4, 24.019798, 1.4E-45, -9999.0, 0.0, 1.4E-45, 0.0, 1.4E-45, 0.0, 0.0, 0.0
9zj, 20100823, 	30.4, 24.896868, 1.4E-45, -9999.0, 0.0, 1.4E-45, 0.0, 1.4E-45, 0.0, 0.0, 0.0
9yw, 20100824, 	29.9, 20.522226, 1.4E-45, -9999.0, 0.0, 1.4E-45, 0.0, 1.4E-45, 0.0, 0.0, 0.0
9zj, 20100824, 	28.3, 21.677084, 1.4E-45, -9999.0, 0.0, 1.4E-45, 0.0, 1.4E-45, 0.0, 0.0, 0.0
9yw, 20100825, 	27.4, 22.049309, 1.4E-45, -9999.0, 0.0, 1.4E-45, 0.0, 1.4E-45, 0.0, 0.0, 0.0
9zj, 20100825, 	26.2, 19.109379, 1.4E-45, -9999.0, 0.0, 1.4E-45, 0.0, 1.4E-45, 0.0, 0.0, 0.0
9yw, 20100826, 	27.4, 17.802778, 1.4E-45, -9999.0, 0.0, 1.4E-45, 0.0, 1.4E-45, 0.0, 0.0, 0.0
9zj, 20100826, 	26.4, 19.514236, 1.4E-45, -9999.0, 0.0, 1.4E-45, 0.0, 1.4E-45, 0.0, 0.0, 0.0
9yw, 20100827, 	29.8, 18.130558, 1.4E-45, -9999.0, 0.0, 1.4E-45, 0.0, 1.4E-45, 0.0, 0.0, 0.0
9zj, 20100827, 	28.4, 21.309721, 1.4E-45, -9999.0, 0.0, 1.4E-45, 0.0, 1.4E-45, 0.0, 0.0, 0.0
9yw, 20100828, 	34.0, 19.98298, 1.4E-45, -9999.0, 0.0, 1.4E-45, 0.0, 1.4E-45, 0.0, 0.0, 0.0
9zj, 20100828, 	29.9, 22.18611, 1.4E-45, -9999.0, 0.0, 1.4E-45, 0.0, 1.4E-45, 0.0, 0.0, 0.0
9yw, 20100829, 	32.4, 25.695824, 1.4E-45, -9999.0, 0.0, 1.4E-45, 0.0, 1.4E-45, 0.0, 0.0, 0.0
9zj, 20100829, 	32.2, 25.393408, 1.4E-45, -9999.0, 0.0, 1.4E-45, 0.0, 1.4E-45, 0.0, 0.0, 0.0
9yw, 20100830, 	27.8, 23.512856, 1.4E-45, -9999.0, 0.0, 1.4E-45, 0.0, 1.4E-45, 0.0, 0.0, 0.0
9zj, 20100830, 	30.4, 25.520136, 1.4E-45, -9999.0, 0.0, 1.4E-45, 0.0, 1.4E-45, 0.0, 0.0, 0.0
9yw, 20100831, 	32.4, 25.63019, 1.4E-45, -9999.0, 0.0, 1.4E-45, 0.0, 1.4E-45, 0.0, 0.0, 0.0
9zj, 20100831, 	29.9, 25.250343, 1.4E-45, -9999.0, 0.0, 1.4E-45, 0.0, 1.4E-45, 0.0, 0.0, 0.0
9yw, 20110801, 	36.8, 28.06736, 1.4E-45, -9999.0, 0.0, 1.4E-45, 0.0, 1.4E-45, 0.0, 0.0, 0.0
9zj, 20110801, 	35.9, 28.93195, 1.4E-45, -9999.0, 0.0, 1.4E-45, 0.0, 1.4E-45, 0.0, 0.0, 0.0
9yw, 20110802, 	40.4, 30.096174, 1.4E-45, -9999.0, 0.0, 1.4E-45, 0.0, 1.4E-45, 0.0, 0.0, 0.0
9zj, 20110802, 	36.2, 30.119097, 1.4E-45, -9999.0, 0.0, 1.4E-45, 0.0, 1.4E-45, 0.0, 0.0, 0.0
9yw, 20110803, 	36.7, 31.158674, 1.4E-45, -9999.0, 0.0, 1.4E-45, 0.0, 1.4E-45, 0.0, 0.0, 0.0
9zj, 20110803, 	34.5, 28.589926, 1.4E-45, -9999.0, 0.0, 1.4E-45, 0.0, 1.4E-45, 0.0, 0.0, 0.0
9yw, 20110804, 	33.9, 25.494778, 1.4E-45, -9999.0, 0.0, 1.4E-45, 0.0, 1.4E-45, 0.0, 0.0, 0.0
9zj, 20110804, 	31.5, 26.472565, 1.4E-45, -9999.0, 0.0, 1.4E-45, 0.0, 1.4E-45, 0.0, 0.0, 0.0
9yw, 20110805, 	28.1, 23.986794, 1.4E-45, -9999.0, 0.0, 1.4E-45, 0.0, 1.4E-45, 0.0, 0.0, 0.0
9zj, 20110805, 	29.0, 25.65764, 1.4E-45, -9999.0, 0.0, 1.4E-45, 0.0, 1.4E-45, 0.0, 0.0, 0.0
9yw, 20110806, 	33.1, 27.119453, 1.4E-45, -9999.0, 0.0, 1.4E-45, 0.0, 1.4E-45, 0.0, 0.0, 0.0
9zj, 20110806, 	30.0, 25.536804, 1.4E-45, -9999.0, 0.0, 1.4E-45, 0.0, 1.4E-45, 0.0, 0.0, 0.0
9yw, 20110807, 	33.9, 27.955904, 1.4E-45, -9999.0, 0.0, 1.4E-45, 0.0, 1.4E-45, 0.0, 0.0, 0.0
9zj, 20110807, 	31.6, 25.040283, 1.4E-45, -9999.0, 0.0, 1.4E-45, 0.0, 1.4E-45, 0.0, 0.0, 0.0
9yw, 20110808, 	29.7, 21.626049, 1.4E-45, -9999.0, 0.0, 1.4E-45, 0.0, 1.4E-45, 0.0, 0.0, 0.0
9zj, 20110808, 	30.2, 24.962166, 1.4E-45, -9999.0, 0.0, 1.4E-45, 0.0, 1.4E-45, 0.0, 0.0, 0.0
9yw, 20110809, 	30.0, 23.242702, 1.4E-45, -9999.0, 0.0, 1.4E-45, 0.0, 1.4E-45, 0.0, 0.0, 0.0
9zj, 20110809, 	30.9, 24.446884, 1.4E-45, -9999.0, 0.0, 1.4E-45, 0.0, 1.4E-45, 0.0, 0.0, 0.0
9yw, 20110810, 	28.7, 22.871183, 1.4E-45, -9999.0, 0.0, 1.4E-45, 0.0, 1.4E-45, 0.0, 0.0, 0.0
9zj, 20110810, 	27.7, 21.492712, 1.4E-45, -9999.0, 0.0, 1.4E-45, 0.0, 1.4E-45, 0.0, 0.0, 0.0
9yw, 20110811, 	26.8, 21.786114, 1.4E-45, -9999.0, 0.0, 1.4E-45, 0.0, 1.4E-45, 0.0, 0.0, 0.0
9zj, 20110811, 	28.6, 21.25521, 1.4E-45, -9999.0, 0.0, 1.4E-45, 0.0, 1.4E-45, 0.0, 0.0, 0.0
9yw, 20110812, 	30.4, 21.666311, 1.4E-45, -9999.0, 0.0, 1.4E-45, 0.0, 1.4E-45, 0.0, 0.0, 0.0
9zj, 20110812, 	26.9, 21.603125, 1.4E-45, -9999.0, 0.0, 1.4E-45, 0.0, 1.4E-45, 0.0, 0.0, 0.0
9yw, 20110813, 	29.3, 22.591328, 1.4E-45, -9999.0, 0.0, 1.4E-45, 0.0, 1.4E-45, 0.0, 0.0, 0.0
9zj, 20110813, 	29.2, 23.061457, 1.4E-45, -9999.0, 0.0, 1.4E-45, 0.0, 1.4E-45, 0.0, 0.0, 0.0
9yw, 20110814, 	26.7, 21.54514, 1.4E-45, -9999.0, 0.0, 1.4E-45, 0.0, 1.4E-45, 0.0, 0.0, 0.0
9zj, 20110814, 	28.6, 21.612165, 1.4E-45, -9999.0, 0.0, 1.4E-45, 0.0, 1.4E-45, 0.0, 0.0, 0.0
9yw, 20110815, 	25.5, 19.230215, 1.4E-45, -9999.0, 0.0, 1.4E-45, 0.0, 1.4E-45, 0.0, 0.0, 0.0
9zj, 20110815, 	26.9, 21.199308, 1.4E-45, -9999.0, 0.0, 1.4E-45, 0.0, 1.4E-45, 0.0, 0.0, 0.0
9yw, 20110816, 	21.9, 19.095497, 1.4E-45, -9999.0, 0.0, 1.4E-45, 0.0, 1.4E-45, 0.0, 0.0, 0.0
9zj, 20110816, 	26.7, 21.064924, 1.4E-45, -9999.0, 0.0, 1.4E-45, 0.0, 1.4E-45, 0.0, 0.0, 0.0
9yw, 20110817, 	30.1, 23.661802, 1.4E-45, -9999.0, 0.0, 1.4E-45, 0.0, 1.4E-45, 0.0, 0.0, 0.0
9zj, 20110817, 	30.0, 24.161806, 1.4E-45, -9999.0, 0.0, 1.4E-45, 0.0, 1.4E-45, 0.0, 0.0, 0.0
9yw, 20110818, 	31.0, -45.005547, 1.4E-45, -9999.0, 0.0, 1.4E-45, 0.0, 1.4E-45, 0.0, 0.0, 0.0
9zj, 20110818, 	32.0, 25.024652, 1.4E-45, -9999.0, 0.0, 1.4E-45, 0.0, 1.4E-45, 0.0, 0.0, 0.0
9yw, 20110819, 	30.9, 24.683336, 1.4E-45, -9999.0, 0.0, 1.4E-45, 0.0, 1.4E-45, 0.0, 0.0, 0.0
9zj, 20110819, 	30.4, 23.928465, 1.4E-45, -9999.0, 0.0, 1.4E-45, 0.0, 1.4E-45, 0.0, 0.0, 0.0
9yw, 20110820, 	29.6, 24.237495, 1.4E-45, -9999.0, 0.0, 1.4E-45, 0.0, 1.4E-45, 0.0, 0.0, 0.0
9zj, 20110820, 	28.8, 23.301386, 1.4E-45, -9999.0, 0.0, 1.4E-45, 0.0, 1.4E-45, 0.0, 0.0, 0.0
9yw, 20110821, 	30.0, -10.378471, 1.4E-45, -9999.0, 0.0, 1.4E-45, 0.0, 1.4E-45, 0.0, 0.0, 0.0
9zj, 20110821, 	28.4, 22.87674, 1.4E-45, -9999.0, 0.0, 1.4E-45, 0.0, 1.4E-45, 0.0, 0.0, 0.0
9yw, 20110822, 	29.8, 23.449656, 1.4E-45, -9999.0, 0.0, 1.4E-45, 0.0, 1.4E-45, 0.0, 0.0, 0.0
9zj, 20110822, 	30.0, 23.332289, 1.4E-45, -9999.0, 0.0, 1.4E-45, 0.0, 1.4E-45, 0.0, 0.0, 0.0
9yw, 20110823, 	32.1, 25.209045, 1.4E-45, -9999.0, 0.0, 1.4E-45, 0.0, 1.4E-45, 0.0, 0.0, 0.0
9zj, 20110823, 	32.6, 26.419443, 1.4E-45, -9999.0, 0.0, 1.4E-45, 0.0, 1.4E-45, 0.0, 0.0, 0.0
9yw, 20110824, 	31.7, 25.99861, 1.4E-45, -9999.0, 0.0, 1.4E-45, 0.0, 1.4E-45, 0.0, 0.0, 0.0
9zj, 20110824, 	32.9, 27.30347, 1.4E-45, -9999.0, 0.0, 1.4E-45, 0.0, 1.4E-45, 0.0, 0.0, 0.0
9yw, 20110825, 	28.4, 24.099659, 1.4E-45, -9999.0, 0.0, 1.4E-45, 0.0, 1.4E-45, 0.0, 0.0, 0.0
9zj, 20110825, 	28.7, 21.932995, 1.4E-45, -9999.0, 0.0, 1.4E-45, 0.0, 1.4E-45, 0.0, 0.0, 0.0
9yw, 20110826, 	28.5, 20.385769, 1.4E-45, -9999.0, 0.0, 1.4E-45, 0.0, 1.4E-45, 0.0, 0.0, 0.0
9zj, 20110826, 	29.5, 22.073956, 1.4E-45, -9999.0, 0.0, 1.4E-45, 0.0, 1.4E-45, 0.0, 0.0, 0.0
9yw, 20110827, 	30.3, 22.901396, 1.4E-45, -9999.0, 0.0, 1.4E-45, 0.0, 1.4E-45, 0.0, 0.0, 0.0
9zj, 20110827, 	30.8, 23.671185, 1.4E-45, -9999.0, 0.0, 1.4E-45, 0.0, 1.4E-45, 0.0, 0.0, 0.0
9yw, 20110828, 	28.6, 22.106949, 1.4E-45, -9999.0, 0.0, 1.4E-45, 0.0, 1.4E-45, 0.0, 0.0, 0.0
9zj, 20110828, 	26.7, 20.789928, 1.4E-45, -9999.0, 0.0, 1.4E-45, 0.0, 1.4E-45, 0.0, 0.0, 0.0
9yw, 20110829, 	27.6, 21.315971, 1.4E-45, -9999.0, 0.0, 1.4E-45, 0.0, 1.4E-45, 0.0, 0.0, 0.0
9zj, 20110829, 	29.2, 22.007633, 1.4E-45, -9999.0, 0.0, 1.4E-45, 0.0, 1.4E-45, 0.0, 0.0, 0.0
9yw, 20110830, 	28.8, 21.880909, 1.4E-45, -9999.0, 0.0, 1.4E-45, 0.0, 1.4E-45, 0.0, 0.0, 0.0
9zj, 20110830, 	26.0, 21.228798, 1.4E-45, -9999.0, 0.0, 1.4E-45, 0.0, 1.4E-45, 0.0, 0.0, 0.0
9yw, 20110831, 	32.2, 26.433004, 1.4E-45, -9999.0, 0.0, 1.4E-45, 0.0, 1.4E-45, 0.0, 0.0, 0.0
9zj, 20110831, 	33.6, 24.84375, 1.4E-45, -9999.0, 0.0, 1.4E-45, 0.0, 1.4E-45, 0.0, 0.0, 0.0
