dp1, 20060801, 	32.9, 27.698616, 1.4E-45, -9999.0, 0.0, 1.4E-45, 0.0, 1.4E-45, 0.0, 0.0, 0.0
dp2, 20060801, 	33.4, 28.448277, 1.4E-45, -9999.0, 0.0, 1.4E-45, 0.0, 1.4E-45, 0.0, 0.0, 0.0
dp1, 20060802, 	32.7, 27.791668, 1.4E-45, -9999.0, 0.0, 1.4E-45, 0.0, 1.4E-45, 0.0, 0.0, 0.0
dp2, 20060802, 	33.4, 28.319092, 1.4E-45, -9999.0, 0.0, 1.4E-45, 0.0, 1.4E-45, 0.0, 0.0, 0.0
dp1, 20060803, 	30.1, 25.719797, 1.4E-45, -9999.0, 0.0, 1.4E-45, 0.0, 1.4E-45, 0.0, 0.0, 0.0
dp2, 20060803, 	27.7, 23.673267, 1.4E-45, -9999.0, 0.0, 1.4E-45, 0.0, 1.4E-45, 0.0, 0.0, 0.0
dp1, 20060804, 	29.1, -12.769789, 1.4E-45, -9999.0, 0.0, 1.4E-45, 0.0, 1.4E-45, 0.0, 0.0, 0.0
dp2, 20060804, 	28.6, 22.308344, 1.4E-45, -9999.0, 0.0, 1.4E-45, 0.0, 1.4E-45, 0.0, 0.0, 0.0
dp1, 20060805, 	28.6, 22.314238, 1.4E-45, -9999.0, 0.0, 1.4E-45, 0.0, 1.4E-45, 0.0, 0.0, 0.0
dp2, 20060805, 	26.8, 20.64027, 1.4E-45, -9999.0, 0.0, 1.4E-45, 0.0, 1.4E-45, 0.0, 0.0, 0.0
dp1, 20060806, 	29.8, 23.080217, 1.4E-45, -9999.0, 0.0, 1.4E-45, 0.0, 1.4E-45, 0.0, 0.0, 0.0
dp2, 20060806, 	27.2, 21.424658, 1.4E-45, -9999.0, 0.0, 1.4E-45, 0.0, 1.4E-45, 0.0, 0.0, 0.0
dp1, 20060807, 	28.0, 24.102436, 1.4E-45, -9999.0, 0.0, 1.4E-45, 0.0, 1.4E-45, 0.0, 0.0, 0.0
dp2, 20060807, 	27.9, 23.433683, 1.4E-45, -9999.0, 0.0, 1.4E-45, 0.0, 1.4E-45, 0.0, 0.0, 0.0
dp1, 20060808, 	26.7, 22.206244, 1.4E-45, -9999.0, 0.0, 1.4E-45, 0.0, 1.4E-45, 0.0, 0.0, 0.0
dp2, 20060808, 	24.7, 20.463202, 1.4E-45, -9999.0, 0.0, 1.4E-45, 0.0, 1.4E-45, 0.0, 0.0, 0.0
dp1, 20060809, 	26.3, 22.175337, 1.4E-45, -9999.0, 0.0, 1.4E-45, 0.0, 1.4E-45, 0.0, 0.0, 0.0
dp2, 20060809, 	26.9, 19.544102, 1.4E-45, -9999.0, 0.0, 1.4E-45, 0.0, 1.4E-45, 0.0, 0.0, 0.0
dp1, 20060810, 	27.7, 23.403818, 1.4E-45, -9999.0, 0.0, 1.4E-45, 0.0, 1.4E-45, 0.0, 0.0, 0.0
dp2, 20060810, 	25.6, 22.465624, 1.4E-45, -9999.0, 0.0, 1.4E-45, 0.0, 1.4E-45, 0.0, 0.0, 0.0
dp1, 20060811, 	25.2, -361.06946, 1.4E-45, -9999.0, -381.0, 1.4E-45, 0.0, 1.4E-45, 0.0, 0.0, 0.0
dp2, 20060811, 	24.8, 21.429848, 1.4E-45, -9999.0, 0.0, 1.4E-45, 0.0, 1.4E-45, 0.0, 0.0, 0.0
dp1, 20060812, 	26.3, -13.474985, 1.4E-45, -9999.0, -34.0, 1.4E-45, 0.0, 1.4E-45, 0.0, 0.0, 0.0
dp2, 20060812, 	25.4, 18.938549, 1.4E-45, -9999.0, 0.0, 1.4E-45, 0.0, 1.4E-45, 0.0, 0.0, 0.0
dp1, 20060813, 	27.2, 20.489586, 1.4E-45, -9999.0, 0.0, 1.4E-45, 0.0, 1.4E-45, 0.0, 0.0, 0.0
dp2, 20060813, 	25.2, 17.98124, 1.4E-45, -9999.0, 0.0, 1.4E-45, 0.0, 1.4E-45, 0.0, 0.0, 0.0
dp1, 20060814, 	25.4, 22.540962, 1.4E-45, -9999.0, 0.0, 1.4E-45, 0.0, 1.4E-45, 0.0, 0.0, 0.0
dp2, 20060814, 	26.1, 22.038889, 1.4E-45, -9999.0, 0.0, 1.4E-45, 0.0, 1.4E-45, 0.0, 0.0, 0.0
dp1, 20060815, 	26.7, 19.9816, 1.4E-45, -9999.0, 0.0, 1.4E-45, 0.0, 1.4E-45, 0.0, 0.0, 0.0
dp2, 20060815, 	26.5, 19.32882, 1.4E-45, -9999.0, 0.0, 1.4E-45, 0.0, 1.4E-45, 0.0, 0.0, 0.0
dp1, 20060816, 	26.7, 20.275692, 1.4E-45, -9999.0, 0.0, 1.4E-45, 0.0, 1.4E-45, 0.0, 0.0, 0.0
dp2, 20060816, 	26.8, 18.76076, 1.4E-45, -9999.0, 0.0, 1.4E-45, 0.0, 1.4E-45, 0.0, 0.0, 0.0
dp1, 20060817, 	27.6, 20.201033, 1.4E-45, -9999.0, 0.0, 1.4E-45, 0.0, 1.4E-45, 0.0, 0.0, 0.0
dp2, 20060817, 	24.4, 18.375002, 1.4E-45, -9999.0, 0.0, 1.4E-45, 0.0, 1.4E-45, 0.0, 0.0, 0.0
dp1, 20060818, 	27.2, 22.9205, 1.4E-45, -9999.0, 0.0, 1.4E-45, 0.0, 1.4E-45, 0.0, 0.0, 0.0
dp2, 20060818, 	24.4, 21.575693, 1.4E-45, -9999.0, 0.0, 1.4E-45, 0.0, 1.4E-45, 0.0, 0.0, 0.0
dp1, 20060819, 	28.6, 24.184717, 1.4E-45, -9999.0, 0.0, 1.4E-45, 0.0, 1.4E-45, 0.0, 0.0, 0.0
dp2, 20060819, 	25.2, 21.973946, 1.4E-45, -9999.0, 0.0, 1.4E-45, 0.0, 1.4E-45, 0.0, 0.0, 0.0
dp1, 20060820, 	25.8, 22.396864, 1.4E-45, -9999.0, 0.0, 1.4E-45, 0.0, 1.4E-45, 0.0, 0.0, 0.0
dp2, 20060820, 	24.8, 19.341326, 1.4E-45, -9999.0, 0.0, 1.4E-45, 0.0, 1.4E-45, 0.0, 0.0, 0.0
dp1, 20060821, 	25.4, 19.11042, 1.4E-45, -9999.0, 0.0, 1.4E-45, 0.0, 1.4E-45, 0.0, 0.0, 0.0
dp2, 20060821, 	25.7, 17.871521, 1.4E-45, -9999.0, 0.0, 1.4E-45, 0.0, 1.4E-45, 0.0, 0.0, 0.0
dp1, 20060822, 	26.4, -398.36734, 1.4E-45, -9999.0, -416.0, 1.4E-45, 0.0, 1.4E-45, 0.0, 0.0, 0.0
dp2, 20060822, 	28.4, 20.601387, 1.4E-45, -9999.0, 0.0, 1.4E-45, 0.0, 1.4E-45, 0.0, 0.0, 0.0
dp1, 20060823, 	28.2, 21.157637, 1.4E-45, -9999.0, 0.0, 1.4E-45, 0.0, 1.4E-45, 0.0, 0.0, 0.0
dp2, 20060823, 	29.8, 21.209719, 1.4E-45, -9999.0, 0.0, 1.4E-45, 0.0, 1.4E-45, 0.0, 0.0, 0.0
dp1, 20060824, 	25.3, -3285.4404, 1.4E-45, -9999.0, -3298.0, 1.4E-45, 0.0, 1.4E-45, 0.0, 0.0, 0.0
dp2, 20060824, 	28.1, 23.235062, 1.4E-45, -9999.0, 0.0, 1.4E-45, 0.0, 1.4E-45, 0.0, 0.0, 0.0
dp1, 20060825, 	1.4E-45, -9999.0, 1.4E-45, -9999.0, -9999.0, 1.4E-45, 0.0, 1.4E-45, 0.0, 0.0, 0.0
dp2, 20060825, 	27.1, 21.352774, 1.4E-45, -9999.0, 0.0, 1.4E-45, 0.0, 1.4E-45, 0.0, 0.0, 0.0
dp1, 20060826, 	1.4E-45, -9999.0, 1.4E-45, -9999.0, -9999.0, 1.4E-45, 0.0, 1.4E-45, 0.0, 0.0, 0.0
dp2, 20060826, 	24.9, 22.378471, 1.4E-45, -9999.0, 0.0, 1.4E-45, 0.0, 1.4E-45, 0.0, 0.0, 0.0
dp1, 20060827, 	1.4E-45, -9999.0, 1.4E-45, -9999.0, -9999.0, 1.4E-45, 0.0, 1.4E-45, 0.0, 0.0, 0.0
dp2, 20060827, 	23.3, 20.803122, 1.4E-45, -9999.0, 0.0, 1.4E-45, 0.0, 1.4E-45, 0.0, 0.0, 0.0
dp1, 20060828, 	1.4E-45, -9999.0, 1.4E-45, -9999.0, -9999.0, 1.4E-45, 0.0, 1.4E-45, 0.0, 0.0, 0.0
dp2, 20060828, 	20.9, 18.542702, 1.4E-45, -9999.0, 0.0, 1.4E-45, 0.0, 1.4E-45, 0.0, 0.0, 0.0
dp1, 20060829, 	1.4E-45, -9999.0, 1.4E-45, -9999.0, -9999.0, 1.4E-45, 0.0, 1.4E-45, 0.0, 0.0, 0.0
dp2, 20060829, 	22.8, 18.019093, 1.4E-45, -9999.0, 0.0, 1.4E-45, 0.0, 1.4E-45, 0.0, 0.0, 0.0
dp1, 20060830, 	1.4E-45, -9999.0, 1.4E-45, -9999.0, -9999.0, 1.4E-45, 0.0, 1.4E-45, 0.0, 0.0, 0.0
dp2, 20060830, 	24.4, 19.219103, 1.4E-45, -9999.0, 0.0, 1.4E-45, 0.0, 1.4E-45, 0.0, 0.0, 0.0
dp1, 20060831, 	24.6, -850.1747, 1.4E-45, -9999.0, -867.0, 1.4E-45, 0.0, 1.4E-45, 0.0, 0.0, 0.0
dp2, 20060831, 	24.4, 18.016317, 1.4E-45, -9999.0, 0.0, 1.4E-45, 0.0, 1.4E-45, 0.0, 0.0, 0.0
dp1, 20070801, 	30.6, 24.141665, 1.4E-45, -9999.0, 0.0, 1.4E-45, 0.0, 1.4E-45, 0.0, 0.0, 0.0
dp2, 20070801, 	29.6, 23.53924, 1.4E-45, -9999.0, 0.0, 1.4E-45, 0.0, 1.4E-45, 0.0, 0.0, 0.0
dp1, 20070802, 	30.5, 23.836805, 1.4E-45, -9999.0, 0.0, 1.4E-45, 0.0, 1.4E-45, 0.0, 0.0, 0.0
dp2, 20070802, 	30.1, 23.656256, 1.4E-45, -9999.0, 0.0, 1.4E-45, 0.0, 1.4E-45, 0.0, 0.0, 0.0
dp1, 20070803, 	30.7, 24.288885, 1.4E-45, -9999.0, 0.0, 1.4E-45, 0.0, 1.4E-45, 0.0, 0.0, 0.0
dp2, 20070803, 	28.5, 23.387854, 1.4E-45, -9999.0, 0.0, 1.4E-45, 0.0, 1.4E-45, 0.0, 0.0, 0.0
dp1, 20070804, 	28.0, 23.28125, 1.4E-45, -9999.0, 0.0, 1.4E-45, 0.0, 1.4E-45, 0.0, 0.0, 0.0
dp2, 20070804, 	24.6, 19.54654, 1.4E-45, -9999.0, 0.0, 1.4E-45, 0.0, 1.4E-45, 0.0, 0.0, 0.0
dp1, 20070805, 	31.3, 24.978119, 1.4E-45, -9999.0, 0.0, 1.4E-45, 0.0, 1.4E-45, 0.0, 0.0, 0.0
dp2, 20070805, 	29.7, 22.738195, 1.4E-45, -9999.0, 0.0, 1.4E-45, 0.0, 1.4E-45, 0.0, 0.0, 0.0
dp1, 20070806, 	30.3, 26.477777, 1.4E-45, -9999.0, 0.0, 1.4E-45, 0.0, 1.4E-45, 0.0, 0.0, 0.0
dp2, 20070806, 	30.0, 23.96215, 1.4E-45, -9999.0, 0.0, 1.4E-45, 0.0, 1.4E-45, 0.0, 0.0, 0.0
dp1, 20070807, 	32.9, 27.779503, 1.4E-45, -9999.0, 0.0, 1.4E-45, 0.0, 1.4E-45, 0.0, 0.0, 0.0
dp2, 20070807, 	30.7, 25.34583, 1.4E-45, -9999.0, 0.0, 1.4E-45, 0.0, 1.4E-45, 0.0, 0.0, 0.0
dp1, 20070808, 	31.1, 26.478813, 1.4E-45, -9999.0, 0.0, 1.4E-45, 0.0, 1.4E-45, 0.0, 0.0, 0.0
dp2, 20070808, 	28.8, 25.096191, 1.4E-45, -9999.0, 0.0, 1.4E-45, 0.0, 1.4E-45, 0.0, 0.0, 0.0
dp1, 20070809, 	30.9, 26.160412, 1.4E-45, -9999.0, 0.0, 1.4E-45, 0.0, 1.4E-45, 0.0, 0.0, 0.0
dp2, 20070809, 	27.7, 23.895124, 1.4E-45, -9999.0, 0.0, 1.4E-45, 0.0, 1.4E-45, 0.0, 0.0, 0.0
dp1, 20070810, 	30.6, 24.74757, 1.4E-45, -9999.0, 0.0, 1.4E-45, 0.0, 1.4E-45, 0.0, 0.0, 0.0
dp2, 20070810, 	28.9, 24.319778, 1.4E-45, -9999.0, 0.0, 1.4E-45, 0.0, 1.4E-45, 0.0, 0.0, 0.0
dp1, 20070811, 	30.2, 24.017702, 1.4E-45, -9999.0, 0.0, 1.4E-45, 0.0, 1.4E-45, 0.0, 0.0, 0.0
dp2, 20070811, 	28.7, 23.353483, 1.4E-45, -9999.0, 0.0, 1.4E-45, 0.0, 1.4E-45, 0.0, 0.0, 0.0
dp1, 20070812, 	33.9, 25.186806, 1.4E-45, -9999.0, 0.0, 1.4E-45, 0.0, 1.4E-45, 0.0, 0.0, 0.0
dp2, 20070812, 	29.3, 24.438543, 1.4E-45, -9999.0, 0.0, 1.4E-45, 0.0, 1.4E-45, 0.0, 0.0, 0.0
dp1, 20070813, 	31.1, 25.64478, 1.4E-45, -9999.0, 0.0, 1.4E-45, 0.0, 1.4E-45, 0.0, 0.0, 0.0
dp2, 20070813, 	27.2, 22.929514, 1.4E-45, -9999.0, 0.0, 1.4E-45, 0.0, 1.4E-45, 0.0, 0.0, 0.0
dp1, 20070814, 	30.4, 21.730892, 1.4E-45, -9999.0, 0.0, 1.4E-45, 0.0, 1.4E-45, 0.0, 0.0, 0.0
dp2, 20070814, 	27.7, 20.955912, 1.4E-45, -9999.0, 0.0, 1.4E-45, 0.0, 1.4E-45, 0.0, 0.0, 0.0
dp1, 20070815, 	30.7, 24.015278, 1.4E-45, -9999.0, 0.0, 1.4E-45, 0.0, 1.4E-45, 0.0, 0.0, 0.0
dp2, 20070815, 	26.4, 22.553122, 1.4E-45, -9999.0, 0.0, 1.4E-45, 0.0, 1.4E-45, 0.0, 0.0, 0.0
dp1, 20070816, 	28.3, 24.632975, 1.4E-45, -9999.0, 0.0, 1.4E-45, 0.0, 1.4E-45, 0.0, 0.0, 0.0
dp2, 20070816, 	24.3, 21.407997, 1.4E-45, -9999.0, 0.0, 1.4E-45, 0.0, 1.4E-45, 0.0, 0.0, 0.0
dp1, 20070817, 	28.2, 22.965967, 1.4E-45, -9999.0, 0.0, 1.4E-45, 0.0, 1.4E-45, 0.0, 0.0, 0.0
dp2, 20070817, 	23.6, 19.255205, 1.4E-45, -9999.0, 0.0, 1.4E-45, 0.0, 1.4E-45, 0.0, 0.0, 0.0
dp1, 20070818, 	24.6, 19.018738, 1.4E-45, -9999.0, 0.0, 1.4E-45, 0.0, 1.4E-45, 0.0, 0.0, 0.0
dp2, 20070818, 	20.7, 15.162496, 1.4E-45, -9999.0, 0.0, 1.4E-45, 0.0, 1.4E-45, 0.0, 0.0, 0.0
dp1, 20070819, 	29.8, 22.482292, 1.4E-45, -9999.0, 0.0, 1.4E-45, 0.0, 1.4E-45, 0.0, 0.0, 0.0
dp2, 20070819, 	19.8, 17.333685, 1.4E-45, -9999.0, 0.0, 1.4E-45, 0.0, 1.4E-45, 0.0, 0.0, 0.0
dp1, 20070820, 	27.7, 24.15, 1.4E-45, -9999.0, 0.0, 1.4E-45, 0.0, 1.4E-45, 0.0, 0.0, 0.0
dp2, 20070820, 	23.7, 20.800013, 1.4E-45, -9999.0, 0.0, 1.4E-45, 0.0, 1.4E-45, 0.0, 0.0, 0.0
dp1, 20070821, 	30.7, 25.19062, 1.4E-45, -9999.0, 0.0, 1.4E-45, 0.0, 1.4E-45, 0.0, 0.0, 0.0
dp2, 20070821, 	28.3, 22.831947, 1.4E-45, -9999.0, 0.0, 1.4E-45, 0.0, 1.4E-45, 0.0, 0.0, 0.0
dp1, 20070822, 	32.4, 26.336813, 1.4E-45, -9999.0, 0.0, 1.4E-45, 0.0, 1.4E-45, 0.0, 0.0, 0.0
dp2, 20070822, 	30.7, 25.032639, 1.4E-45, -9999.0, 0.0, 1.4E-45, 0.0, 1.4E-45, 0.0, 0.0, 0.0
dp1, 20070823, 	33.2, 26.402086, 1.4E-45, -9999.0, 0.0, 1.4E-45, 0.0, 1.4E-45, 0.0, 0.0, 0.0
dp2, 20070823, 	29.1, 22.576391, 1.4E-45, -9999.0, 0.0, 1.4E-45, 0.0, 1.4E-45, 0.0, 0.0, 0.0
dp1, 20070824, 	33.0, 25.504513, 1.4E-45, -9999.0, 0.0, 1.4E-45, 0.0, 1.4E-45, 0.0, 0.0, 0.0
dp2, 20070824, 	25.3, 21.914925, 1.4E-45, -9999.0, 0.0, 1.4E-45, 0.0, 1.4E-45, 0.0, 0.0, 0.0
dp1, 20070825, 	26.7, 23.097906, 1.4E-45, -9999.0, 0.0, 1.4E-45, 0.0, 1.4E-45, 0.0, 0.0, 0.0
dp2, 20070825, 	24.7, 21.40138, 1.4E-45, -9999.0, 0.0, 1.4E-45, 0.0, 1.4E-45, 0.0, 0.0, 0.0
dp1, 20070826, 	26.4, 20.668058, 1.4E-45, -9999.0, 0.0, 1.4E-45, 0.0, 1.4E-45, 0.0, 0.0, 0.0
dp2, 20070826, 	24.6, 18.432983, 1.4E-45, -9999.0, 0.0, 1.4E-45, 0.0, 1.4E-45, 0.0, 0.0, 0.0
dp1, 20070827, 	30.5, 20.89549, 1.4E-45, -9999.0, 0.0, 1.4E-45, 0.0, 1.4E-45, 0.0, 0.0, 0.0
dp2, 20070827, 	25.6, 18.69097, 1.4E-45, -9999.0, 0.0, 1.4E-45, 0.0, 1.4E-45, 0.0, 0.0, 0.0
dp1, 20070828, 	33.6, 23.709026, 1.4E-45, -9999.0, 0.0, 1.4E-45, 0.0, 1.4E-45, 0.0, 0.0, 0.0
dp2, 20070828, 	31.2, 23.35521, 1.4E-45, -9999.0, 0.0, 1.4E-45, 0.0, 1.4E-45, 0.0, 0.0, 0.0
dp1, 20070829, 	34.0, 24.548265, 1.4E-45, -9999.0, 0.0, 1.4E-45, 0.0, 1.4E-45, 0.0, 0.0, 0.0
dp2, 20070829, 	27.5, 23.14653, 1.4E-45, -9999.0, 0.0, 1.4E-45, 0.0, 1.4E-45, 0.0, 0.0, 0.0
dp1, 20070830, 	28.0, 22.768744, 1.4E-45, -9999.0, 0.0, 1.4E-45, 0.0, 1.4E-45, 0.0, 0.0, 0.0
dp2, 20070830, 	23.5, 19.448267, 1.4E-45, -9999.0, 0.0, 1.4E-45, 0.0, 1.4E-45, 0.0, 0.0, 0.0
dp1, 20070831, 	26.4, 17.738195, 1.4E-45, -9999.0, 0.0, 1.4E-45, 0.0, 1.4E-45, 0.0, 0.0, 0.0
dp2, 20070831, 	24.1, 16.797916, 1.4E-45, -9999.0, 0.0, 1.4E-45, 0.0, 1.4E-45, 0.0, 0.0, 0.0
dp1, 20080801, 	29.1, 23.955896, 1.4E-45, -9999.0, 0.0, 1.4E-45, 0.0, 1.4E-45, 0.0, 0.0, 0.0
dp2, 20080801, 	29.6, 23.516315, 1.4E-45, -9999.0, 0.0, 1.4E-45, 0.0, 1.4E-45, 0.0, 0.0, 0.0
dp1, 20080802, 	27.7, 23.783676, 1.4E-45, -9999.0, 0.0, 1.4E-45, 0.0, 1.4E-45, 0.0, 0.0, 0.0
dp2, 20080802, 	26.9, 21.223598, 1.4E-45, -9999.0, 0.0, 1.4E-45, 0.0, 1.4E-45, 0.0, 0.0, 0.0
dp1, 20080803, 	26.7, 19.622921, 1.4E-45, -9999.0, 0.0, 1.4E-45, 0.0, 1.4E-45, 0.0, 0.0, 0.0
dp2, 20080803, 	25.1, 19.123608, 1.4E-45, -9999.0, 0.0, 1.4E-45, 0.0, 1.4E-45, 0.0, 0.0, 0.0
dp1, 20080804, 	32.0, 24.082994, 1.4E-45, -9999.0, 0.0, 1.4E-45, 0.0, 1.4E-45, 0.0, 0.0, 0.0
dp2, 20080804, 	28.8, 22.518412, 1.4E-45, -9999.0, 0.0, 1.4E-45, 0.0, 1.4E-45, 0.0, 0.0, 0.0
dp1, 20080805, 	29.1, 24.947227, 1.4E-45, -9999.0, 0.0, 1.4E-45, 0.0, 1.4E-45, 0.0, 0.0, 0.0
dp2, 20080805, 	28.3, 23.31805, 1.4E-45, -9999.0, 0.0, 1.4E-45, 0.0, 1.4E-45, 0.0, 0.0, 0.0
dp1, 20080806, 	29.1, 24.07882, 1.4E-45, -9999.0, 0.0, 1.4E-45, 0.0, 1.4E-45, 0.0, 0.0, 0.0
dp2, 20080806, 	25.5, 21.329868, 1.4E-45, -9999.0, 0.0, 1.4E-45, 0.0, 1.4E-45, 0.0, 0.0, 0.0
dp1, 20080807, 	26.4, 21.267017, 1.4E-45, -9999.0, 0.0, 1.4E-45, 0.0, 1.4E-45, 0.0, 0.0, 0.0
dp2, 20080807, 	25.0, 19.751392, 1.4E-45, -9999.0, 0.0, 1.4E-45, 0.0, 1.4E-45, 0.0, 0.0, 0.0
dp1, 20080808, 	26.1, 19.022915, 1.4E-45, -9999.0, 0.0, 1.4E-45, 0.0, 1.4E-45, 0.0, 0.0, 0.0
dp2, 20080808, 	24.0, 18.155903, 1.4E-45, -9999.0, 0.0, 1.4E-45, 0.0, 1.4E-45, 0.0, 0.0, 0.0
dp1, 20080809, 	25.3, 19.178474, 1.4E-45, -9999.0, 0.0, 1.4E-45, 0.0, 1.4E-45, 0.0, 0.0, 0.0
dp2, 20080809, 	24.3, 18.805908, 1.4E-45, -9999.0, 0.0, 1.4E-45, 0.0, 1.4E-45, 0.0, 0.0, 0.0
dp1, 20080810, 	24.4, 19.585411, 1.4E-45, -9999.0, 0.0, 1.4E-45, 0.0, 1.4E-45, 0.0, 0.0, 0.0
dp2, 20080810, 	22.9, 17.418407, 1.4E-45, -9999.0, 0.0, 1.4E-45, 0.0, 1.4E-45, 0.0, 0.0, 0.0
dp1, 20080811, 	24.3, 16.856598, 1.4E-45, -9999.0, 0.0, 1.4E-45, 0.0, 1.4E-45, 0.0, 0.0, 0.0
dp2, 20080811, 	23.6, 16.396523, 1.4E-45, -9999.0, 0.0, 1.4E-45, 0.0, 1.4E-45, 0.0, 0.0, 0.0
dp1, 20080812, 	24.7, 18.468752, 1.4E-45, -9999.0, 0.0, 1.4E-45, 0.0, 1.4E-45, 0.0, 0.0, 0.0
dp2, 20080812, 	24.0, 18.104866, 1.4E-45, -9999.0, 0.0, 1.4E-45, 0.0, 1.4E-45, 0.0, 0.0, 0.0
dp1, 20080813, 	26.1, 19.81354, 1.4E-45, -9999.0, 0.0, 1.4E-45, 0.0, 1.4E-45, 0.0, 0.0, 0.0
dp2, 20080813, 	24.8, 18.978123, 1.4E-45, -9999.0, 0.0, 1.4E-45, 0.0, 1.4E-45, 0.0, 0.0, 0.0
dp1, 20080814, 	25.5, -15.193063, 1.4E-45, -9999.0, 0.0, 1.4E-45, 0.0, 1.4E-45, 0.0, 0.0, 0.0
dp2, 20080814, 	25.5, 18.29722, 1.4E-45, -9999.0, 0.0, 1.4E-45, 0.0, 1.4E-45, 0.0, 0.0, 0.0
dp1, 20080815, 	25.8, 19.755209, 1.4E-45, -9999.0, 0.0, 1.4E-45, 0.0, 1.4E-45, 0.0, 0.0, 0.0
dp2, 20080815, 	24.8, 18.550344, 1.4E-45, -9999.0, 0.0, 1.4E-45, 0.0, 1.4E-45, 0.0, 0.0, 0.0
dp1, 20080816, 	25.6, 17.746876, 1.4E-45, -9999.0, 0.0, 1.4E-45, 0.0, 1.4E-45, 0.0, 0.0, 0.0
dp2, 20080816, 	25.6, 17.655218, 1.4E-45, -9999.0, 0.0, 1.4E-45, 0.0, 1.4E-45, 0.0, 0.0, 0.0
dp1, 20080817, 	26.0, 18.296524, 1.4E-45, -9999.0, 0.0, 1.4E-45, 0.0, 1.4E-45, 0.0, 0.0, 0.0
dp2, 20080817, 	26.9, 19.843409, 1.4E-45, -9999.0, 0.0, 1.4E-45, 0.0, 1.4E-45, 0.0, 0.0, 0.0
dp1, 20080818, 	26.7, 18.859024, 1.4E-45, -9999.0, 0.0, 1.4E-45, 0.0, 1.4E-45, 0.0, 0.0, 0.0
dp2, 20080818, 	27.0, 21.315975, 1.4E-45, -9999.0, 0.0, 1.4E-45, 0.0, 1.4E-45, 0.0, 0.0, 0.0
dp1, 20080819, 	27.7, 19.619446, 1.4E-45, -9999.0, 0.0, 1.4E-45, 0.0, 1.4E-45, 0.0, 0.0, 0.0
dp2, 20080819, 	27.4, 19.71389, 1.4E-45, -9999.0, 0.0, 1.4E-45, 0.0, 1.4E-45, 0.0, 0.0, 0.0
dp1, 20080820, 	29.4, 21.846184, 1.4E-45, -9999.0, 0.0, 1.4E-45, 0.0, 1.4E-45, 0.0, 0.0, 0.0
dp2, 20080820, 	27.4, -14.653815, 1.4E-45, -9999.0, 0.0, 1.4E-45, 0.0, 1.4E-45, 0.0, 0.0, 0.0
dp1, 20080821, 	26.4, 22.022911, 1.4E-45, -9999.0, 0.0, 1.4E-45, 0.0, 1.4E-45, 0.0, 0.0, 0.0
dp2, 20080821, 	24.0, 20.089586, 1.4E-45, -9999.0, 0.0, 1.4E-45, 0.0, 1.4E-45, 0.0, 0.0, 0.0
dp1, 20080822, 	27.4, 22.867016, 1.4E-45, -9999.0, 0.0, 1.4E-45, 0.0, 1.4E-45, 0.0, 0.0, 0.0
dp2, 20080822, 	26.7, 22.603825, 1.4E-45, -9999.0, 0.0, 1.4E-45, 0.0, 1.4E-45, 0.0, 0.0, 0.0
dp1, 20080823, 	30.3, 23.824312, 1.4E-45, -9999.0, 0.0, 1.4E-45, 0.0, 1.4E-45, 0.0, 0.0, 0.0
dp2, 20080823, 	27.3, 23.17952, 1.4E-45, -9999.0, 0.0, 1.4E-45, 0.0, 1.4E-45, 0.0, 0.0, 0.0
dp1, 20080824, 	26.1, 22.393055, 1.4E-45, -9999.0, 0.0, 1.4E-45, 0.0, 1.4E-45, 0.0, 0.0, 0.0
dp2, 20080824, 	23.6, 18.313196, 1.4E-45, -9999.0, 0.0, 1.4E-45, 0.0, 1.4E-45, 0.0, 0.0, 0.0
dp1, 20080825, 	25.1, 18.361113, 1.4E-45, -9999.0, 0.0, 1.4E-45, 0.0, 1.4E-45, 0.0, 0.0, 0.0
dp2, 20080825, 	23.1, 16.834026, 1.4E-45, -9999.0, 0.0, 1.4E-45, 0.0, 1.4E-45, 0.0, 0.0, 0.0
dp1, 20080826, 	25.3, 18.785074, 1.4E-45, -9999.0, 0.0, 1.4E-45, 0.0, 1.4E-45, 0.0, 0.0, 0.0
dp2, 20080826, 	24.8, 16.801044, 1.4E-45, -9999.0, 0.0, 1.4E-45, 0.0, 1.4E-45, 0.0, 0.0, 0.0
dp1, 20080827, 	28.1, 20.35694, 1.4E-45, -9999.0, 0.0, 1.4E-45, 0.0, 1.4E-45, 0.0, 0.0, 0.0
dp2, 20080827, 	26.2, -399.92783, 1.4E-45, -9999.0, -416.0, 1.4E-45, 0.0, 1.4E-45, 0.0, 0.0, 0.0
dp1, 20080828, 	25.3, 20.223616, 1.4E-45, -9999.0, 0.0, 1.4E-45, 0.0, 1.4E-45, 0.0, 0.0, 0.0
dp2, 20080828, 	25.0, 18.153126, 1.4E-45, -9999.0, 0.0, 1.4E-45, 0.0, 1.4E-45, 0.0, 0.0, 0.0
dp1, 20080829, 	27.3, 23.261114, 1.4E-45, -9999.0, 0.0, 1.4E-45, 0.0, 1.4E-45, 0.0, 0.0, 0.0
dp2, 20080829, 	26.4, 21.939938, 1.4E-45, -9999.0, 0.0, 1.4E-45, 0.0, 1.4E-45, 0.0, 0.0, 0.0
dp1, 20080830, 	27.5, 19.932287, 1.4E-45, -9999.0, 0.0, 1.4E-45, 0.0, 1.4E-45, 0.0, 0.0, 0.0
dp2, 20080830, 	27.3, 18.011103, 1.4E-45, -9999.0, 0.0, 1.4E-45, 0.0, 1.4E-45, 0.0, 0.0, 0.0
dp1, 20080831, 	29.1, 20.695486, 1.4E-45, -9999.0, 0.0, 1.4E-45, 0.0, 1.4E-45, 0.0, 0.0, 0.0
dp2, 20080831, 	28.8, 19.447918, 1.4E-45, -9999.0, 0.0, 1.4E-45, 0.0, 1.4E-45, 0.0, 0.0, 0.0
dp1, 20090801, 	24.6, 18.790976, 1.4E-45, -9999.0, 0.0, 1.4E-45, 0.0, 1.4E-45, 0.0, 0.0, 0.0
dp2, 20090801, 	22.6, 17.359718, 1.4E-45, -9999.0, 0.0, 1.4E-45, 0.0, 1.4E-45, 0.0, 0.0, 0.0
dp1, 20090802, 	24.1, 18.849997, 1.4E-45, -9999.0, 0.0, 1.4E-45, 0.0, 1.4E-45, 0.0, 0.0, 0.0
dp2, 20090802, 	23.8, 17.211464, 1.4E-45, -9999.0, 0.0, 1.4E-45, 0.0, 1.4E-45, 0.0, 0.0, 0.0
dp1, 20090803, 	27.2, 20.21006, 1.4E-45, -9999.0, 0.0, 1.4E-45, 0.0, 1.4E-45, 0.0, 0.0, 0.0
dp2, 20090803, 	27.3, 20.654858, 1.4E-45, -9999.0, 0.0, 1.4E-45, 0.0, 1.4E-45, 0.0, 0.0, 0.0
dp1, 20090804, 	25.6, 22.33436, 1.4E-45, -9999.0, 0.0, 1.4E-45, 0.0, 1.4E-45, 0.0, 0.0, 0.0
dp2, 20090804, 	27.7, 21.867718, 1.4E-45, -9999.0, 0.0, 1.4E-45, 0.0, 1.4E-45, 0.0, 0.0, 0.0
dp1, 20090805, 	26.7, 20.688538, 1.4E-45, -9999.0, 0.0, 1.4E-45, 0.0, 1.4E-45, 0.0, 0.0, 0.0
dp2, 20090805, 	25.3, 19.810415, 1.4E-45, -9999.0, 0.0, 1.4E-45, 0.0, 1.4E-45, 0.0, 0.0, 0.0
dp1, 20090806, 	25.7, 19.539928, 1.4E-45, -9999.0, 0.0, 1.4E-45, 0.0, 1.4E-45, 0.0, 0.0, 0.0
dp2, 20090806, 	25.3, 18.47257, 1.4E-45, -9999.0, 0.0, 1.4E-45, 0.0, 1.4E-45, 0.0, 0.0, 0.0
dp1, 20090807, 	24.2, 19.58575, 1.4E-45, -9999.0, 0.0, 1.4E-45, 0.0, 1.4E-45, 0.0, 0.0, 0.0
dp2, 20090807, 	21.8, 17.08438, 1.4E-45, -9999.0, 0.0, 1.4E-45, 0.0, 1.4E-45, 0.0, 0.0, 0.0
dp1, 20090808, 	30.8, 24.060074, 1.4E-45, -9999.0, 0.0, 1.4E-45, 0.0, 1.4E-45, 0.0, 0.0, 0.0
dp2, 20090808, 	30.3, 23.17813, 1.4E-45, -9999.0, 0.0, 1.4E-45, 0.0, 1.4E-45, 0.0, 0.0, 0.0
dp1, 20090809, 	31.1, 26.736792, 1.4E-45, -9999.0, 0.0, 1.4E-45, 0.0, 1.4E-45, 0.0, 0.0, 0.0
dp2, 20090809, 	30.6, 26.22257, 1.4E-45, -9999.0, 0.0, 1.4E-45, 0.0, 1.4E-45, 0.0, 0.0, 0.0
dp1, 20090810, 	28.3, 24.294445, 1.4E-45, -9999.0, 0.0, 1.4E-45, 0.0, 1.4E-45, 0.0, 0.0, 0.0
dp2, 20090810, 	26.4, 22.606602, 1.4E-45, -9999.0, 0.0, 1.4E-45, 0.0, 1.4E-45, 0.0, 0.0, 0.0
dp1, 20090811, 	27.8, 23.14618, 1.4E-45, -9999.0, 0.0, 1.4E-45, 0.0, 1.4E-45, 0.0, 0.0, 0.0
dp2, 20090811, 	26.7, -221.57896, 1.4E-45, -9999.0, 0.0, 1.4E-45, 0.0, 1.4E-45, 0.0, 0.0, 0.0
dp1, 20090812, 	26.4, 20.411116, 1.4E-45, -9999.0, 0.0, 1.4E-45, 0.0, 1.4E-45, 0.0, 0.0, 0.0
dp2, 20090812, 	26.8, 19.570484, 1.4E-45, -9999.0, 0.0, 1.4E-45, 0.0, 1.4E-45, 0.0, 0.0, 0.0
dp1, 20090813, 	27.1, 19.662148, 1.4E-45, -9999.0, 0.0, 1.4E-45, 0.0, 1.4E-45, 0.0, 0.0, 0.0
dp2, 20090813, 	27.1, 20.403471, 1.4E-45, -9999.0, 0.0, 1.4E-45, 0.0, 1.4E-45, 0.0, 0.0, 0.0
dp1, 20090814, 	28.4, 21.041674, 1.4E-45, -9999.0, 0.0, 1.4E-45, 0.0, 1.4E-45, 0.0, 0.0, 0.0
dp2, 20090814, 	28.0, 21.345146, 1.4E-45, -9999.0, 0.0, 1.4E-45, 0.0, 1.4E-45, 0.0, 0.0, 0.0
dp1, 20090815, 	29.0, 22.792011, 1.4E-45, -9999.0, 0.0, 1.4E-45, 0.0, 1.4E-45, 0.0, 0.0, 0.0
dp2, 20090815, 	28.8, 22.000694, 1.4E-45, -9999.0, 0.0, 1.4E-45, 0.0, 1.4E-45, 0.0, 0.0, 0.0
dp1, 20090816, 	30.0, 23.554504, 1.4E-45, -9999.0, 0.0, 1.4E-45, 0.0, 1.4E-45, 0.0, 0.0, 0.0
dp2, 20090816, 	25.3, 21.562849, 1.4E-45, -9999.0, 0.0, 1.4E-45, 0.0, 1.4E-45, 0.0, 0.0, 0.0
dp1, 20090817, 	29.2, 23.150694, 1.4E-45, -9999.0, 0.0, 1.4E-45, 0.0, 1.4E-45, 0.0, 0.0, 0.0
dp2, 20090817, 	26.0, 22.117012, 1.4E-45, -9999.0, 0.0, 1.4E-45, 0.0, 1.4E-45, 0.0, 0.0, 0.0
dp1, 20090818, 	26.9, 21.877787, 1.4E-45, -9999.0, 0.0, 1.4E-45, 0.0, 1.4E-45, 0.0, 0.0, 0.0
dp2, 20090818, 	25.8, 21.929167, 1.4E-45, -9999.0, 0.0, 1.4E-45, 0.0, 1.4E-45, 0.0, 0.0, 0.0
dp1, 20090819, 	27.7, 21.559021, 1.4E-45, -9999.0, 0.0, 1.4E-45, 0.0, 1.4E-45, 0.0, 0.0, 0.0
dp2, 20090819, 	25.6, 17.674654, 1.4E-45, -9999.0, 0.0, 1.4E-45, 0.0, 1.4E-45, 0.0, 0.0, 0.0
dp1, 20090820, 	24.6, 21.328129, 1.4E-45, -9999.0, 0.0, 1.4E-45, 0.0, 1.4E-45, 0.0, 0.0, 0.0
dp2, 20090820, 	24.0, 20.367712, 1.4E-45, -9999.0, 0.0, 1.4E-45, 0.0, 1.4E-45, 0.0, 0.0, 0.0
dp1, 20090821, 	23.9, 18.547224, 1.4E-45, -9999.0, 0.0, 1.4E-45, 0.0, 1.4E-45, 0.0, 0.0, 0.0
dp2, 20090821, 	21.2, 17.50451, 1.4E-45, -9999.0, 0.0, 1.4E-45, 0.0, 1.4E-45, 0.0, 0.0, 0.0
dp1, 20090822, 	20.8, 17.094788, 1.4E-45, -9999.0, 0.0, 1.4E-45, 0.0, 1.4E-45, 0.0, 0.0, 0.0
dp2, 20090822, 	20.9, 16.199308, 1.4E-45, -9999.0, 0.0, 1.4E-45, 0.0, 1.4E-45, 0.0, 0.0, 0.0
dp1, 20090823, 	22.8, 17.940983, 1.4E-45, -9999.0, 0.0, 1.4E-45, 0.0, 1.4E-45, 0.0, 0.0, 0.0
dp2, 20090823, 	22.3, 15.512157, 1.4E-45, -9999.0, 0.0, 1.4E-45, 0.0, 1.4E-45, 0.0, 0.0, 0.0
dp1, 20090824, 	23.7, 17.518055, 1.4E-45, -9999.0, 0.0, 1.4E-45, 0.0, 1.4E-45, 0.0, 0.0, 0.0
dp2, 20090824, 	23.8, 16.898615, 1.4E-45, -9999.0, 0.0, 1.4E-45, 0.0, 1.4E-45, 0.0, 0.0, 0.0
dp1, 20090825, 	25.7, 18.396175, 1.4E-45, -9999.0, 0.0, 1.4E-45, 0.0, 1.4E-45, 0.0, 0.0, 0.0
dp2, 20090825, 	26.2, 18.73368, 1.4E-45, -9999.0, 0.0, 1.4E-45, 0.0, 1.4E-45, 0.0, 0.0, 0.0
dp1, 20090826, 	27.5, 19.833675, 1.4E-45, -9999.0, 0.0, 1.4E-45, 0.0, 1.4E-45, 0.0, 0.0, 0.0
dp2, 20090826, 	23.9, 19.578474, 1.4E-45, -9999.0, 0.0, 1.4E-45, 0.0, 1.4E-45, 0.0, 0.0, 0.0
dp1, 20090827, 	29.0, 22.876043, 1.4E-45, -9999.0, 0.0, 1.4E-45, 0.0, 1.4E-45, 0.0, 0.0, 0.0
dp2, 20090827, 	18.5, 16.91424, 1.4E-45, -9999.0, 0.0, 1.4E-45, 0.0, 1.4E-45, 0.0, 0.0, 0.0
dp1, 20090828, 	24.7, 20.611456, 1.4E-45, -9999.0, 0.0, 1.4E-45, 0.0, 1.4E-45, 0.0, 0.0, 0.0
dp2, 20090828, 	19.5, 16.847918, 1.4E-45, -9999.0, 0.0, 1.4E-45, 0.0, 1.4E-45, 0.0, 0.0, 0.0
dp1, 20090829, 	21.5, 17.807295, 1.4E-45, -9999.0, 0.0, 1.4E-45, 0.0, 1.4E-45, 0.0, 0.0, 0.0
dp2, 20090829, 	18.7, 15.086454, 1.4E-45, -9999.0, 0.0, 1.4E-45, 0.0, 1.4E-45, 0.0, 0.0, 0.0
dp1, 20090830, 	18.9, 13.988192, 1.4E-45, -9999.0, 0.0, 1.4E-45, 0.0, 1.4E-45, 0.0, 0.0, 0.0
dp2, 20090830, 	18.3, 13.849653, 1.4E-45, -9999.0, 0.0, 1.4E-45, 0.0, 1.4E-45, 0.0, 0.0, 0.0
dp1, 20090831, 	20.0, 13.588536, 1.4E-45, -9999.0, 0.0, 1.4E-45, 0.0, 1.4E-45, 0.0, 0.0, 0.0
dp2, 20090831, 	18.9, 11.6680565, 1.4E-45, -9999.0, 0.0, 1.4E-45, 0.0, 1.4E-45, 0.0, 0.0, 0.0
dp1, 20100801, 	27.7, -47.951027, 1.4E-45, -9999.0, 0.0, 1.4E-45, 0.0, 1.4E-45, 0.0, 0.0, 0.0
dp2, 20100801, 	27.9, -152.72043, 1.4E-45, -9999.0, 0.0, 1.4E-45, 0.0, 1.4E-45, 0.0, 0.0, 0.0
dp1, 20100802, 	28.7, 22.307297, 1.4E-45, -9999.0, 0.0, 1.4E-45, 0.0, 1.4E-45, 0.0, 0.0, 0.0
dp2, 20100802, 	27.7, 22.67117, 1.4E-45, -9999.0, 0.0, 1.4E-45, 0.0, 1.4E-45, 0.0, 0.0, 0.0
dp1, 20100803, 	33.4, 25.809727, 1.4E-45, -9999.0, 0.0, 1.4E-45, 0.0, 1.4E-45, 0.0, 0.0, 0.0
dp2, 20100803, 	29.4, 23.61771, 1.4E-45, -9999.0, 0.0, 1.4E-45, 0.0, 1.4E-45, 0.0, 0.0, 0.0
dp1, 20100804, 	33.9, 28.13958, 1.4E-45, -9999.0, 0.0, 1.4E-45, 0.0, 1.4E-45, 0.0, 0.0, 0.0
dp2, 20100804, 	28.6, 23.87708, 1.4E-45, -9999.0, 0.0, 1.4E-45, 0.0, 1.4E-45, 0.0, 0.0, 0.0
dp1, 20100805, 	29.7, 25.349295, 1.4E-45, -9999.0, 0.0, 1.4E-45, 0.0, 1.4E-45, 0.0, 0.0, 0.0
dp2, 20100805, 	26.3, 23.05869, 1.4E-45, -9999.0, 0.0, 1.4E-45, 0.0, 1.4E-45, 0.0, 0.0, 0.0
dp1, 20100806, 	26.7, 20.738888, 1.4E-45, -9999.0, 0.0, 1.4E-45, 0.0, 1.4E-45, 0.0, 0.0, 0.0
dp2, 20100806, 	25.8, 20.09861, 1.4E-45, -9999.0, 0.0, 1.4E-45, 0.0, 1.4E-45, 0.0, 0.0, 0.0
dp1, 20100807, 	28.1, 20.773952, 1.4E-45, -9999.0, 0.0, 1.4E-45, 0.0, 1.4E-45, 0.0, 0.0, 0.0
dp2, 20100807, 	27.4, 21.188194, 1.4E-45, -9999.0, 0.0, 1.4E-45, 0.0, 1.4E-45, 0.0, 0.0, 0.0
dp1, 20100808, 	31.4, 23.30903, 1.4E-45, -9999.0, 0.0, 1.4E-45, 0.0, 1.4E-45, 0.0, 0.0, 0.0
dp2, 20100808, 	29.5, 22.021523, 1.4E-45, -9999.0, 0.0, 1.4E-45, 0.0, 1.4E-45, 0.0, 0.0, 0.0
dp1, 20100809, 	32.8, 25.797224, 1.4E-45, -9999.0, 0.0, 1.4E-45, 0.0, 1.4E-45, 0.0, 0.0, 0.0
dp2, 20100809, 	29.2, 25.043392, 1.4E-45, -9999.0, 0.0, 1.4E-45, 0.0, 1.4E-45, 0.0, 0.0, 0.0
dp1, 20100810, 	33.5, 27.619783, 1.4E-45, -9999.0, 0.0, 1.4E-45, 0.0, 1.4E-45, 0.0, 0.0, 0.0
dp2, 20100810, 	30.3, 25.35312, 1.4E-45, -9999.0, 0.0, 1.4E-45, 0.0, 1.4E-45, 0.0, 0.0, 0.0
dp1, 20100811, 	32.5, 26.525345, 1.4E-45, -9999.0, 0.0, 1.4E-45, 0.0, 1.4E-45, 0.0, 0.0, 0.0
dp2, 20100811, 	29.4, 25.381601, 1.4E-45, -9999.0, 0.0, 1.4E-45, 0.0, 1.4E-45, 0.0, 0.0, 0.0
dp1, 20100812, 	32.7, 27.038204, 1.4E-45, -9999.0, 0.0, 1.4E-45, 0.0, 1.4E-45, 0.0, 0.0, 0.0
dp2, 20100812, 	31.4, 25.698612, 1.4E-45, -9999.0, 0.0, 1.4E-45, 0.0, 1.4E-45, 0.0, 0.0, 0.0
dp1, 20100813, 	33.4, 26.742002, 1.4E-45, -9999.0, 0.0, 1.4E-45, 0.0, 1.4E-45, 0.0, 0.0, 0.0
dp2, 20100813, 	31.0, 25.657295, 1.4E-45, -9999.0, 0.0, 1.4E-45, 0.0, 1.4E-45, 0.0, 0.0, 0.0
dp1, 20100814, 	31.2, 25.416307, 1.4E-45, -9999.0, 0.0, 1.4E-45, 0.0, 1.4E-45, 0.0, 0.0, 0.0
dp2, 20100814, 	28.5, 23.864588, 1.4E-45, -9999.0, 0.0, 1.4E-45, 0.0, 1.4E-45, 0.0, 0.0, 0.0
dp1, 20100815, 	30.4, 26.262499, 1.4E-45, -9999.0, 0.0, 1.4E-45, 0.0, 1.4E-45, 0.0, 0.0, 0.0
dp2, 20100815, 	27.0, 23.67118, 1.4E-45, -9999.0, 0.0, 1.4E-45, 0.0, 1.4E-45, 0.0, 0.0, 0.0
dp1, 20100816, 	27.1, 21.395496, 1.4E-45, -9999.0, 0.0, 1.4E-45, 0.0, 1.4E-45, 0.0, 0.0, 0.0
dp2, 20100816, 	25.2, 19.902431, 1.4E-45, -9999.0, 0.0, 1.4E-45, 0.0, 1.4E-45, 0.0, 0.0, 0.0
dp1, 20100817, 	26.4, 20.138885, 1.4E-45, -9999.0, 0.0, 1.4E-45, 0.0, 1.4E-45, 0.0, 0.0, 0.0
dp2, 20100817, 	22.8, 19.131945, 1.4E-45, -9999.0, 0.0, 1.4E-45, 0.0, 1.4E-45, 0.0, 0.0, 0.0
dp1, 20100818, 	29.0, 22.620834, 1.4E-45, -9999.0, 0.0, 1.4E-45, 0.0, 1.4E-45, 0.0, 0.0, 0.0
dp2, 20100818, 	26.3, 19.870481, 1.4E-45, -9999.0, 0.0, 1.4E-45, 0.0, 1.4E-45, 0.0, 0.0, 0.0
dp1, 20100819, 	31.6, 23.476381, 1.4E-45, -9999.0, 0.0, 1.4E-45, 0.0, 1.4E-45, 0.0, 0.0, 0.0
dp2, 20100819, 	29.3, 22.431252, 1.4E-45, -9999.0, 0.0, 1.4E-45, 0.0, 1.4E-45, 0.0, 0.0, 0.0
dp1, 20100820, 	32.7, 25.593401, 1.4E-45, -9999.0, 0.0, 1.4E-45, 0.0, 1.4E-45, 0.0, 0.0, 0.0
dp2, 20100820, 	31.4, 24.642706, 1.4E-45, -9999.0, 0.0, 1.4E-45, 0.0, 1.4E-45, 0.0, 0.0, 0.0
dp1, 20100821, 	28.2, 24.022228, 1.4E-45, -9999.0, 0.0, 1.4E-45, 0.0, 1.4E-45, 0.0, 0.0, 0.0
dp2, 20100821, 	28.0, 23.30312, 1.4E-45, -9999.0, 0.0, 1.4E-45, 0.0, 1.4E-45, 0.0, 0.0, 0.0
dp1, 20100822, 	29.9, 23.729164, 1.4E-45, -9999.0, 0.0, 1.4E-45, 0.0, 1.4E-45, 0.0, 0.0, 0.0
dp2, 20100822, 	27.9, 22.715637, 1.4E-45, -9999.0, 0.0, 1.4E-45, 0.0, 1.4E-45, 0.0, 0.0, 0.0
dp1, 20100823, 	29.1, 21.218742, 1.4E-45, -9999.0, 0.0, 1.4E-45, 0.0, 1.4E-45, 0.0, 0.0, 0.0
dp2, 20100823, 	27.3, 20.798958, 1.4E-45, -9999.0, 0.0, 1.4E-45, 0.0, 1.4E-45, 0.0, 0.0, 0.0
dp1, 20100824, 	28.6, 21.514925, 1.4E-45, -9999.0, 0.0, 1.4E-45, 0.0, 1.4E-45, 0.0, 0.0, 0.0
dp2, 20100824, 	27.8, -119.39296, 1.4E-45, -9999.0, 0.0, 1.4E-45, 0.0, 1.4E-45, 0.0, 0.0, 0.0
dp1, 20100825, 	26.0, 21.25972, 1.4E-45, -9999.0, 0.0, 1.4E-45, 0.0, 1.4E-45, 0.0, 0.0, 0.0
dp2, 20100825, 	24.6, 18.915972, 1.4E-45, -9999.0, 0.0, 1.4E-45, 0.0, 1.4E-45, 0.0, 0.0, 0.0
dp1, 20100826, 	25.7, 17.74201, 1.4E-45, -9999.0, 0.0, 1.4E-45, 0.0, 1.4E-45, 0.0, 0.0, 0.0
dp2, 20100826, 	23.8, 16.439924, 1.4E-45, -9999.0, 0.0, 1.4E-45, 0.0, 1.4E-45, 0.0, 0.0, 0.0
dp1, 20100827, 	28.7, 18.985067, 1.4E-45, -9999.0, 0.0, 1.4E-45, 0.0, 1.4E-45, 0.0, 0.0, 0.0
dp2, 20100827, 	27.5, 18.168053, 1.4E-45, -9999.0, 0.0, 1.4E-45, 0.0, 1.4E-45, 0.0, 0.0, 0.0
dp1, 20100828, 	31.7, 21.16146, 1.4E-45, -9999.0, 0.0, 1.4E-45, 0.0, 1.4E-45, 0.0, 0.0, 0.0
dp2, 20100828, 	28.6, 20.409723, 1.4E-45, -9999.0, 0.0, 1.4E-45, 0.0, 1.4E-45, 0.0, 0.0, 0.0
dp1, 20100829, 	33.6, 25.611464, 1.4E-45, -9999.0, 0.0, 1.4E-45, 0.0, 1.4E-45, 0.0, 0.0, 0.0
dp2, 20100829, 	31.9, 22.488533, 1.4E-45, -9999.0, 0.0, 1.4E-45, 0.0, 1.4E-45, 0.0, 0.0, 0.0
dp1, 20100830, 	30.4, 23.689232, 1.4E-45, -9999.0, 0.0, 1.4E-45, 0.0, 1.4E-45, 0.0, 0.0, 0.0
dp2, 20100830, 	28.9, 23.491667, 1.4E-45, -9999.0, 0.0, 1.4E-45, 0.0, 1.4E-45, 0.0, 0.0, 0.0
dp1, 20100831, 	32.4, 25.467354, 1.4E-45, -9999.0, 0.0, 1.4E-45, 0.0, 1.4E-45, 0.0, 0.0, 0.0
dp2, 20100831, 	31.3, 25.125, 1.4E-45, -9999.0, 0.0, 1.4E-45, 0.0, 1.4E-45, 0.0, 0.0, 0.0
dp1, 20110801, 	32.7, 26.107983, 1.4E-45, -9999.0, 0.0, 1.4E-45, 0.0, 1.4E-45, 0.0, 0.0, 0.0
dp2, 20110801, 	30.5, 25.457289, 1.4E-45, -9999.0, 0.0, 1.4E-45, 0.0, 1.4E-45, 0.0, 0.0, 0.0
dp1, 20110802, 	33.6, 26.783682, 1.4E-45, -9999.0, 0.0, 1.4E-45, 0.0, 1.4E-45, 0.0, 0.0, 0.0
dp2, 20110802, 	32.9, 27.422926, 1.4E-45, -9999.0, 0.0, 1.4E-45, 0.0, 1.4E-45, 0.0, 0.0, 0.0
dp1, 20110803, 	31.6, 27.884027, 1.4E-45, -9999.0, 0.0, 1.4E-45, 0.0, 1.4E-45, 0.0, 0.0, 0.0
dp2, 20110803, 	31.3, 25.999308, 1.4E-45, -9999.0, 0.0, 1.4E-45, 0.0, 1.4E-45, 0.0, 0.0, 0.0
dp1, 20110804, 	30.1, 23.196178, 1.4E-45, -9999.0, 0.0, 1.4E-45, 0.0, 1.4E-45, 0.0, 0.0, 0.0
dp2, 20110804, 	27.6, 22.404856, 1.4E-45, -9999.0, 0.0, 1.4E-45, 0.0, 1.4E-45, 0.0, 0.0, 0.0
dp1, 20110805, 	30.7, 24.598602, 1.4E-45, -9999.0, 0.0, 1.4E-45, 0.0, 1.4E-45, 0.0, 0.0, 0.0
dp2, 20110805, 	27.5, 22.486809, 1.4E-45, -9999.0, 0.0, 1.4E-45, 0.0, 1.4E-45, 0.0, 0.0, 0.0
dp1, 20110806, 	29.8, 24.62223, 1.4E-45, -9999.0, 0.0, 1.4E-45, 0.0, 1.4E-45, 0.0, 0.0, 0.0
dp2, 20110806, 	28.0, 23.88542, 1.4E-45, -9999.0, 0.0, 1.4E-45, 0.0, 1.4E-45, 0.0, 0.0, 0.0
dp1, 20110807, 	31.5, 26.075336, 1.4E-45, -9999.0, 0.0, 1.4E-45, 0.0, 1.4E-45, 0.0, 0.0, 0.0
dp2, 20110807, 	29.1, 23.619785, 1.4E-45, -9999.0, 0.0, 1.4E-45, 0.0, 1.4E-45, 0.0, 0.0, 0.0
dp1, 20110808, 	30.1, 23.359026, 1.4E-45, -9999.0, 0.0, 1.4E-45, 0.0, 1.4E-45, 0.0, 0.0, 0.0
dp2, 20110808, 	26.2, -14.017361, 1.4E-45, -9999.0, 0.0, 1.4E-45, 0.0, 1.4E-45, 0.0, 0.0, 0.0
dp1, 20110809, 	30.8, 24.051744, 1.4E-45, -9999.0, 0.0, 1.4E-45, 0.0, 1.4E-45, 0.0, 0.0, 0.0
dp2, 20110809, 	24.8, -13.9739485, 1.4E-45, -9999.0, 0.0, 1.4E-45, 0.0, 1.4E-45, 0.0, 0.0, 0.0
dp1, 20110810, 	26.6, 19.964586, 1.4E-45, -9999.0, 0.0, 1.4E-45, 0.0, 1.4E-45, 0.0, 0.0, 0.0
dp2, 20110810, 	23.5, 18.670134, 1.4E-45, -9999.0, 0.0, 1.4E-45, 0.0, 1.4E-45, 0.0, 0.0, 0.0
dp1, 20110811, 	26.9, 18.736458, 1.4E-45, -9999.0, 0.0, 1.4E-45, 0.0, 1.4E-45, 0.0, 0.0, 0.0
dp2, 20110811, 	24.4, 18.071877, 1.4E-45, -9999.0, 0.0, 1.4E-45, 0.0, 1.4E-45, 0.0, 0.0, 0.0
dp1, 20110812, 	28.6, 19.649305, 1.4E-45, -9999.0, 0.0, 1.4E-45, 0.0, 1.4E-45, 0.0, 0.0, 0.0
dp2, 20110812, 	26.1, 18.66771, 1.4E-45, -9999.0, 0.0, 1.4E-45, 0.0, 1.4E-45, 0.0, 0.0, 0.0
dp1, 20110813, 	30.5, 20.839237, 1.4E-45, -9999.0, 0.0, 1.4E-45, 0.0, 1.4E-45, 0.0, 0.0, 0.0
dp2, 20110813, 	26.3, 20.813192, 1.4E-45, -9999.0, 0.0, 1.4E-45, 0.0, 1.4E-45, 0.0, 0.0, 0.0
dp1, 20110814, 	25.7, 19.917366, 1.4E-45, -9999.0, 0.0, 1.4E-45, 0.0, 1.4E-45, 0.0, 0.0, 0.0
dp2, 20110814, 	23.4, 18.867018, 1.4E-45, -9999.0, 0.0, 1.4E-45, 0.0, 1.4E-45, 0.0, 0.0, 0.0
dp1, 20110815, 	26.3, 18.928827, 1.4E-45, -9999.0, 0.0, 1.4E-45, 0.0, 1.4E-45, 0.0, 0.0, 0.0
dp2, 20110815, 	25.2, 17.9066, 1.4E-45, -9999.0, 0.0, 1.4E-45, 0.0, 1.4E-45, 0.0, 0.0, 0.0
dp1, 20110816, 	27.7, 19.032991, 1.4E-45, -9999.0, 0.0, 1.4E-45, 0.0, 1.4E-45, 0.0, 0.0, 0.0
dp2, 20110816, 	25.9, 19.079506, 1.4E-45, -9999.0, 0.0, 1.4E-45, 0.0, 1.4E-45, 0.0, 0.0, 0.0
dp1, 20110817, 	29.7, 21.358341, 1.4E-45, -9999.0, 0.0, 1.4E-45, 0.0, 1.4E-45, 0.0, 0.0, 0.0
dp2, 20110817, 	27.8, 20.28507, 1.4E-45, -9999.0, 0.0, 1.4E-45, 0.0, 1.4E-45, 0.0, 0.0, 0.0
dp1, 20110818, 	30.6, 23.902775, 1.4E-45, -9999.0, 0.0, 1.4E-45, 0.0, 1.4E-45, 0.0, 0.0, 0.0
dp2, 20110818, 	26.9, 21.70799, 1.4E-45, -9999.0, 0.0, 1.4E-45, 0.0, 1.4E-45, 0.0, 0.0, 0.0
dp1, 20110819, 	31.5, 23.691668, 1.4E-45, -9999.0, 0.0, 1.4E-45, 0.0, 1.4E-45, 0.0, 0.0, 0.0
dp2, 20110819, 	29.8, 21.988192, 1.4E-45, -9999.0, 0.0, 1.4E-45, 0.0, 1.4E-45, 0.0, 0.0, 0.0
dp1, 20110820, 	30.5, 22.506601, 1.4E-45, -9999.0, 0.0, 1.4E-45, 0.0, 1.4E-45, 0.0, 0.0, 0.0
dp2, 20110820, 	27.3, 21.279854, 1.4E-45, -9999.0, 0.0, 1.4E-45, 0.0, 1.4E-45, 0.0, 0.0, 0.0
dp1, 20110821, 	28.6, 22.911116, 1.4E-45, -9999.0, 0.0, 1.4E-45, 0.0, 1.4E-45, 0.0, 0.0, 0.0
dp2, 20110821, 	24.8, 21.132296, 1.4E-45, -9999.0, 0.0, 1.4E-45, 0.0, 1.4E-45, 0.0, 0.0, 0.0
dp1, 20110822, 	28.8, 19.909721, 1.4E-45, -9999.0, 0.0, 1.4E-45, 0.0, 1.4E-45, 0.0, 0.0, 0.0
dp2, 20110822, 	26.3, 19.459032, 1.4E-45, -9999.0, 0.0, 1.4E-45, 0.0, 1.4E-45, 0.0, 0.0, 0.0
dp1, 20110823, 	27.1, 18.873604, 1.4E-45, -9999.0, 0.0, 1.4E-45, 0.0, 1.4E-45, 0.0, 0.0, 0.0
dp2, 20110823, 	23.7, 18.275003, 1.4E-45, -9999.0, 0.0, 1.4E-45, 0.0, 1.4E-45, 0.0, 0.0, 0.0
dp1, 20110824, 	33.8, 26.023619, 1.4E-45, -9999.0, 0.0, 1.4E-45, 0.0, 1.4E-45, 0.0, 0.0, 0.0
dp2, 20110824, 	31.2, 24.476393, 1.4E-45, -9999.0, 0.0, 1.4E-45, 0.0, 1.4E-45, 0.0, 0.0, 0.0
dp1, 20110825, 	29.3, 22.364244, 1.4E-45, -9999.0, 0.0, 1.4E-45, 0.0, 1.4E-45, 0.0, 0.0, 0.0
dp2, 20110825, 	26.0, 20.104177, 1.4E-45, -9999.0, 0.0, 1.4E-45, 0.0, 1.4E-45, 0.0, 0.0, 0.0
dp1, 20110826, 	28.0, 20.105198, 1.4E-45, -9999.0, 0.0, 1.4E-45, 0.0, 1.4E-45, 0.0, 0.0, 0.0
dp2, 20110826, 	26.8, 18.781588, 1.4E-45, -9999.0, 0.0, 1.4E-45, 0.0, 1.4E-45, 0.0, 0.0, 0.0
dp1, 20110827, 	30.0, 21.384722, 1.4E-45, -9999.0, 0.0, 1.4E-45, 0.0, 1.4E-45, 0.0, 0.0, 0.0
dp2, 20110827, 	27.6, 21.75313, 1.4E-45, -9999.0, 0.0, 1.4E-45, 0.0, 1.4E-45, 0.0, 0.0, 0.0
dp1, 20110828, 	26.1, 19.81458, 1.4E-45, -9999.0, 0.0, 1.4E-45, 0.0, 1.4E-45, 0.0, 0.0, 0.0
dp2, 20110828, 	23.2, 17.991663, 1.4E-45, -9999.0, 0.0, 1.4E-45, 0.0, 1.4E-45, 0.0, 0.0, 0.0
dp1, 20110829, 	27.2, 20.186811, 1.4E-45, -9999.0, 0.0, 1.4E-45, 0.0, 1.4E-45, 0.0, 0.0, 0.0
dp2, 20110829, 	24.5, 17.958326, 1.4E-45, -9999.0, 0.0, 1.4E-45, 0.0, 1.4E-45, 0.0, 0.0, 0.0
dp1, 20110830, 	29.3, 19.920486, 1.4E-45, -9999.0, 0.0, 1.4E-45, 0.0, 1.4E-45, 0.0, 0.0, 0.0
dp2, 20110830, 	23.2, 17.130554, 1.4E-45, -9999.0, 0.0, 1.4E-45, 0.0, 1.4E-45, 0.0, 0.0, 0.0
dp1, 20110831, 	34.5, 24.263887, 1.4E-45, -9999.0, 0.0, 1.4E-45, 0.0, 1.4E-45, 0.0, 0.0, 0.0
dp2, 20110831, 	29.0, 21.415983, 1.4E-45, -9999.0, 0.0, 1.4E-45, 0.0, 1.4E-45, 0.0, 0.0, 0.0
