9qd, 201209, 	49.9, 0.0, 23.235092
9qd, 201210, 	52.6, -4.5, 16.30969
9qd, 201211, 	40.6, -17.5, 8.513455
9qd, 201212, 	23.7, -20.1, 3.2715807
9qd, 201301, 	22.9, -21.1, 0.019697797
9qd, 201302, 	31.7, -17.5, 2.0551708
9qd, 201303, 	41.0, -12.9, 10.248955
9qd, 201304, 	47.2, -8.6, 15.491602
9qd, 201305, 	52.2, -3.5, 20.118498
9qd, 201306, 	58.1, -2.0, 24.974483
9qd, 201307, 	57.5, 5.1, 28.269583
9qd, 201308, 	56.9, 4.0, 25.445992
9qd, 201309, 	52.1, -2.8, 21.14493
9qd, 201310, 	45.7, -9.4, 13.154349
9qd, 201311, 	37.9, -4.9, 8.23118
9qd, 201312, 	30.2, -21.1, 1.6003321
9qd, 201401, 	36.0, -9.7, 6.453006
9qd, 201402, 	40.7, -16.3, 7.212889
9qd, 201403, 	45.9, -11.1, 10.264775
9qd, 201404, 	53.3, -14.9, 13.151403
9qd, 201405, 	59.7, -3.3, 19.844212
9qd, 201406, 	63.5, 0.8, 25.461538
9qd, 201407, 	63.3, 8.2, 28.450691
9qd, 201408, 	61.2, 6.3, 25.96844
9qd, 201409, 	57.5, -1.4, 22.332184
9qd, 201410, 	52.9, -2.4, 16.461475
9qd, 201411, 	36.1, -11.1, 7.7505245
9qd, 201412, 	25.8, -14.4, 4.158083
9qd, 201501, 	33.7, -9.7, 4.9646907
9qd, 201502, 	32.8, -6.6, 8.134564
9qd, 201503, 	45.4, -10.2, 11.705522
9qd, 201504, 	45.6, -11.6, 11.560808
9qd, 201505, 	47.6, -8.5, 14.803149
9qd, 201506, 	55.6, 1.4, 23.960758
9qd, 201507, 	56.2, 4.0, 24.379066
9qd, 201508, 	56.3, 4.6, 24.798967
9qd, 201509, 	57.2, -0.4, 20.905018
9qd, 201510, 	45.5, -1.4, 15.712577
9qd, 201511, 	35.1, -19.5, 2.9476187
9qd, 201512, 	25.9, -23.9, 0.39391032
9qd, 201601, 	24.0, -19.7, 2.2147586
9qd, 201602, 	30.3, -19.5, 3.0605478
9qd, 201603, 	32.0, -11.6, 7.253959
9qd, 201604, 	48.0, -5.5, 13.1343
9qd, 201605, 	57.7, -3.7, 17.736994
9qd, 201606, 	60.1, 0.6, 25.003069
9qd, 201607, 	60.5, 0.9, 27.055452
9qd, 201608, 	59.8, 3.9, 25.649801
9qd, 201609, 	53.2, -5.0, 20.88681
9qd, 201610, 	47.4, -5.8, 13.197001
9qd, 201611, 	36.7, -15.1, 7.4685044
9qd, 201612, 	26.8, -21.6, 2.2077994
9qd, 201701, 	27.0, -15.9, 1.5017756
9qd, 201702, 	41.2, -21.2, 4.260395
9qd, 201703, 	73.8, -18.2, 6.292511
9qd, 201704, 	42.2, -13.6, 10.980593
9qd, 201705, 	49.5, -4.3, 18.43661
9qd, 201706, 	56.1, -8.4, 24.014446
9qd, 201707, 	55.3, 6.9, 27.791374
9qd, 201708, 	58.2, 6.8, 26.344564
9qd, 201709, 	51.9, -2.0, 20.478708
9qd, 201710, 	41.4, -3.7, 13.98937
9qd, 201711, 	32.8, -6.8, 8.765337
9qd, 201712, 	27.7, -15.4, 4.317602
9qd, 201801, 	28.8, -17.0, 6.011645
9qd, 201802, 	32.4, -17.9, 4.999615
9qd, 201803, 	36.3, -20.9, 4.4294014
9qd, 201804, 	41.7, -19.3, 11.451297
9qd, 201805, 	48.3, -2.7, 17.246794
9qd, 201806, 	50.9, 0.4, 22.873693
9qd, 201807, 	49.0, 9.1, 26.43464
9qd, 201808, 	49.0, 6.5, 23.63389
9qd, 201809, 	46.4, 3.4, 20.808228
9qd, 201810, 	39.0, -0.2, 15.3453045
9qd, 201811, 	33.8, -7.3, 8.316731
9qd, 201812, 	22.5, -17.8, 3.1831095
9qd, 201901, 	24.4, -17.0, 3.9391773
9qd, 201902, 	23.6, -26.1, 1.4797313
9qd, 201903, 	34.1, -17.5, 5.225635
9qd, 201904, 	43.3, -10.4, 11.443894
9qd, 201905, 	40.9, -11.0, 13.541732
