dpj, 20120801, 	30.4, 25.051725, 44.7, 28.027073, 0.0, 28.7, 22.0, 0.097, 0.085, 0.0, 0.0
dpj, 20120802, 	31.2, 24.340282, 44.8, 27.68888, 0.0, 28.9, 21.5, 0.088, 0.079, 0.0, 0.0
dpj, 20120803, 	33.7, 26.150352, 47.6, 29.036465, 0.0, 29.4, 22.4, 0.082, 0.075, 0.0, 0.0
dpj, 20120804, 	31.8, 25.92257, 46.2, 28.55764, 0.0, 29.3, 23.2, 0.078, 0.07, 0.0, 0.0
dpj, 20120805, 	29.1, 24.524652, 32.9, 25.338884, 0.0, 27.8, 23.9, 0.113, 0.07, 0.0, 0.0
dpj, 20120806, 	27.3, 22.866325, 40.6, 26.256248, 0.0, 28.0, 21.6, 0.113, 0.103, 0.0, 0.0
dpj, 20120807, 	29.2, 22.770483, 42.1, 25.333675, 0.0, 28.1, 20.7, 0.104, 0.09, 0.0, 0.0
dpj, 20120808, 	32.3, 24.130564, 44.4, 26.590975, 0.0, 28.5, 21.1, 0.093, 0.082, 0.0, 0.0
dpj, 20120809, 	30.0, 21.7882, 43.7, 24.263542, 0.0, 28.1, 22.1, 0.147, 0.077, 0.0, 0.0
dpj, 20120810, 	24.1, 19.671179, 29.7, 21.26841, 0.0, 24.7, 21.6, 0.213, 0.132, 0.0, 0.0
dpj, 20120811, 	19.8, 16.790264, 25.9, 18.102425, 0.0, 23.7, 20.3, 0.183, 0.166, 0.0, 0.0
dpj, 20120812, 	25.2, 19.253807, 35.7, 22.056252, 0.0, 25.0, 19.9, 0.168, 0.156, 0.0, 0.0
dpj, 20120813, 	26.3, 20.451729, 37.0, 22.126741, 0.0, 25.1, 20.5, 0.157, 0.142, 0.0, 0.0
dpj, 20120814, 	23.9, 19.794794, 32.7, 21.22361, 0.0, 23.8, 20.6, 0.144, 0.134, 0.0, 0.0
dpj, 20120815, 	26.2, 20.547237, 37.0, 23.080553, 0.0, 25.6, 20.0, 0.137, 0.121, 0.0, 0.0
dpj, 20120816, 	28.6, 22.170143, 37.3, 23.518381, 0.0, 25.8, 20.1, 0.123, 0.105, 0.0, 0.0
dpj, 20120817, 	25.7, 21.681953, 37.7, 23.247568, 0.0, 25.4, 21.3, 0.109, 0.096, 0.0, 0.0
dpj, 20120818, 	24.9, 18.991323, 39.5, 21.182644, 0.0, 24.7, 19.0, 0.099, 0.087, 0.0, 0.0
dpj, 20120819, 	26.5, 19.514929, 39.3, 21.632284, 0.0, 24.4, 19.4, 0.09, 0.082, 0.0, 0.0
dpj, 20120820, 	25.0, 17.938885, 35.3, 20.355207, 0.0, 24.2, 18.4, 0.129, 0.082, 0.0, 0.0
dpj, 20120821, 	24.7, 18.227085, 35.4, 19.627422, 0.0, 23.0, 17.8, 0.103, 0.09, 0.0, 0.0
dpj, 20120822, 	27.4, 19.37222, 40.0, 21.88472, 0.0, 24.8, 17.5, 0.093, 0.08, 0.0, 0.0
dpj, 20120823, 	29.5, 22.189236, 41.2, 23.683676, 0.0, 25.7, 18.4, 0.084, 0.075, 0.0, 0.0
dpj, 20120824, 	31.1, 23.642021, 42.7, 24.507292, 0.0, 25.8, 19.1, 0.079, 0.07, 0.0, 0.0
dpj, 20120825, 	30.9, 24.171186, 45.1, 25.390278, 0.0, 26.7, 19.8, 0.075, 0.068, 0.0, 0.0
dpj, 20120826, 	30.5, 23.254164, 44.3, 25.345482, 0.0, 27.3, 19.8, 0.071, 0.063, 0.0, 0.0
dpj, 20120827, 	28.1, 22.293062, 35.6, 22.175697, 0.0, 25.2, 20.5, 0.069, 0.061, 0.0, 0.0
dpj, 20120828, 	27.4, 22.41668, 36.2, 24.71111, 0.0, 25.7, 21.7, 0.133, 0.065, 0.0, 0.0
dpj, 20120829, 	25.3, 20.030558, 36.8, 21.572577, 0.0, 24.4, 19.7, 0.108, 0.094, 0.0, 0.0
dpj, 20120830, 	28.8, 19.79687, 38.3, 21.470833, 0.0, 24.6, 17.9, 0.096, 0.085, 0.0, 0.0
dpj, 20120831, 	33.0, 23.291664, 40.5, 23.440973, 0.0, 26.0, 18.4, 0.087, 0.078, 0.0, 0.0
dpj, 20130801, 	25.8, 20.85834, 33.9, 22.75139, 0.0, 26.8, 21.1, 0.373, 0.313, 0.0, 0.0
dpj, 20130802, 	23.3, 18.55764, 30.0, 19.577091, 0.0, 24.9, 20.5, 0.338, 0.324, 0.0, 0.0
dpj, 20130803, 	25.2, 20.419796, 33.0, 21.727085, 0.0, 25.5, 21.1, 0.398, 0.323, 0.0, 0.0
dpj, 20130804, 	22.7, 18.39548, 31.2, 19.001043, 0.0, 25.1, 19.9, 0.351, 0.314, 0.0, 0.0
dpj, 20130805, 	22.7, -17.477438, 38.9, 19.888548, 0.0, 24.7, 19.1, 0.315, 0.303, 0.0, 0.0
dpj, 20130806, 	25.7, 19.515633, 38.4, 22.834368, 0.0, 26.1, 20.0, 0.304, 0.285, 0.0, 0.0
dpj, 20130807, 	28.6, 21.330206, 40.1, 22.50694, 0.0, 25.5, 21.1, 0.289, 0.281, 0.0, 0.0
dpj, 20130808, 	26.7, 22.997215, 38.1, 24.642017, 0.0, 25.3, 22.5, 0.284, 0.279, 0.0, 0.0
dpj, 20130809, 	24.8, 21.453125, 32.9, 23.392708, 0.0, 25.9, 22.4, 0.419, 0.279, 0.0, 0.0
dpj, 20130810, 	26.7, 21.27153, 39.0, 23.877773, 0.0, 27.6, 21.4, 0.37, 0.329, 0.0, 0.0
dpj, 20130811, 	26.7, 21.126736, 38.1, 23.765625, 0.0, 27.2, 21.9, 0.33, 0.307, 0.0, 0.0
dpj, 20130812, 	27.1, 21.67361, 38.4, 23.49862, 0.0, 27.6, 21.6, 0.308, 0.29, 0.0, 0.0
dpj, 20130813, 	24.3, 21.062506, 34.0, 23.038198, 0.0, 27.1, 23.0, 0.292, 0.276, 0.0, 0.0
dpj, 20130814, 	18.6, 14.473616, 33.8, 16.954859, 0.0, 24.7, 19.9, 0.276, 0.271, 0.0, 0.0
dpj, 20130815, 	21.7, 15.527778, 38.7, 18.843405, 0.0, 24.8, 18.0, 0.272, 0.261, 0.0, 0.0
dpj, 20130816, 	23.3, 17.78785, 39.9, 20.639587, 0.0, 25.7, 19.2, 0.263, 0.251, 0.0, 0.0
dpj, 20130817, 	25.3, 18.877428, 39.4, 21.287153, 0.0, 25.5, 19.6, 0.252, 0.239, 0.0, 0.0
dpj, 20130818, 	21.0, 18.338884, 27.5, 19.13403, 0.0, 24.0, 20.5, 0.241, 0.238, 0.0, 0.0
dpj, 20130819, 	26.0, 20.245138, 41.3, 23.968744, 0.0, 26.6, 20.5, 0.241, 0.231, 0.0, 0.0
dpj, 20130820, 	27.1, -13.93785, 40.1, 23.089235, 0.0, 27.0, 20.2, 0.232, 0.22, 0.0, 0.0
dpj, 20130821, 	27.7, 21.445839, 41.7, 22.84618, 0.0, 26.7, 20.6, 0.221, 0.211, 0.0, 0.0
dpj, 20130822, 	27.4, 20.700691, 39.1, 22.541674, 0.0, 25.2, 21.2, 0.213, 0.209, 0.0, 0.0
dpj, 20130823, 	26.6, 21.946184, 37.8, 23.963535, 0.0, 26.8, 21.5, 0.323, 0.208, 0.0, 0.0
dpj, 20130824, 	25.7, 20.069792, 36.7, 21.96319, 0.0, 26.9, 20.2, 0.273, 0.251, 0.0, 0.0
dpj, 20130825, 	27.1, 20.810764, 37.6, 21.45591, 0.0, 26.8, 20.1, 0.252, 0.235, 0.0, 0.0
dpj, 20130826, 	28.2, 21.739923, 38.2, 22.6948, 0.0, 26.8, 20.6, 0.236, 0.22, 0.0, 0.0
dpj, 20130827, 	25.7, 22.442009, 27.9, 22.269785, 0.0, 25.3, 22.4, 0.227, 0.22, 0.0, 0.0
dpj, 20130828, 	27.9, 24.436462, 35.1, 24.995827, 0.0, 26.4, 22.7, 0.227, 0.22, 0.0, 0.0
dpj, 20130829, 	28.5, 23.10591, 38.0, 24.416666, 0.0, 27.0, 22.6, 0.223, 0.214, 0.0, 0.0
dpj, 20130830, 	29.3, 23.771873, 38.6, 24.099312, 0.0, 27.5, 21.6, 0.215, 0.202, 0.0, 0.0
dpj, 20130831, 	28.8, 23.813545, 36.0, 24.744791, 0.0, 27.7, 22.8, 0.218, 0.2, 0.0, 0.0
dpj, 20140801, 	26.9, 21.164574, 31.8, 21.1566, 0.0, 24.2, 19.3, 0.362, 0.33, 0.0, 0.0
dpj, 20140802, 	24.9, 18.693398, 25.0, 18.236814, 0.0, 23.6, 20.0, 0.488, 0.328, 0.0, 0.0
dpj, 20140803, 	24.1, 18.909367, 30.5, 19.969095, 0.0, 22.5, 19.7, 0.474, 0.436, 0.0, 0.0
dpj, 20140804, 	26.9, -83.56736, 31.5, 21.265972, 0.0, 23.7, 19.4, 0.437, 0.398, 0.0, 0.0
dpj, 20140805, 	26.6, 20.773258, 32.2, 20.252432, 0.0, 23.2, 19.8, 0.399, 0.379, 0.0, 0.0
dpj, 20140806, 	25.5, 20.584726, 29.4, 20.893742, 0.0, 23.5, 20.8, 0.382, 0.363, 0.0, 0.0
dpj, 20140807, 	24.1, 19.475344, 27.5, 18.633686, 0.0, 23.3, 19.6, 0.365, 0.335, 0.0, 0.0
dpj, 20140808, 	24.6, 19.746183, 26.6, 18.475353, 0.0, 23.1, 19.4, 0.337, 0.311, 0.0, 0.0
dpj, 20140809, 	26.5, 19.951735, 29.3, 19.324991, 0.0, 23.5, 19.4, 0.312, 0.293, 0.0, 0.0
dpj, 20140810, 	27.5, 21.913551, 29.5, 21.244444, 0.0, 24.2, 20.0, 0.295, 0.278, 0.0, 0.0
dpj, 20140811, 	24.6, 21.004517, 27.2, 20.602772, 0.0, 23.6, 21.5, 0.482, 0.277, 0.0, 0.0
dpj, 20140812, 	25.5, 21.437843, 30.0, 21.91632, 0.0, 22.7, 21.1, 0.49, 0.441, 0.0, 0.0
dpj, 20140813, 	22.4, 18.0941, 25.2, 18.734386, 0.0, 22.3, 20.3, 0.442, 0.394, 0.0, 0.0
dpj, 20140814, 	21.3, -399.71753, 27.9, 18.028816, -416.0, 21.7, 0.0, 0.395, 0.0, 0.0, 0.0
dpj, 20140815, 	21.6, 15.344798, 34.6, 17.50521, 0.0, 22.7, 17.0, 0.374, 0.354, 0.0, 0.0
dpj, 20140816, 	24.3, 16.392012, 33.3, 17.552427, 0.0, 22.7, 16.6, 0.357, 0.335, 0.0, 0.0
dpj, 20140817, 	25.5, 20.82987, 39.7, 22.944786, 0.0, 23.8, 19.5, 0.338, 0.328, 0.0, 0.0
dpj, 20140818, 	25.8, 21.828133, 36.4, 23.737503, 0.0, 24.5, 20.7, 0.33, 0.313, 0.0, 0.0
dpj, 20140819, 	27.8, 22.018404, 39.3, 24.465279, 0.0, 26.5, 20.1, 0.315, 0.298, 0.0, 0.0
dpj, 20140820, 	26.9, 21.883335, 36.0, 23.37569, 0.0, 25.3, 21.0, 0.467, 0.297, 0.0, 0.0
dpj, 20140821, 	24.1, 20.981934, 28.1, 21.823605, 0.0, 24.7, 21.5, 0.457, 0.42, 0.0, 0.0
dpj, 20140822, 	27.5, 22.189577, 36.6, 24.274654, 0.0, 26.3, 21.7, 0.476, 0.413, 0.0, 0.0
dpj, 20140823, 	26.9, 22.567022, 34.5, 24.684366, 0.0, 27.1, 22.5, 0.482, 0.43, 0.0, 0.0
dpj, 20140824, 	26.9, 21.882296, 34.7, 23.824303, 0.0, 27.1, 22.1, 0.431, 0.395, 0.0, 0.0
dpj, 20140825, 	26.9, 21.768059, 35.5, 23.660076, 0.0, 27.0, 21.9, 0.397, 0.377, 0.0, 0.0
dpj, 20140826, 	27.9, 22.383331, 35.5, 24.537148, 0.0, 28.0, 22.2, 0.377, 0.349, 0.0, 0.0
dpj, 20140827, 	28.3, 23.342367, 37.1, 24.923618, 0.0, 27.8, 22.8, 0.353, 0.329, 0.0, 0.0
dpj, 20140828, 	22.5, 18.663546, 31.4, 20.359718, 0.0, 26.1, 21.4, 0.332, 0.31, 0.0, 0.0
dpj, 20140829, 	25.5, 18.053131, 32.0, 19.487497, 0.0, 25.5, 19.4, 0.318, 0.298, 0.0, 0.0
dpj, 20140830, 	29.4, 22.64201, 33.9, 22.727083, 0.0, 26.2, 20.9, 0.3, 0.279, 0.0, 0.0
dpj, 20140831, 	26.1, 22.239227, 26.5, 22.441658, 0.0, 25.0, 22.5, 0.445, 0.279, 0.0, 0.0
dpj, 20150801, 	26.6, 22.343765, 32.7, 22.377436, 0.0, 25.3, 21.8, 0.273, 0.251, 0.0, 0.0
dpj, 20150802, 	28.3, 21.993053, 33.3, 22.090626, 0.0, 25.3, 21.3, 0.253, 0.232, 0.0, 0.0
dpj, 20150803, 	27.5, 22.553818, 30.9, 22.101387, 0.0, 24.5, 21.5, 0.234, 0.22, 0.0, 0.0
dpj, 20150804, 	26.2, 21.515276, 31.5, 21.722221, 0.0, 24.5, 20.6, 0.223, 0.205, 0.0, 0.0
dpj, 20150805, 	25.2, 20.387156, 32.5, 20.685417, 0.0, 24.1, 20.3, 0.207, 0.194, 0.0, 0.0
dpj, 20150806, 	21.9, 17.868761, 23.6, 17.280209, 0.0, 23.4, 20.3, 0.197, 0.192, 0.0, 0.0
dpj, 20150807, 	26.3, -15.4854145, 32.5, 20.042366, 0.0, 23.5, 19.1, 0.194, 0.183, 0.0, 0.0
dpj, 20150808, 	26.8, 21.445488, 33.8, 21.672218, 0.0, 23.8, 20.0, 0.186, 0.178, 0.0, 0.0
dpj, 20150809, 	27.1, 22.712858, 32.0, 22.660767, 0.0, 24.1, 20.7, 0.18, 0.175, 0.0, 0.0
dpj, 20150810, 	26.7, -116.53617, 30.3, 22.651047, 0.0, 23.7, 21.6, 0.176, 0.172, 0.0, 0.0
dpj, 20150811, 	25.8, 21.93263, 30.7, 22.763187, 0.0, 23.8, 21.6, 0.178, 0.17, 0.0, 0.0
dpj, 20150812, 	24.4, 19.92674, 40.8, 21.749651, 0.0, 25.1, 20.3, 0.174, 0.169, 0.0, 0.0
dpj, 20150813, 	24.7, 18.284721, 42.2, 22.188536, 0.0, 26.2, 18.4, 0.172, 0.166, 0.0, 0.0
dpj, 20150814, 	27.5, 20.946878, 44.7, 24.460064, 0.0, 27.5, 19.7, 0.17, 0.164, 0.0, 0.0
dpj, 20150815, 	28.3, 22.403463, 45.8, 26.578133, 0.0, 28.4, 21.0, 0.167, 0.16, 0.0, 0.0
dpj, 20150816, 	29.3, 23.416662, 46.0, 26.69307, 0.0, 28.6, 21.4, 0.164, 0.155, 0.0, 0.0
dpj, 20150817, 	29.6, -393.6842, 47.1, 26.734379, -416.0, 28.6, 0.0, 0.158, 0.0, 0.0, 0.0
dpj, 20150818, 	26.4, 22.555916, 43.4, 26.031242, 0.0, 26.8, 22.8, 0.154, 0.149, 0.0, 0.0
dpj, 20150819, 	29.4, 23.01285, 45.3, 25.87014, 0.0, 27.7, 21.7, 0.151, 0.146, 0.0, 0.0
dpj, 20150820, 	24.5, 22.147917, 36.5, 24.103119, 0.0, 26.6, 23.0, 0.151, 0.145, 0.0, 0.0
dpj, 20150821, 	24.4, 18.59166, 41.1, 22.514582, 0.0, 26.9, 18.9, 0.149, 0.144, 0.0, 0.0
dpj, 20150822, 	25.6, 19.51007, 43.3, 23.064234, 0.0, 27.0, 19.1, 0.147, 0.14, 0.0, 0.0
dpj, 20150823, 	27.3, 20.724308, 44.1, 23.572575, 0.0, 27.2, 19.3, 0.143, 0.136, 0.0, 0.0
dpj, 20150824, 	24.8, 20.096874, 36.4, 22.605213, 0.0, 25.5, 20.3, 0.17, 0.135, 0.0, 0.0
dpj, 20150825, 	19.4, 15.627082, 29.1, 16.834724, 0.0, 23.4, 18.5, 0.158, 0.152, 0.0, 0.0
dpj, 20150826, 	18.5, 14.908336, 32.9, 17.249657, 0.0, 21.6, 17.6, 0.154, 0.148, 0.0, 0.0
dpj, 20150827, 	22.5, 17.474306, 39.2, 21.032295, 0.0, 23.4, 18.5, 0.15, 0.144, 0.0, 0.0
dpj, 20150828, 	25.3, 18.419434, 40.0, 21.58715, 0.0, 25.5, 17.7, 0.146, 0.138, 0.0, 0.0
dpj, 20150829, 	28.4, 20.206247, 41.9, 21.663893, 0.0, 25.4, 18.5, 0.14, 0.134, 0.0, 0.0
dpj, 20150830, 	27.8, 21.939938, 37.5, 23.67326, 0.0, 26.2, 20.7, 0.151, 0.132, 0.0, 0.0
dpj, 20150831, 	28.9, 22.682636, 41.5, 25.143408, 0.0, 27.5, 20.6, 0.149, 0.141, 0.0, 0.0
dpj, 20160801, 	31.8, 24.579865, 43.0, 25.964586, 0.0, 25.6, 21.7, 0.126, 0.116, 0.0, 0.0
dpj, 20160802, 	32.3, 24.801033, 43.9, 27.314936, 0.0, 25.9, 21.8, 0.118, 0.109, 0.0, 0.0
dpj, 20160803, 	33.5, 25.832298, 46.5, 27.166317, 0.0, 26.2, 21.2, 0.11, 0.103, 0.0, 0.0
dpj, 20160804, 	30.8, 24.186113, 43.7, 26.308672, 0.0, 25.4, 22.0, 0.109, 0.1, 0.0, 0.0
dpj, 20160805, 	33.0, 25.570826, 46.4, 28.369452, 0.0, 26.7, 21.9, 0.105, 0.095, 0.0, 0.0
dpj, 20160806, 	29.9, 25.38021, 38.5, 27.11147, 0.0, 26.0, 23.4, 0.19, 0.098, 0.0, 0.0
dpj, 20160807, 	29.9, 22.788889, 39.7, 22.584724, 0.0, 25.0, 20.6, 0.151, 0.137, 0.0, 0.0
dpj, 20160808, 	29.8, 22.730566, 40.0, 23.574305, 0.0, 24.4, 20.9, 0.139, 0.13, 0.0, 0.0
dpj, 20160809, 	30.8, 24.125696, 39.7, 24.237143, 0.0, 24.7, 20.8, 0.134, 0.124, 0.0, 0.0
dpj, 20160810, 	28.9, 24.668056, 39.3, 25.615967, 0.0, 25.0, 22.8, 0.135, 0.121, 0.0, 0.0
dpj, 20160811, 	32.9, 26.01493, 40.7, 26.712502, 0.0, 25.7, 23.0, 0.138, 0.129, 0.0, 0.0
dpj, 20160812, 	32.2, 27.120491, 39.2, 27.242699, 0.0, 25.9, 23.5, 0.137, 0.128, 0.0, 0.0
dpj, 20160813, 	32.8, 27.196531, 42.0, 27.813541, 0.0, 26.5, 23.5, 0.132, 0.122, 0.0, 0.0
dpj, 20160814, 	24.4, 22.813904, 27.2, 23.417692, 0.0, 25.5, 23.5, 0.237, 0.125, 0.0, 0.0
dpj, 20160815, 	27.1, 22.897923, 32.4, 23.635063, 0.0, 24.2, 22.8, 0.257, 0.208, 0.0, 0.0
dpj, 20160816, 	30.1, 23.824654, 34.3, 24.236103, 0.0, 24.8, 22.5, 0.234, 0.206, 0.0, 0.0
dpj, 20160817, 	25.5, 21.842361, 31.4, 23.022566, 0.0, 24.3, 22.8, 0.261, 0.213, 0.0, 0.0
dpj, 20160818, 	29.7, -11.3312435, 35.2, 24.652092, 0.0, 25.1, 22.6, 0.248, 0.218, 0.0, 0.0
dpj, 20160819, 	30.0, 23.20348, 35.1, 23.80729, 0.0, 25.2, 22.1, 0.222, 0.202, 0.0, 0.0
dpj, 20160820, 	29.2, -11.283682, 33.7, 23.469093, 0.0, 24.8, 22.2, 0.205, 0.186, 0.0, 0.0
dpj, 20160821, 	26.3, 22.762846, 31.2, 23.236454, 0.0, 24.2, 22.8, 0.191, 0.176, 0.0, 0.0
dpj, 20160822, 	25.8, 19.281946, 31.0, 19.156246, 0.0, 23.4, 20.5, 0.178, 0.164, 0.0, 0.0
dpj, 20160823, 	26.7, 20.309374, 32.7, 19.471539, 0.0, 22.6, 19.2, 0.168, 0.154, 0.0, 0.0
dpj, 20160824, 	28.6, 21.34549, 34.0, 20.13785, 0.0, 22.7, 19.3, 0.161, 0.148, 0.0, 0.0
dpj, 20160825, 	31.6, 25.575682, 36.7, 26.144104, 0.0, 24.6, 21.6, 0.151, 0.142, 0.0, 0.0
dpj, 20160826, 	31.1, 25.750343, 37.1, 25.637154, 0.0, 24.6, 22.0, 0.145, 0.136, 0.0, 0.0
dpj, 20160827, 	32.2, 24.70695, 37.4, 24.279171, 0.0, 24.8, 21.4, 0.139, 0.131, 0.0, 0.0
dpj, 20160828, 	31.6, 23.97396, 37.0, 24.69236, 0.0, 25.1, 21.7, 0.136, 0.13, 0.0, 0.0
dpj, 20160829, 	30.4, 23.282993, 37.0, 23.712152, 0.0, 24.5, 21.5, 0.134, 0.126, 0.0, 0.0
dpj, 20160830, 	30.4, 23.094444, 37.6, 22.7052, 0.0, 24.0, 20.2, 0.129, 0.121, 0.0, 0.0
dpj, 20160831, 	29.7, 22.287493, 41.1, 22.047907, 0.0, 23.8, 21.1, 0.188, 0.118, 0.0, 0.0
dpj, 20170801, 	27.9, 21.59584, 36.7, 22.676735, 0.0, 26.2, 20.8, 0.286, 0.266, 0.0, 0.0
dpj, 20170802, 	28.0, 22.125002, 35.1, 23.107649, 0.0, 26.3, 21.6, 0.27, 0.254, 0.0, 0.0
dpj, 20170803, 	27.4, 21.769794, 35.3, 23.180567, 0.0, 26.0, 22.0, 0.257, 0.245, 0.0, 0.0
dpj, 20170804, 	25.3, 22.019787, 30.5, 21.866302, 0.0, 25.2, 22.6, 0.33, 0.243, 0.0, 0.0
dpj, 20170805, 	22.7, 17.02986, 31.4, 18.93332, 0.0, 24.0, 20.2, 0.304, 0.276, 0.0, 0.0
dpj, 20170806, 	23.8, 17.925343, 32.7, 19.493406, 0.0, 24.0, 20.0, 0.292, 0.276, 0.0, 0.0
dpj, 20170807, 	24.1, 18.594795, 32.8, 20.105553, 0.0, 23.9, 20.4, 0.279, 0.263, 0.0, 0.0
dpj, 20170808, 	24.0, 19.115278, 33.8, 20.309727, 0.0, 24.1, 19.7, 0.265, 0.244, 0.0, 0.0
dpj, 20170809, 	26.4, 18.796535, 36.2, 20.037498, 0.0, 24.1, 18.7, 0.247, 0.232, 0.0, 0.0
dpj, 20170810, 	25.3, 19.23611, 37.6, 19.845493, 0.0, 23.6, 19.3, 0.236, 0.224, 0.0, 0.0
dpj, 20170811, 	24.3, 20.331251, 27.7, 20.510069, 0.0, 23.1, 21.2, 0.228, 0.223, 0.0, 0.0
dpj, 20170812, 	24.3, 19.565964, 33.9, 21.331598, 0.0, 23.5, 20.3, 0.23, 0.221, 0.0, 0.0
dpj, 20170813, 	24.8, 18.789238, 39.0, 20.619099, 0.0, 23.9, 19.1, 0.225, 0.211, 0.0, 0.0
dpj, 20170814, 	25.9, 20.318756, 38.4, 22.355907, 0.0, 24.7, 20.2, 0.213, 0.199, 0.0, 0.0
dpj, 20170815, 	28.5, 22.05105, 38.8, 23.057638, 0.0, 25.2, 20.3, 0.201, 0.186, 0.0, 0.0
dpj, 20170816, 	28.5, 22.55313, 40.5, 24.518747, 0.0, 26.1, 20.8, 0.19, 0.175, 0.0, 0.0
dpj, 20170817, 	29.3, 23.957981, 37.6, 24.088203, 0.0, 25.6, 22.1, 0.178, 0.168, 0.0, 0.0
dpj, 20170818, 	27.7, 24.014244, 38.8, 25.352425, 0.0, 25.4, 22.7, 0.172, 0.16, 0.0, 0.0
dpj, 20170819, 	26.4, 21.255554, 34.7, 20.929169, 0.0, 24.7, 21.1, 0.162, 0.156, 0.0, 0.0
dpj, 20170820, 	28.3, 20.607286, 39.4, 22.237848, 0.0, 25.4, 19.2, 0.158, 0.148, 0.0, 0.0
dpj, 20170821, 	29.6, 24.537155, 40.4, 24.828815, 0.0, 25.2, 21.4, 0.151, 0.144, 0.0, 0.0
dpj, 20170822, 	27.6, 24.516317, 33.9, 24.060068, 0.0, 24.8, 22.3, 0.147, 0.139, 0.0, 0.0
dpj, 20170823, 	23.8, 19.312157, 36.4, 20.914927, 0.0, 23.6, 20.0, 0.144, 0.136, 0.0, 0.0
dpj, 20170824, 	21.4, 16.171175, 34.4, 16.73681, 0.0, 22.8, 18.2, 0.141, 0.134, 0.0, 0.0
dpj, 20170825, 	21.1, 15.628126, 37.3, 16.714235, 0.0, 20.8, 17.2, 0.136, 0.129, 0.0, 0.0
dpj, 20170826, 	23.0, 14.862154, 37.0, 16.439934, 0.0, 21.7, 15.8, 0.132, 0.126, 0.0, 0.0
dpj, 20170827, 	23.8, 16.634718, 35.9, 18.24097, 0.0, 22.3, 16.8, 0.128, 0.122, 0.0, 0.0
dpj, 20170828, 	23.5, 18.993055, 33.7, 19.227436, 0.0, 21.9, 18.6, 0.126, 0.121, 0.0, 0.0
dpj, 20170829, 	23.4, 18.857985, 34.5, 19.704165, 0.0, 22.2, 19.1, 0.127, 0.121, 0.0, 0.0
dpj, 20170830, 	24.5, 18.756252, 35.3, 19.77292, 0.0, 21.9, 18.6, 0.126, 0.121, 0.0, 0.0
dpj, 20170831, 	22.4, 18.074663, 32.5, 18.37431, 0.0, 21.6, 18.0, 0.124, 0.118, 0.0, 0.0
dpj, 20180801, 	22.9, 21.359716, 27.0, 21.192356, 0.0, 1.4E-45, 0.0, 1.4E-45, 0.0, 0.0, 0.0
dpj, 20180802, 	26.1, 21.344437, 37.9, 22.330557, 0.0, 1.4E-45, 0.0, 1.4E-45, 0.0, 0.0, 0.0
dpj, 20180803, 	27.9, 22.622923, 35.5, 22.855555, 0.0, 1.4E-45, 0.0, 1.4E-45, 0.0, 0.0, 0.0
dpj, 20180804, 	29.6, 23.751387, 38.1, 23.742704, 0.0, 1.4E-45, 0.0, 1.4E-45, 0.0, 0.0, 0.0
dpj, 20180805, 	30.7, 24.91389, 37.6, 24.571875, 0.0, 1.4E-45, 0.0, 1.4E-45, 0.0, 0.0, 0.0
dpj, 20180806, 	31.2, 25.885765, 37.2, 25.32083, 0.0, 1.4E-45, 0.0, 1.4E-45, 0.0, 0.0, 0.0
dpj, 20180807, 	28.1, 24.26945, 38.2, 24.76841, 0.0, 1.4E-45, 0.0, 1.4E-45, 0.0, 0.0, 0.0
dpj, 20180808, 	26.7, 22.714586, 32.2, 22.953476, 0.0, 1.4E-45, 0.0, 1.4E-45, 0.0, 0.0, 0.0
dpj, 20180809, 	27.9, 22.4566, 35.8, 23.50972, 0.0, 1.4E-45, 0.0, 1.4E-45, 0.0, 0.0, 0.0
dpj, 20180810, 	27.6, 22.078125, 38.0, 22.421877, 0.0, 1.4E-45, 0.0, 1.4E-45, 0.0, 0.0, 0.0
dpj, 20180811, 	26.4, -187.22292, 36.2, 23.812494, 0.0, 1.4E-45, 0.0, 1.4E-45, 0.0, 0.0, 0.0
dpj, 20180812, 	26.5, 20.113882, 37.0, 20.1566, 0.0, 1.4E-45, 0.0, 1.4E-45, 0.0, 0.0, 0.0
dpj, 20180813, 	27.3, 21.006939, 37.9, 21.283333, 0.0, 1.4E-45, 0.0, 1.4E-45, 0.0, 0.0, 0.0
dpj, 20180814, 	27.6, 21.89202, 38.0, 22.47152, 0.0, 1.4E-45, 0.0, 1.4E-45, 0.0, 0.0, 0.0
dpj, 20180815, 	28.9, 23.021532, 37.9, 22.735064, 0.0, 1.4E-45, 0.0, 1.4E-45, 0.0, 0.0, 0.0
dpj, 20180816, 	25.2, 22.512846, 26.1, 21.819792, 0.0, 1.4E-45, 0.0, 1.4E-45, 0.0, 0.0, 0.0
dpj, 20180817, 	24.8, 22.5375, 28.5, 22.649311, 0.0, 1.4E-45, 0.0, 1.4E-45, 0.0, 0.0, 0.0
dpj, 20180818, 	27.1, 22.034025, 37.0, 23.082985, 0.0, 1.4E-45, 0.0, 1.4E-45, 0.0, 0.0, 0.0
dpj, 20180819, 	24.9, 19.637505, 32.3, 20.08924, 0.0, 1.4E-45, 0.0, 1.4E-45, 0.0, 0.0, 0.0
dpj, 20180820, 	27.2, 20.392702, 34.6, 20.555565, 0.0, 1.4E-45, 0.0, 1.4E-45, 0.0, 0.0, 0.0
dpj, 20180821, 	27.2, 23.210762, 31.5, 23.193048, 0.0, 1.4E-45, 0.0, 1.4E-45, 0.0, 0.0, 0.0
dpj, 20180822, 	22.2, 18.99757, 28.6, 19.505203, 0.0, 1.4E-45, 0.0, 1.4E-45, 0.0, 0.0, 0.0
dpj, 20180823, 	23.9, 17.361801, 35.2, 18.146175, 0.0, 1.4E-45, 0.0, 1.4E-45, 0.0, 0.0, 0.0
dpj, 20180824, 	25.4, 18.391315, 33.1, 17.542019, 0.0, 1.4E-45, 0.0, 1.4E-45, 0.0, 0.0, 0.0
dpj, 20180825, 	24.3, 21.237846, 30.8, 20.627428, 0.0, 1.4E-45, 0.0, 1.4E-45, 0.0, 0.0, 0.0
dpj, 20180826, 	28.9, 23.675003, 35.6, 24.423962, 0.0, 1.4E-45, 0.0, 1.4E-45, 0.0, 0.0, 0.0
dpj, 20180827, 	31.1, 25.890268, 37.5, 26.034035, 0.0, 1.4E-45, 0.0, 1.4E-45, 0.0, 0.0, 0.0
dpj, 20180828, 	31.6, 26.595142, 37.7, 26.673264, 0.0, 1.4E-45, 0.0, 1.4E-45, 0.0, 0.0, 0.0
dpj, 20180829, 	31.1, 25.53958, 37.0, 25.293758, 0.0, 1.4E-45, 0.0, 1.4E-45, 0.0, 0.0, 0.0
dpj, 20180830, 	25.2, 21.757992, 36.3, 22.969437, 0.0, 1.4E-45, 0.0, 1.4E-45, 0.0, 0.0, 0.0
dpj, 20180831, 	27.9, 21.240616, 38.7, 22.638191, 0.0, 1.4E-45, 0.0, 1.4E-45, 0.0, 0.0, 0.0
