9wn, 201202, 	842.0, 6.099178
9xr, 201205, 	917.0, 6.07391
9xr, 201206, 	915.0, 6.0778465
b3v, 201209, 	820.0, 6.2466664
c2x, 201209, 	909.0, 6.1037836
cb3, 201209, 	847.0, 6.6257453
9xr, 201210, 	821.0, 7.7982607
9r6, 201301, 	825.0, 7.24
9tw, 201301, 	819.0, 6.2
9xm, 201302, 	841.0, 6.152858
9zm, 201302, 	803.0, 7.46
dn7, 201302, 	804.0, 6.28
dng, 201302, 	839.0, 6.4314294
9xm, 201303, 	852.0, 6.4168515
9xr, 201304, 	899.0, 7.031306
b4n, 201304, 	833.0, 10.010833
cb1, 201304, 	881.0, 6.4750075
cb3, 201304, 	870.0, 6.021034
bd3, 201308, 	874.0, 6.2222223
9wx, 201310, 	855.0, 7.0447364
9wx, 201311, 	885.0, 6.3333335
9tw, 201312, 	812.0, 6.505
9xh, 201401, 	814.0, 7.375
dng, 201401, 	811.0, 8.51
dp1, 201401, 	812.0, 11.24
9xd, 201402, 	824.0, 7.3410006
9xh, 201402, 	828.0, 7.768332
9zb, 201402, 	881.0, 7.41
dp2, 201402, 	849.0, 6.71
f2r, 201402, 	843.0, 6.775
9xr, 201403, 	844.0, 6.7422857
9wn, 201404, 	911.0, 6.101047
bd3, 201404, 	864.0, 6.894699
cb3, 201404, 	862.0, 6.328728
9zb, 201410, 	831.0, 7.8400006
f2r, 201410, 	812.0, 6.46
9wn, 201411, 	828.0, 7.31
8e3, 201502, 	901.0, 6.4349523
9zm, 201502, 	820.0, 7.68
c2p, 201502, 	826.0, 6.1379995
dp2, 201502, 	894.0, 7.13
9xr, 201503, 	834.0, 7.234473
bd3, 201503, 	833.0, 9.47
c8x, 201503, 	853.0, 6.491429
cb1, 201503, 	823.0, 7.557194
cb3, 201503, 	831.0, 6.7715793
9xr, 201504, 	886.0, 6.295574
cb1, 201504, 	870.0, 6.205671
cb3, 201504, 	858.0, 6.031124
9rx, 201509, 	829.0, 6.077554
cb1, 201510, 	814.0, 7.7000003
9t9, 201511, 	814.0, 6.09
9wn, 201511, 	842.0, 6.91
9q4, 201601, 	809.0, 8.8
dr4, 201601, 	847.0, 7.4366665
9rx, 201602, 	854.0, 6.3549995
9xm, 201602, 	820.0, 7.5225
9xr, 201602, 	847.0, 8.495
9xw, 201602, 	810.0, 8.22
c83, 201602, 	819.0, 6.415
dng, 201602, 	844.0, 6.033333
dr4, 201602, 	863.0, 7.2599998
9xr, 201604, 	881.0, 7.1940403
bs8, 201607, 	841.0, 6.1766667
bs1, 201608, 	856.0, 9.331819
9xr, 201609, 	834.0, 6.10896
9xr, 201610, 	872.0, 9.645
c2p, 201610, 	819.0, 6.8266664
c8n, 201610, 	843.0, 8.98
cb1, 201610, 	846.0, 7.316667
9v6, 201701, 	810.0, 6.28
dng, 201702, 	820.0, 6.56
dqd, 201702, 	801.0, 6.59
c8x, 201703, 	830.0, 8.153333
bkh, 201704, 	876.0, 6.4612503
bsq, 201705, 	836.0, 8.557499
bs8, 201706, 	902.0, 7.28
c8x, 201709, 	810.0, 8.525
cb3, 201709, 	833.0, 10.586667
9qb, 201710, 	803.0, 6.295
9wx, 201710, 	839.0, 7.1499996
9yg, 201710, 	821.0, 6.46
9z5, 201710, 	828.0, 7.68
9qt, 201711, 	801.0, 6.54
9rx, 201802, 	863.0, 7.01
9wn, 201802, 	812.0, 6.835516
9wx, 201802, 	837.0, 7.8700004
9xm, 201802, 	876.0, 6.95
c2p, 201802, 	853.0, 6.3424997
9xr, 201803, 	821.0, 6.266667
cb1, 201803, 	840.0, 6.2614274
cb3, 201803, 	873.0, 9.966666
9wx, 201804, 	878.0, 6.3774276
9xr, 201804, 	863.0, 6.870919
9yb, 201804, 	890.0, 6.1435823
cb1, 201804, 	880.0, 6.0514317
9xr, 201810, 	874.0, 8.64
c8x, 201810, 	886.0, 7.54
9xm, 201811, 	810.0, 6.3975
9yb, 201811, 	840.0, 6.97
dn4, 201811, 	823.0, 6.4849997
9yg, 201901, 	822.0, 6.16
djy, 201901, 	812.0, 7.19
9rx, 201902, 	868.0, 7.39
9zj, 201902, 	802.0, 6.18
9xr, 201903, 	843.0, 6.9246626
bd3, 201905, 	878.0, 6.342541
