9xr, 20060801, 	26.0, 20.142006, 1.4E-45, -9999.0, 0.0, 1.4E-45, 0.0, 1.4E-45, 0.0, 0.0, 0.0
9xw, 20060801, 	26.1, 18.3184, 1.4E-45, -9999.0, 0.0, 1.4E-45, 0.0, 1.4E-45, 0.0, 0.0, 0.0
9z5, 20060801, 	39.0, 32.142708, 1.4E-45, -9999.0, 0.0, 1.4E-45, 0.0, 1.4E-45, 0.0, 0.0, 0.0
9z7, 20060801, 	38.9, 31.643057, 1.4E-45, -9999.0, 0.0, 1.4E-45, 0.0, 1.4E-45, 0.0, 0.0, 0.0
9xr, 20060802, 	28.8, 20.769436, 1.4E-45, -9999.0, 0.0, 1.4E-45, 0.0, 1.4E-45, 0.0, 0.0, 0.0
9xw, 20060802, 	27.7, 18.9309, 1.4E-45, -9999.0, 0.0, 1.4E-45, 0.0, 1.4E-45, 0.0, 0.0, 0.0
9z5, 20060802, 	37.1, 26.060762, 1.4E-45, -9999.0, 0.0, 1.4E-45, 0.0, 1.4E-45, 0.0, 0.0, 0.0
9z7, 20060802, 	37.2, 26.433334, 1.4E-45, -9999.0, 0.0, 1.4E-45, 0.0, 1.4E-45, 0.0, 0.0, 0.0
9xr, 20060803, 	30.5, 22.152779, 1.4E-45, -9999.0, 0.0, 1.4E-45, 0.0, 1.4E-45, 0.0, 0.0, 0.0
9xw, 20060803, 	29.8, 19.197567, 1.4E-45, -9999.0, 0.0, 1.4E-45, 0.0, 1.4E-45, 0.0, 0.0, 0.0
9z5, 20060803, 	31.2, 23.235054, 1.4E-45, -9999.0, 0.0, 1.4E-45, 0.0, 1.4E-45, 0.0, 0.0, 0.0
9z7, 20060803, 	31.0, 22.52465, 1.4E-45, -9999.0, 0.0, 1.4E-45, 0.0, 1.4E-45, 0.0, 0.0, 0.0
9xr, 20060804, 	31.6, 22.982285, 1.4E-45, -9999.0, 0.0, 1.4E-45, 0.0, 1.4E-45, 0.0, 0.0, 0.0
9xw, 20060804, 	33.8, 23.2993, 1.4E-45, -9999.0, 0.0, 1.4E-45, 0.0, 1.4E-45, 0.0, 0.0, 0.0
9z5, 20060804, 	30.9, 23.05764, 1.4E-45, -9999.0, 0.0, 1.4E-45, 0.0, 1.4E-45, 0.0, 0.0, 0.0
9z7, 20060804, 	32.0, 22.057642, 1.4E-45, -9999.0, 0.0, 1.4E-45, 0.0, 1.4E-45, 0.0, 0.0, 0.0
9xr, 20060805, 	32.5, 26.279516, 1.4E-45, -9999.0, 0.0, 1.4E-45, 0.0, 1.4E-45, 0.0, 0.0, 0.0
9xw, 20060805, 	34.2, 25.22362, 1.4E-45, -9999.0, 0.0, 1.4E-45, 0.0, 1.4E-45, 0.0, 0.0, 0.0
9z5, 20060805, 	37.6, 27.828468, 1.4E-45, -9999.0, 0.0, 1.4E-45, 0.0, 1.4E-45, 0.0, 0.0, 0.0
9z7, 20060805, 	37.7, 27.336807, 1.4E-45, -9999.0, 0.0, 1.4E-45, 0.0, 1.4E-45, 0.0, 0.0, 0.0
9xr, 20060806, 	31.8, 23.941654, 1.4E-45, -9999.0, 0.0, 1.4E-45, 0.0, 1.4E-45, 0.0, 0.0, 0.0
9xw, 20060806, 	31.4, 21.403828, 1.4E-45, -9999.0, 0.0, 1.4E-45, 0.0, 1.4E-45, 0.0, 0.0, 0.0
9z5, 20060806, 	36.2, 26.888548, 1.4E-45, -9999.0, 0.0, 1.4E-45, 0.0, 1.4E-45, 0.0, 0.0, 0.0
9z7, 20060806, 	36.4, 26.545826, 1.4E-45, -9999.0, 0.0, 1.4E-45, 0.0, 1.4E-45, 0.0, 0.0, 0.0
9xr, 20060807, 	28.0, 20.817362, 1.4E-45, -9999.0, 0.0, 1.4E-45, 0.0, 1.4E-45, 0.0, 0.0, 0.0
9xw, 20060807, 	28.6, 22.49236, 1.4E-45, -9999.0, 0.0, 1.4E-45, 0.0, 1.4E-45, 0.0, 0.0, 0.0
9z5, 20060807, 	26.7, 23.012512, 1.4E-45, -9999.0, 0.0, 1.4E-45, 0.0, 1.4E-45, 0.0, 0.0, 0.0
9z7, 20060807, 	27.4, 22.76319, 1.4E-45, -9999.0, 0.0, 1.4E-45, 0.0, 1.4E-45, 0.0, 0.0, 0.0
9xr, 20060808, 	28.1, 21.256948, 1.4E-45, -9999.0, 0.0, 1.4E-45, 0.0, 1.4E-45, 0.0, 0.0, 0.0
9xw, 20060808, 	34.9, 24.184023, 1.4E-45, -9999.0, 0.0, 1.4E-45, 0.0, 1.4E-45, 0.0, 0.0, 0.0
9z5, 20060808, 	28.8, 22.462158, 1.4E-45, -9999.0, 0.0, 1.4E-45, 0.0, 1.4E-45, 0.0, 0.0, 0.0
9z7, 20060808, 	28.8, 22.042366, 1.4E-45, -9999.0, 0.0, 1.4E-45, 0.0, 1.4E-45, 0.0, 0.0, 0.0
9xr, 20060809, 	36.6, 25.990973, 1.4E-45, -9999.0, 0.0, 1.4E-45, 0.0, 1.4E-45, 0.0, 0.0, 0.0
9xw, 20060809, 	36.6, 24.86424, 1.4E-45, -9999.0, 0.0, 1.4E-45, 0.0, 1.4E-45, 0.0, 0.0, 0.0
9z5, 20060809, 	36.2, 28.27708, 1.4E-45, -9999.0, 0.0, 1.4E-45, 0.0, 1.4E-45, 0.0, 0.0, 0.0
9z7, 20060809, 	36.2, 27.78577, 1.4E-45, -9999.0, 0.0, 1.4E-45, 0.0, 1.4E-45, 0.0, 0.0, 0.0
9xr, 20060810, 	35.3, 26.06285, 1.4E-45, -9999.0, 0.0, 1.4E-45, 0.0, 1.4E-45, 0.0, 0.0, 0.0
9xw, 20060810, 	35.2, 24.339928, 1.4E-45, -9999.0, 0.0, 1.4E-45, 0.0, 1.4E-45, 0.0, 0.0, 0.0
9z5, 20060810, 	35.1, 27.470837, 1.4E-45, -9999.0, 0.0, 1.4E-45, 0.0, 1.4E-45, 0.0, 0.0, 0.0
9z7, 20060810, 	34.7, 27.48888, 1.4E-45, -9999.0, 0.0, 1.4E-45, 0.0, 1.4E-45, 0.0, 0.0, 0.0
9xr, 20060811, 	36.1, 25.898611, 1.4E-45, -9999.0, 0.0, 1.4E-45, 0.0, 1.4E-45, 0.0, 0.0, 0.0
9xw, 20060811, 	35.7, 24.109375, 1.4E-45, -9999.0, 0.0, 1.4E-45, 0.0, 1.4E-45, 0.0, 0.0, 0.0
9z5, 20060811, 	30.1, 25.081598, 1.4E-45, -9999.0, 0.0, 1.4E-45, 0.0, 1.4E-45, 0.0, 0.0, 0.0
9z7, 20060811, 	30.6, 24.954512, 1.4E-45, -9999.0, 0.0, 1.4E-45, 0.0, 1.4E-45, 0.0, 0.0, 0.0
9xr, 20060812, 	33.8, 24.755205, 1.4E-45, -9999.0, 0.0, 1.4E-45, 0.0, 1.4E-45, 0.0, 0.0, 0.0
9xw, 20060812, 	30.5, -393.0822, 1.4E-45, -9999.0, -833.0, 1.4E-45, 0.0, 1.4E-45, 0.0, 0.0, 0.0
9z5, 20060812, 	30.7, 24.727442, 1.4E-45, -9999.0, 0.0, 1.4E-45, 0.0, 1.4E-45, 0.0, 0.0, 0.0
9z7, 20060812, 	31.4, 24.475704, 1.4E-45, -9999.0, 0.0, 1.4E-45, 0.0, 1.4E-45, 0.0, 0.0, 0.0
9xr, 20060813, 	25.9, 19.830547, 1.4E-45, -9999.0, 0.0, 1.4E-45, 0.0, 1.4E-45, 0.0, 0.0, 0.0
9xw, 20060813, 	27.0, 19.493757, 1.4E-45, -9999.0, 0.0, 1.4E-45, 0.0, 1.4E-45, 0.0, 0.0, 0.0
9z5, 20060813, 	29.8, 25.190289, 1.4E-45, -9999.0, 0.0, 1.4E-45, 0.0, 1.4E-45, 0.0, 0.0, 0.0
9z7, 20060813, 	29.5, 24.51493, 1.4E-45, -9999.0, 0.0, 1.4E-45, 0.0, 1.4E-45, 0.0, 0.0, 0.0
9xr, 20060814, 	26.4, 19.551386, 1.4E-45, -9999.0, 0.0, 1.4E-45, 0.0, 1.4E-45, 0.0, 0.0, 0.0
9xw, 20060814, 	27.8, 19.197914, 1.4E-45, -9999.0, 0.0, 1.4E-45, 0.0, 1.4E-45, 0.0, 0.0, 0.0
9z5, 20060814, 	26.8, 22.772215, 1.4E-45, -9999.0, 0.0, 1.4E-45, 0.0, 1.4E-45, 0.0, 0.0, 0.0
9z7, 20060814, 	27.0, 22.59063, 1.4E-45, -9999.0, 0.0, 1.4E-45, 0.0, 1.4E-45, 0.0, 0.0, 0.0
9xr, 20060815, 	27.3, 21.019108, 1.4E-45, -9999.0, 0.0, 1.4E-45, 0.0, 1.4E-45, 0.0, 0.0, 0.0
9xw, 20060815, 	30.7, 20.436111, 1.4E-45, -9999.0, 0.0, 1.4E-45, 0.0, 1.4E-45, 0.0, 0.0, 0.0
9z5, 20060815, 	28.2, 21.122572, 1.4E-45, -9999.0, 0.0, 1.4E-45, 0.0, 1.4E-45, 0.0, 0.0, 0.0
9z7, 20060815, 	28.5, 20.019798, 1.4E-45, -9999.0, 0.0, 1.4E-45, 0.0, 1.4E-45, 0.0, 0.0, 0.0
9xr, 20060816, 	28.8, 22.162163, 1.4E-45, -9999.0, 0.0, 1.4E-45, 0.0, 1.4E-45, 0.0, 0.0, 0.0
9xw, 20060816, 	31.7, 24.445498, 1.4E-45, -9999.0, 0.0, 1.4E-45, 0.0, 1.4E-45, 0.0, 0.0, 0.0
9z5, 20060816, 	29.8, 22.092709, 1.4E-45, -9999.0, 0.0, 1.4E-45, 0.0, 1.4E-45, 0.0, 0.0, 0.0
9z7, 20060816, 	30.2, 21.701736, 1.4E-45, -9999.0, 0.0, 1.4E-45, 0.0, 1.4E-45, 0.0, 0.0, 0.0
9xr, 20060817, 	31.8, -12.244091, 1.4E-45, -9999.0, 0.0, 1.4E-45, 0.0, 1.4E-45, 0.0, 0.0, 0.0
9xw, 20060817, 	33.3, 23.381598, 1.4E-45, -9999.0, 0.0, 1.4E-45, 0.0, 1.4E-45, 0.0, 0.0, 0.0
9z5, 20060817, 	30.7, 24.695488, 1.4E-45, -9999.0, 0.0, 1.4E-45, 0.0, 1.4E-45, 0.0, 0.0, 0.0
9z7, 20060817, 	31.1, 24.474297, 1.4E-45, -9999.0, 0.0, 1.4E-45, 0.0, 1.4E-45, 0.0, 0.0, 0.0
9xr, 20060818, 	30.0, 22.444447, 1.4E-45, -9999.0, 0.0, 1.4E-45, 0.0, 1.4E-45, 0.0, 0.0, 0.0
9xw, 20060818, 	28.5, 19.663887, 1.4E-45, -9999.0, 0.0, 1.4E-45, 0.0, 1.4E-45, 0.0, 0.0, 0.0
9z5, 20060818, 	30.1, 25.490637, 1.4E-45, -9999.0, 0.0, 1.4E-45, 0.0, 1.4E-45, 0.0, 0.0, 0.0
9z7, 20060818, 	30.3, 25.413883, 1.4E-45, -9999.0, 0.0, 1.4E-45, 0.0, 1.4E-45, 0.0, 0.0, 0.0
9xr, 20060819, 	24.6, 17.856602, 1.4E-45, -9999.0, 0.0, 1.4E-45, 0.0, 1.4E-45, 0.0, 0.0, 0.0
9xw, 20060819, 	26.5, 16.82223, 1.4E-45, -9999.0, 0.0, 1.4E-45, 0.0, 1.4E-45, 0.0, 0.0, 0.0
9z5, 20060819, 	25.7, 22.76042, 1.4E-45, -9999.0, 0.0, 1.4E-45, 0.0, 1.4E-45, 0.0, 0.0, 0.0
9z7, 20060819, 	26.3, 22.77881, 1.4E-45, -9999.0, 0.0, 1.4E-45, 0.0, 1.4E-45, 0.0, 0.0, 0.0
9xr, 20060820, 	27.7, 20.190283, 1.4E-45, -9999.0, 0.0, 1.4E-45, 0.0, 1.4E-45, 0.0, 0.0, 0.0
9xw, 20060820, 	31.4, 21.78854, 1.4E-45, -9999.0, 0.0, 1.4E-45, 0.0, 1.4E-45, 0.0, 0.0, 0.0
9z5, 20060820, 	25.7, -50.264923, 1.4E-45, -9999.0, 0.0, 1.4E-45, 0.0, 1.4E-45, 0.0, 0.0, 0.0
9z7, 20060820, 	26.5, -15.529164, 1.4E-45, -9999.0, 0.0, 1.4E-45, 0.0, 1.4E-45, 0.0, 0.0, 0.0
9xr, 20060821, 	29.1, 20.442362, 1.4E-45, -9999.0, 0.0, 1.4E-45, 0.0, 1.4E-45, 0.0, 0.0, 0.0
9xw, 20060821, 	29.7, 17.864586, 1.4E-45, -9999.0, 0.0, 1.4E-45, 0.0, 1.4E-45, 0.0, 0.0, 0.0
9z5, 20060821, 	29.5, 22.140972, 1.4E-45, -9999.0, 0.0, 1.4E-45, 0.0, 1.4E-45, 0.0, 0.0, 0.0
9z7, 20060821, 	29.3, 21.709026, 1.4E-45, -9999.0, 0.0, 1.4E-45, 0.0, 1.4E-45, 0.0, 0.0, 0.0
9xr, 20060822, 	30.9, 22.867027, 1.4E-45, -9999.0, 0.0, 1.4E-45, 0.0, 1.4E-45, 0.0, 0.0, 0.0
9xw, 20060822, 	34.8, 20.734718, 1.4E-45, -9999.0, 0.0, 1.4E-45, 0.0, 1.4E-45, 0.0, 0.0, 0.0
9z5, 20060822, 	29.8, 23.461464, 1.4E-45, -9999.0, 0.0, 1.4E-45, 0.0, 1.4E-45, 0.0, 0.0, 0.0
9z7, 20060822, 	30.3, 22.816317, 1.4E-45, -9999.0, 0.0, 1.4E-45, 0.0, 1.4E-45, 0.0, 0.0, 0.0
9xr, 20060823, 	37.9, 25.959028, 1.4E-45, -9999.0, 0.0, 1.4E-45, 0.0, 1.4E-45, 0.0, 0.0, 0.0
9xw, 20060823, 	37.5, 25.519445, 1.4E-45, -9999.0, 0.0, 1.4E-45, 0.0, 1.4E-45, 0.0, 0.0, 0.0
9z5, 20060823, 	31.5, 24.226046, 1.4E-45, -9999.0, 0.0, 1.4E-45, 0.0, 1.4E-45, 0.0, 0.0, 0.0
9z7, 20060823, 	31.6, 24.235765, 1.4E-45, -9999.0, 0.0, 1.4E-45, 0.0, 1.4E-45, 0.0, 0.0, 0.0
9xr, 20060824, 	35.2, 27.36077, 1.4E-45, -9999.0, 0.0, 1.4E-45, 0.0, 1.4E-45, 0.0, 0.0, 0.0
9xw, 20060824, 	35.2, 25.83681, 1.4E-45, -9999.0, 0.0, 1.4E-45, 0.0, 1.4E-45, 0.0, 0.0, 0.0
9z5, 20060824, 	33.6, 26.708336, 1.4E-45, -9999.0, 0.0, 1.4E-45, 0.0, 1.4E-45, 0.0, 0.0, 0.0
9z7, 20060824, 	33.6, 26.663189, 1.4E-45, -9999.0, 0.0, 1.4E-45, 0.0, 1.4E-45, 0.0, 0.0, 0.0
9xr, 20060825, 	29.8, 17.549658, 1.4E-45, -9999.0, 0.0, 1.4E-45, 0.0, 1.4E-45, 0.0, 0.0, 0.0
9xw, 20060825, 	27.4, 15.630558, 1.4E-45, -9999.0, 0.0, 1.4E-45, 0.0, 1.4E-45, 0.0, 0.0, 0.0
9z5, 20060825, 	31.6, 24.850004, 1.4E-45, -9999.0, 0.0, 1.4E-45, 0.0, 1.4E-45, 0.0, 0.0, 0.0
9z7, 20060825, 	31.2, 24.580208, 1.4E-45, -9999.0, 0.0, 1.4E-45, 0.0, 1.4E-45, 0.0, 0.0, 0.0
9xr, 20060826, 	24.1, 16.543056, 1.4E-45, -9999.0, 0.0, 1.4E-45, 0.0, 1.4E-45, 0.0, 0.0, 0.0
9xw, 20060826, 	19.7, 15.087849, 1.4E-45, -9999.0, 0.0, 1.4E-45, 0.0, 1.4E-45, 0.0, 0.0, 0.0
9z5, 20060826, 	25.6, 21.145493, 1.4E-45, -9999.0, 0.0, 1.4E-45, 0.0, 1.4E-45, 0.0, 0.0, 0.0
9z7, 20060826, 	25.5, 21.204857, 1.4E-45, -9999.0, 0.0, 1.4E-45, 0.0, 1.4E-45, 0.0, 0.0, 0.0
9xr, 20060827, 	21.9, 15.588196, 1.4E-45, -9999.0, 0.0, 1.4E-45, 0.0, 1.4E-45, 0.0, 0.0, 0.0
9xw, 20060827, 	17.4, 14.493749, 1.4E-45, -9999.0, 0.0, 1.4E-45, 0.0, 1.4E-45, 0.0, 0.0, 0.0
9z5, 20060827, 	23.6, 19.319448, 1.4E-45, -9999.0, 0.0, 1.4E-45, 0.0, 1.4E-45, 0.0, 0.0, 0.0
9z7, 20060827, 	24.0, 18.7, 1.4E-45, -9999.0, 0.0, 1.4E-45, 0.0, 1.4E-45, 0.0, 0.0, 0.0
9xr, 20060828, 	16.5, 13.475689, 1.4E-45, -9999.0, 0.0, 1.4E-45, 0.0, 1.4E-45, 0.0, 0.0, 0.0
9xw, 20060828, 	21.6, 14.667009, 1.4E-45, -9999.0, 0.0, 1.4E-45, 0.0, 1.4E-45, 0.0, 0.0, 0.0
9z5, 20060828, 	20.2, 18.11006, 1.4E-45, -9999.0, 0.0, 1.4E-45, 0.0, 1.4E-45, 0.0, 0.0, 0.0
9z7, 20060828, 	20.3, 18.28751, 1.4E-45, -9999.0, 0.0, 1.4E-45, 0.0, 1.4E-45, 0.0, 0.0, 0.0
9xr, 20060829, 	22.6, -124.48717, 1.4E-45, -9999.0, 0.0, 1.4E-45, 0.0, 1.4E-45, 0.0, 0.0, 0.0
9xw, 20060829, 	25.2, -21.83888, 1.4E-45, -9999.0, 0.0, 1.4E-45, 0.0, 1.4E-45, 0.0, 0.0, 0.0
9z5, 20060829, 	25.8, 19.427776, 1.4E-45, -9999.0, 0.0, 1.4E-45, 0.0, 1.4E-45, 0.0, 0.0, 0.0
9z7, 20060829, 	26.0, 19.623606, 1.4E-45, -9999.0, 0.0, 1.4E-45, 0.0, 1.4E-45, 0.0, 0.0, 0.0
9xr, 20060830, 	26.4, 18.200691, 1.4E-45, -9999.0, 0.0, 1.4E-45, 0.0, 1.4E-45, 0.0, 0.0, 0.0
9xw, 20060830, 	32.4, 20.436113, 1.4E-45, -9999.0, 0.0, 1.4E-45, 0.0, 1.4E-45, 0.0, 0.0, 0.0
9z5, 20060830, 	27.1, 19.245483, 1.4E-45, -9999.0, 0.0, 1.4E-45, 0.0, 1.4E-45, 0.0, 0.0, 0.0
9z7, 20060830, 	27.1, 18.176043, 1.4E-45, -9999.0, 0.0, 1.4E-45, 0.0, 1.4E-45, 0.0, 0.0, 0.0
9xr, 20060831, 	25.2, 19.183338, 1.4E-45, -9999.0, 0.0, 1.4E-45, 0.0, 1.4E-45, 0.0, 0.0, 0.0
9xw, 20060831, 	29.0, 19.652786, 1.4E-45, -9999.0, 0.0, 1.4E-45, 0.0, 1.4E-45, 0.0, 0.0, 0.0
9z5, 20060831, 	27.7, 20.862154, 1.4E-45, -9999.0, 0.0, 1.4E-45, 0.0, 1.4E-45, 0.0, 0.0, 0.0
9z7, 20060831, 	27.8, 20.850016, 1.4E-45, -9999.0, 0.0, 1.4E-45, 0.0, 1.4E-45, 0.0, 0.0, 0.0
9xr, 20070801, 	30.7, 22.381947, 1.4E-45, -9999.0, 0.0, 1.4E-45, 0.0, 1.4E-45, 0.0, 0.0, 0.0
9xw, 20070801, 	29.7, 23.41978, 1.4E-45, -9999.0, 0.0, 1.4E-45, 0.0, 1.4E-45, 0.0, 0.0, 0.0
9z5, 20070801, 	30.6, 24.216324, 1.4E-45, -9999.0, 0.0, 1.4E-45, 0.0, 1.4E-45, 0.0, 0.0, 0.0
9z7, 20070801, 	30.1, 24.231255, 1.4E-45, -9999.0, 0.0, 1.4E-45, 0.0, 1.4E-45, 0.0, 0.0, 0.0
9xr, 20070802, 	26.9, 20.756948, 1.4E-45, -9999.0, 0.0, 1.4E-45, 0.0, 1.4E-45, 0.0, 0.0, 0.0
9xw, 20070802, 	26.9, 20.029514, 1.4E-45, -9999.0, 0.0, 1.4E-45, 0.0, 1.4E-45, 0.0, 0.0, 0.0
9z5, 20070802, 	31.1, 23.40104, 1.4E-45, -9999.0, 0.0, 1.4E-45, 0.0, 1.4E-45, 0.0, 0.0, 0.0
9z7, 20070802, 	31.6, 23.658333, 1.4E-45, -9999.0, 0.0, 1.4E-45, 0.0, 1.4E-45, 0.0, 0.0, 0.0
9xr, 20070803, 	27.0, 22.37221, 1.4E-45, -9999.0, 0.0, 1.4E-45, 0.0, 1.4E-45, 0.0, 0.0, 0.0
9xw, 20070803, 	31.6, 23.434029, 1.4E-45, -9999.0, 0.0, 1.4E-45, 0.0, 1.4E-45, 0.0, 0.0, 0.0
9z5, 20070803, 	31.0, 24.978132, 1.4E-45, -9999.0, 0.0, 1.4E-45, 0.0, 1.4E-45, 0.0, 0.0, 0.0
9z7, 20070803, 	31.0, 24.025686, 1.4E-45, -9999.0, 0.0, 1.4E-45, 0.0, 1.4E-45, 0.0, 0.0, 0.0
9xr, 20070804, 	30.9, 24.459377, 1.4E-45, -9999.0, 0.0, 1.4E-45, 0.0, 1.4E-45, 0.0, 0.0, 0.0
9xw, 20070804, 	34.3, 24.70243, 1.4E-45, -9999.0, 0.0, 1.4E-45, 0.0, 1.4E-45, 0.0, 0.0, 0.0
9z5, 20070804, 	33.9, 27.443398, 1.4E-45, -9999.0, 0.0, 1.4E-45, 0.0, 1.4E-45, 0.0, 0.0, 0.0
9z7, 20070804, 	35.0, 27.777075, 1.4E-45, -9999.0, 0.0, 1.4E-45, 0.0, 1.4E-45, 0.0, 0.0, 0.0
9xr, 20070805, 	32.5, 25.347563, 1.4E-45, -9999.0, 0.0, 1.4E-45, 0.0, 1.4E-45, 0.0, 0.0, 0.0
9xw, 20070805, 	35.6, 25.05625, 1.4E-45, -9999.0, 0.0, 1.4E-45, 0.0, 1.4E-45, 0.0, 0.0, 0.0
9z5, 20070805, 	32.4, 27.923258, 1.4E-45, -9999.0, 0.0, 1.4E-45, 0.0, 1.4E-45, 0.0, 0.0, 0.0
9z7, 20070805, 	33.2, 28.641327, 1.4E-45, -9999.0, 0.0, 1.4E-45, 0.0, 1.4E-45, 0.0, 0.0, 0.0
9xr, 20070806, 	31.1, 24.181602, 1.4E-45, -9999.0, 0.0, 1.4E-45, 0.0, 1.4E-45, 0.0, 0.0, 0.0
9xw, 20070806, 	34.1, 26.549997, 1.4E-45, -9999.0, 0.0, 1.4E-45, 0.0, 1.4E-45, 0.0, 0.0, 0.0
9z5, 20070806, 	35.1, -181.74127, 1.4E-45, -9999.0, 0.0, 1.4E-45, 0.0, 1.4E-45, 0.0, 0.0, 0.0
9z7, 20070806, 	32.9, 26.260765, 1.4E-45, -9999.0, 0.0, 1.4E-45, 0.0, 1.4E-45, 0.0, 0.0, 0.0
9xr, 20070807, 	30.6, 25.507978, 1.4E-45, -9999.0, 0.0, 1.4E-45, 0.0, 1.4E-45, 0.0, 0.0, 0.0
9xw, 20070807, 	30.9, 22.810064, 1.4E-45, -9999.0, 0.0, 1.4E-45, 0.0, 1.4E-45, 0.0, 0.0, 0.0
9z5, 20070807, 	33.8, 26.010416, 1.4E-45, -9999.0, 0.0, 1.4E-45, 0.0, 1.4E-45, 0.0, 0.0, 0.0
9z7, 20070807, 	31.1, 25.493748, 1.4E-45, -9999.0, 0.0, 1.4E-45, 0.0, 1.4E-45, 0.0, 0.0, 0.0
9xr, 20070808, 	33.3, 24.865276, 1.4E-45, -9999.0, 0.0, 1.4E-45, 0.0, 1.4E-45, 0.0, 0.0, 0.0
9xw, 20070808, 	33.8, 24.014238, 1.4E-45, -9999.0, 0.0, 1.4E-45, 0.0, 1.4E-45, 0.0, 0.0, 0.0
9z5, 20070808, 	31.3, 24.8118, 1.4E-45, -9999.0, 0.0, 1.4E-45, 0.0, 1.4E-45, 0.0, 0.0, 0.0
9z7, 20070808, 	31.0, 24.450706, 1.4E-45, -9999.0, 0.0, 1.4E-45, 0.0, 1.4E-45, 0.0, 0.0, 0.0
9xr, 20070809, 	34.1, 25.963888, 1.4E-45, -9999.0, 0.0, 1.4E-45, 0.0, 1.4E-45, 0.0, 0.0, 0.0
9xw, 20070809, 	35.5, 20.834723, 1.4E-45, -9999.0, 0.0, 1.4E-45, 0.0, 1.4E-45, 0.0, 0.0, 0.0
9z5, 20070809, 	34.0, 27.4486, 1.4E-45, -9999.0, 0.0, 1.4E-45, 0.0, 1.4E-45, 0.0, 0.0, 0.0
9z7, 20070809, 	34.7, 26.907288, 1.4E-45, -9999.0, 0.0, 1.4E-45, 0.0, 1.4E-45, 0.0, 0.0, 0.0
9xr, 20070810, 	32.4, -2030.483, 1.4E-45, -9999.0, -2048.0, 1.4E-45, 0.0, 1.4E-45, 0.0, 0.0, 0.0
9xw, 20070810, 	36.4, 25.129862, 1.4E-45, -9999.0, 0.0, 1.4E-45, 0.0, 1.4E-45, 0.0, 0.0, 0.0
9z5, 20070810, 	34.9, 27.246529, 1.4E-45, -9999.0, 0.0, 1.4E-45, 0.0, 1.4E-45, 0.0, 0.0, 0.0
9z7, 20070810, 	34.5, 26.79305, 1.4E-45, -9999.0, 0.0, 1.4E-45, 0.0, 1.4E-45, 0.0, 0.0, 0.0
9xr, 20070811, 	31.7, -10.94097, 1.4E-45, -9999.0, -34.0, 1.4E-45, 0.0, 1.4E-45, 0.0, 0.0, 0.0
9xw, 20070811, 	32.7, -2482.11, 1.4E-45, -9999.0, -2499.0, 1.4E-45, 0.0, 1.4E-45, 0.0, 0.0, 0.0
9z5, 20070811, 	35.6, 28.700344, 1.4E-45, -9999.0, 0.0, 1.4E-45, 0.0, 1.4E-45, 0.0, 0.0, 0.0
9z7, 20070811, 	35.8, 28.903831, 1.4E-45, -9999.0, 0.0, 1.4E-45, 0.0, 1.4E-45, 0.0, 0.0, 0.0
9xr, 20070812, 	29.4, 21.612154, 1.4E-45, -9999.0, 0.0, 1.4E-45, 0.0, 1.4E-45, 0.0, 0.0, 0.0
9xw, 20070812, 	32.9, 24.581245, 1.4E-45, -9999.0, 0.0, 1.4E-45, 0.0, 1.4E-45, 0.0, 0.0, 0.0
9z5, 20070812, 	34.6, 27.67292, 1.4E-45, -9999.0, 0.0, 1.4E-45, 0.0, 1.4E-45, 0.0, 0.0, 0.0
9z7, 20070812, 	34.1, 26.874992, 1.4E-45, -9999.0, 0.0, 1.4E-45, 0.0, 1.4E-45, 0.0, 0.0, 0.0
9xr, 20070813, 	37.2, 25.037148, 1.4E-45, -9999.0, 0.0, 1.4E-45, 0.0, 1.4E-45, 0.0, 0.0, 0.0
9xw, 20070813, 	38.9, 27.612158, 1.4E-45, -9999.0, 0.0, 1.4E-45, 0.0, 1.4E-45, 0.0, 0.0, 0.0
9z5, 20070813, 	38.1, 27.246185, 1.4E-45, -9999.0, 0.0, 1.4E-45, 0.0, 1.4E-45, 0.0, 0.0, 0.0
9z7, 20070813, 	36.5, 26.092354, 1.4E-45, -9999.0, 0.0, 1.4E-45, 0.0, 1.4E-45, 0.0, 0.0, 0.0
9xr, 20070814, 	32.0, 25.53785, 1.4E-45, -9999.0, 0.0, 1.4E-45, 0.0, 1.4E-45, 0.0, 0.0, 0.0
9xw, 20070814, 	33.9, 25.49653, 1.4E-45, -9999.0, 0.0, 1.4E-45, 0.0, 1.4E-45, 0.0, 0.0, 0.0
9z5, 20070814, 	36.7, 29.702078, 1.4E-45, -9999.0, 0.0, 1.4E-45, 0.0, 1.4E-45, 0.0, 0.0, 0.0
9z7, 20070814, 	35.6, 29.465965, 1.4E-45, -9999.0, 0.0, 1.4E-45, 0.0, 1.4E-45, 0.0, 0.0, 0.0
9xr, 20070815, 	29.6, 23.933681, 1.4E-45, -9999.0, 0.0, 1.4E-45, 0.0, 1.4E-45, 0.0, 0.0, 0.0
9xw, 20070815, 	32.7, 23.67292, 1.4E-45, -9999.0, 0.0, 1.4E-45, 0.0, 1.4E-45, 0.0, 0.0, 0.0
9z5, 20070815, 	34.3, -390.8187, 1.4E-45, -9999.0, -416.0, 1.4E-45, 0.0, 1.4E-45, 0.0, 0.0, 0.0
9z7, 20070815, 	32.4, -390.91443, 1.4E-45, -9999.0, -416.0, 1.4E-45, 0.0, 1.4E-45, 0.0, 0.0, 0.0
9xr, 20070816, 	27.5, 22.23958, 1.4E-45, -9999.0, 0.0, 1.4E-45, 0.0, 1.4E-45, 0.0, 0.0, 0.0
9xw, 20070816, 	30.0, 20.6, 1.4E-45, -9999.0, 0.0, 1.4E-45, 0.0, 1.4E-45, 0.0, 0.0, 0.0
9z5, 20070816, 	27.6, 24.327772, 1.4E-45, -9999.0, 0.0, 1.4E-45, 0.0, 1.4E-45, 0.0, 0.0, 0.0
9z7, 20070816, 	27.2, 24.324305, 1.4E-45, -9999.0, 0.0, 1.4E-45, 0.0, 1.4E-45, 0.0, 0.0, 0.0
9xr, 20070817, 	27.9, 22.07187, 1.4E-45, -9999.0, 0.0, 1.4E-45, 0.0, 1.4E-45, 0.0, 0.0, 0.0
9xw, 20070817, 	32.2, 23.74306, 1.4E-45, -9999.0, 0.0, 1.4E-45, 0.0, 1.4E-45, 0.0, 0.0, 0.0
9z5, 20070817, 	30.3, 24.376747, 1.4E-45, -9999.0, 0.0, 1.4E-45, 0.0, 1.4E-45, 0.0, 0.0, 0.0
9z7, 20070817, 	29.0, 23.886467, 1.4E-45, -9999.0, 0.0, 1.4E-45, 0.0, 1.4E-45, 0.0, 0.0, 0.0
9xr, 20070818, 	32.9, 24.392357, 1.4E-45, -9999.0, 0.0, 1.4E-45, 0.0, 1.4E-45, 0.0, 0.0, 0.0
9xw, 20070818, 	32.6, 22.180204, 1.4E-45, -9999.0, 0.0, 1.4E-45, 0.0, 1.4E-45, 0.0, 0.0, 0.0
9z5, 20070818, 	33.3, 26.967018, 1.4E-45, -9999.0, 0.0, 1.4E-45, 0.0, 1.4E-45, 0.0, 0.0, 0.0
9z7, 20070818, 	33.2, 26.121891, 1.4E-45, -9999.0, 0.0, 1.4E-45, 0.0, 1.4E-45, 0.0, 0.0, 0.0
9xr, 20070819, 	32.0, 23.928123, 1.4E-45, -9999.0, 0.0, 1.4E-45, 0.0, 1.4E-45, 0.0, 0.0, 0.0
9xw, 20070819, 	33.2, -48.044106, 1.4E-45, -9999.0, 0.0, 1.4E-45, 0.0, 1.4E-45, 0.0, 0.0, 0.0
9z5, 20070819, 	33.4, 26.45452, 1.4E-45, -9999.0, 0.0, 1.4E-45, 0.0, 1.4E-45, 0.0, 0.0, 0.0
9z7, 20070819, 	32.8, 26.752422, 1.4E-45, -9999.0, 0.0, 1.4E-45, 0.0, 1.4E-45, 0.0, 0.0, 0.0
9xr, 20070820, 	32.2, 25.418756, 1.4E-45, -9999.0, 0.0, 1.4E-45, 0.0, 1.4E-45, 0.0, 0.0, 0.0
9xw, 20070820, 	31.1, 23.84375, 1.4E-45, -9999.0, 0.0, 1.4E-45, 0.0, 1.4E-45, 0.0, 0.0, 0.0
9z5, 20070820, 	35.5, 26.346518, 1.4E-45, -9999.0, 0.0, 1.4E-45, 0.0, 1.4E-45, 0.0, 0.0, 0.0
9z7, 20070820, 	34.1, 25.88925, 1.4E-45, -9999.0, 0.0, 1.4E-45, 0.0, 1.4E-45, 0.0, 0.0, 0.0
9xr, 20070821, 	35.3, 23.997583, 1.4E-45, -9999.0, 0.0, 1.4E-45, 0.0, 1.4E-45, 0.0, 0.0, 0.0
9xw, 20070821, 	31.6, 22.822224, 1.4E-45, -9999.0, 0.0, 1.4E-45, 0.0, 1.4E-45, 0.0, 0.0, 0.0
9z5, 20070821, 	34.9, 26.11841, 1.4E-45, -9999.0, 0.0, 1.4E-45, 0.0, 1.4E-45, 0.0, 0.0, 0.0
9z7, 20070821, 	34.4, 25.712854, 1.4E-45, -9999.0, 0.0, 1.4E-45, 0.0, 1.4E-45, 0.0, 0.0, 0.0
9xr, 20070822, 	28.3, 19.38437, 1.4E-45, -9999.0, 0.0, 1.4E-45, 0.0, 1.4E-45, 0.0, 0.0, 0.0
9xw, 20070822, 	28.1, 20.48784, 1.4E-45, -9999.0, 0.0, 1.4E-45, 0.0, 1.4E-45, 0.0, 0.0, 0.0
9z5, 20070822, 	32.8, 26.577446, 1.4E-45, -9999.0, 0.0, 1.4E-45, 0.0, 1.4E-45, 0.0, 0.0, 0.0
9z7, 20070822, 	31.9, 25.683676, 1.4E-45, -9999.0, 0.0, 1.4E-45, 0.0, 1.4E-45, 0.0, 0.0, 0.0
9xr, 20070823, 	20.4, 15.890627, 1.4E-45, -9999.0, 0.0, 1.4E-45, 0.0, 1.4E-45, 0.0, 0.0, 0.0
9xw, 20070823, 	22.4, 14.887502, 1.4E-45, -9999.0, 0.0, 1.4E-45, 0.0, 1.4E-45, 0.0, 0.0, 0.0
9z5, 20070823, 	29.2, 22.053463, 1.4E-45, -9999.0, 0.0, 1.4E-45, 0.0, 1.4E-45, 0.0, 0.0, 0.0
9z7, 20070823, 	30.4, 22.393398, 1.4E-45, -9999.0, 0.0, 1.4E-45, 0.0, 1.4E-45, 0.0, 0.0, 0.0
9xr, 20070824, 	21.4, 14.961807, 1.4E-45, -9999.0, 0.0, 1.4E-45, 0.0, 1.4E-45, 0.0, 0.0, 0.0
9xw, 20070824, 	23.6, 14.534032, 1.4E-45, -9999.0, 0.0, 1.4E-45, 0.0, 1.4E-45, 0.0, 0.0, 0.0
9z5, 20070824, 	25.1, 20.543407, 1.4E-45, -9999.0, 0.0, 1.4E-45, 0.0, 1.4E-45, 0.0, 0.0, 0.0
9z7, 20070824, 	23.7, 20.945482, 1.4E-45, -9999.0, 0.0, 1.4E-45, 0.0, 1.4E-45, 0.0, 0.0, 0.0
9xr, 20070825, 	26.1, 16.817362, 1.4E-45, -9999.0, 0.0, 1.4E-45, 0.0, 1.4E-45, 0.0, 0.0, 0.0
9xw, 20070825, 	29.7, 15.097567, 1.4E-45, -9999.0, 0.0, 1.4E-45, 0.0, 1.4E-45, 0.0, 0.0, 0.0
9z5, 20070825, 	26.3, 20.015621, 1.4E-45, -9999.0, 0.0, 1.4E-45, 0.0, 1.4E-45, 0.0, 0.0, 0.0
9z7, 20070825, 	26.8, 20.046879, 1.4E-45, -9999.0, 0.0, 1.4E-45, 0.0, 1.4E-45, 0.0, 0.0, 0.0
9xr, 20070826, 	33.9, 23.15556, 1.4E-45, -9999.0, 0.0, 1.4E-45, 0.0, 1.4E-45, 0.0, 0.0, 0.0
9xw, 20070826, 	36.5, 23.024302, 1.4E-45, -9999.0, 0.0, 1.4E-45, 0.0, 1.4E-45, 0.0, 0.0, 0.0
9z5, 20070826, 	31.0, 23.413893, 1.4E-45, -9999.0, 0.0, 1.4E-45, 0.0, 1.4E-45, 0.0, 0.0, 0.0
9z7, 20070826, 	30.3, 23.08923, 1.4E-45, -9999.0, 0.0, 1.4E-45, 0.0, 1.4E-45, 0.0, 0.0, 0.0
9xr, 20070827, 	32.1, 25.865978, 1.4E-45, -9999.0, 0.0, 1.4E-45, 0.0, 1.4E-45, 0.0, 0.0, 0.0
9xw, 20070827, 	31.6, 23.868063, 1.4E-45, -9999.0, 0.0, 1.4E-45, 0.0, 1.4E-45, 0.0, 0.0, 0.0
9z5, 20070827, 	34.3, 28.383339, 1.4E-45, -9999.0, 0.0, 1.4E-45, 0.0, 1.4E-45, 0.0, 0.0, 0.0
9z7, 20070827, 	34.3, 28.45521, 1.4E-45, -9999.0, 0.0, 1.4E-45, 0.0, 1.4E-45, 0.0, 0.0, 0.0
9xr, 20070828, 	26.6, 20.51423, 1.4E-45, -9999.0, 0.0, 1.4E-45, 0.0, 1.4E-45, 0.0, 0.0, 0.0
9xw, 20070828, 	26.5, 19.888205, 1.4E-45, -9999.0, 0.0, 1.4E-45, 0.0, 1.4E-45, 0.0, 0.0, 0.0
9z5, 20070828, 	33.7, 27.22014, 1.4E-45, -9999.0, 0.0, 1.4E-45, 0.0, 1.4E-45, 0.0, 0.0, 0.0
9z7, 20070828, 	34.0, 27.696531, 1.4E-45, -9999.0, 0.0, 1.4E-45, 0.0, 1.4E-45, 0.0, 0.0, 0.0
9xr, 20070829, 	19.8, 15.148607, 1.4E-45, -9999.0, 0.0, 1.4E-45, 0.0, 1.4E-45, 0.0, 0.0, 0.0
9xw, 20070829, 	21.8, 14.626044, 1.4E-45, -9999.0, 0.0, 1.4E-45, 0.0, 1.4E-45, 0.0, 0.0, 0.0
9z5, 20070829, 	25.0, 20.331934, 1.4E-45, -9999.0, 0.0, 1.4E-45, 0.0, 1.4E-45, 0.0, 0.0, 0.0
9z7, 20070829, 	24.6, 20.86632, 1.4E-45, -9999.0, 0.0, 1.4E-45, 0.0, 1.4E-45, 0.0, 0.0, 0.0
9xr, 20070830, 	26.2, 18.903828, 1.4E-45, -9999.0, 0.0, 1.4E-45, 0.0, 1.4E-45, 0.0, 0.0, 0.0
9xw, 20070830, 	30.7, 19.812155, 1.4E-45, -9999.0, 0.0, 1.4E-45, 0.0, 1.4E-45, 0.0, 0.0, 0.0
9z5, 20070830, 	25.1, 18.84792, 1.4E-45, -9999.0, 0.0, 1.4E-45, 0.0, 1.4E-45, 0.0, 0.0, 0.0
9z7, 20070830, 	25.9, 18.781597, 1.4E-45, -9999.0, 0.0, 1.4E-45, 0.0, 1.4E-45, 0.0, 0.0, 0.0
9xr, 20070831, 	30.2, 21.53994, 1.4E-45, -9999.0, 0.0, 1.4E-45, 0.0, 1.4E-45, 0.0, 0.0, 0.0
9xw, 20070831, 	33.0, 20.744787, 1.4E-45, -9999.0, 0.0, 1.4E-45, 0.0, 1.4E-45, 0.0, 0.0, 0.0
9z5, 20070831, 	28.0, 20.775343, 1.4E-45, -9999.0, 0.0, 1.4E-45, 0.0, 1.4E-45, 0.0, 0.0, 0.0
9z7, 20070831, 	28.1, 19.500702, 1.4E-45, -9999.0, 0.0, 1.4E-45, 0.0, 1.4E-45, 0.0, 0.0, 0.0
9xr, 20080801, 	31.0, 23.337494, 1.4E-45, -9999.0, 0.0, 1.4E-45, 0.0, 1.4E-45, 0.0, 0.0, 0.0
9xw, 20080801, 	34.5, 24.526394, 1.4E-45, -9999.0, 0.0, 1.4E-45, 0.0, 1.4E-45, 0.0, 0.0, 0.0
9z5, 20080801, 	31.7, 26.252775, 1.4E-45, -9999.0, 0.0, 1.4E-45, 0.0, 1.4E-45, 0.0, 0.0, 0.0
9z7, 20080801, 	31.5, 26.284723, 1.4E-45, -9999.0, 0.0, 1.4E-45, 0.0, 1.4E-45, 0.0, 0.0, 0.0
9xr, 20080802, 	36.1, 26.27674, 1.4E-45, -9999.0, 0.0, 1.4E-45, 0.0, 1.4E-45, 0.0, 0.0, 0.0
9xw, 20080802, 	37.7, -8.367354, 1.4E-45, -9999.0, 0.0, 1.4E-45, 0.0, 1.4E-45, 0.0, 0.0, 0.0
9z5, 20080802, 	34.7, 26.306602, 1.4E-45, -9999.0, 0.0, 1.4E-45, 0.0, 1.4E-45, 0.0, 0.0, 0.0
9z7, 20080802, 	34.8, 25.893415, 1.4E-45, -9999.0, 0.0, 1.4E-45, 0.0, 1.4E-45, 0.0, 0.0, 0.0
9xr, 20080803, 	34.1, 26.777435, 1.4E-45, -9999.0, 0.0, 1.4E-45, 0.0, 1.4E-45, 0.0, 0.0, 0.0
9xw, 20080803, 	33.5, 24.053133, 1.4E-45, -9999.0, 0.0, 1.4E-45, 0.0, 1.4E-45, 0.0, 0.0, 0.0
9z5, 20080803, 	36.8, 28.940975, 1.4E-45, -9999.0, 0.0, 1.4E-45, 0.0, 1.4E-45, 0.0, 0.0, 0.0
9z7, 20080803, 	36.5, -388.5417, 1.4E-45, -9999.0, -833.0, 1.4E-45, 0.0, 1.4E-45, 0.0, 0.0, 0.0
9xr, 20080804, 	28.4, 23.273262, 1.4E-45, -9999.0, 0.0, 1.4E-45, 0.0, 1.4E-45, 0.0, 0.0, 0.0
9xw, 20080804, 	28.5, 21.61216, 1.4E-45, -9999.0, 0.0, 1.4E-45, 0.0, 1.4E-45, 0.0, 0.0, 0.0
9z5, 20080804, 	33.8, 28.400343, 1.4E-45, -9999.0, 0.0, 1.4E-45, 0.0, 1.4E-45, 0.0, 0.0, 0.0
9z7, 20080804, 	34.1, 28.935411, 1.4E-45, -9999.0, 0.0, 1.4E-45, 0.0, 1.4E-45, 0.0, 0.0, 0.0
9xr, 20080805, 	28.9, 21.81632, 1.4E-45, -9999.0, 0.0, 1.4E-45, 0.0, 1.4E-45, 0.0, 0.0, 0.0
9xw, 20080805, 	27.7, 20.820824, 1.4E-45, -9999.0, 0.0, 1.4E-45, 0.0, 1.4E-45, 0.0, 0.0, 0.0
9z5, 20080805, 	30.5, -392.88477, 1.4E-45, -9999.0, -416.0, 1.4E-45, 0.0, 1.4E-45, 0.0, 0.0, 0.0
9z7, 20080805, 	30.7, -392.73196, 1.4E-45, -9999.0, -833.0, 1.4E-45, 0.0, 1.4E-45, 0.0, 0.0, 0.0
9xr, 20080806, 	27.5, 20.841318, 1.4E-45, -9999.0, 0.0, 1.4E-45, 0.0, 1.4E-45, 0.0, 0.0, 0.0
9xw, 20080806, 	28.0, 21.22222, 1.4E-45, -9999.0, 0.0, 1.4E-45, 0.0, 1.4E-45, 0.0, 0.0, 0.0
9z5, 20080806, 	27.2, 21.375689, 1.4E-45, -9999.0, 0.0, 1.4E-45, 0.0, 1.4E-45, 0.0, 0.0, 0.0
9z7, 20080806, 	27.8, 20.901735, 1.4E-45, -9999.0, 0.0, 1.4E-45, 0.0, 1.4E-45, 0.0, 0.0, 0.0
9xr, 20080807, 	28.9, -47.75936, 1.4E-45, -9999.0, 0.0, 1.4E-45, 0.0, 1.4E-45, 0.0, 0.0, 0.0
9xw, 20080807, 	29.2, 21.249651, 1.4E-45, -9999.0, 0.0, 1.4E-45, 0.0, 1.4E-45, 0.0, 0.0, 0.0
9z5, 20080807, 	29.3, 21.178808, 1.4E-45, -9999.0, 0.0, 1.4E-45, 0.0, 1.4E-45, 0.0, 0.0, 0.0
9z7, 20080807, 	30.1, 21.106255, 1.4E-45, -9999.0, 0.0, 1.4E-45, 0.0, 1.4E-45, 0.0, 0.0, 0.0
9xr, 20080808, 	26.1, 19.79306, 1.4E-45, -9999.0, 0.0, 1.4E-45, 0.0, 1.4E-45, 0.0, 0.0, 0.0
9xw, 20080808, 	27.6, 20.622217, 1.4E-45, -9999.0, 0.0, 1.4E-45, 0.0, 1.4E-45, 0.0, 0.0, 0.0
9z5, 20080808, 	30.1, 22.624306, 1.4E-45, -9999.0, 0.0, 1.4E-45, 0.0, 1.4E-45, 0.0, 0.0, 0.0
9z7, 20080808, 	30.2, 21.760416, 1.4E-45, -9999.0, 0.0, 1.4E-45, 0.0, 1.4E-45, 0.0, 0.0, 0.0
9xr, 20080809, 	27.2, 21.508333, 1.4E-45, -9999.0, 0.0, 1.4E-45, 0.0, 1.4E-45, 0.0, 0.0, 0.0
9xw, 20080809, 	31.8, -49.504837, 1.4E-45, -9999.0, 0.0, 1.4E-45, 0.0, 1.4E-45, 0.0, 0.0, 0.0
9z5, 20080809, 	27.4, 21.960075, 1.4E-45, -9999.0, 0.0, 1.4E-45, 0.0, 1.4E-45, 0.0, 0.0, 0.0
9z7, 20080809, 	26.3, 21.701042, 1.4E-45, -9999.0, 0.0, 1.4E-45, 0.0, 1.4E-45, 0.0, 0.0, 0.0
9xr, 20080810, 	28.6, 21.360756, 1.4E-45, -9999.0, 0.0, 1.4E-45, 0.0, 1.4E-45, 0.0, 0.0, 0.0
9xw, 20080810, 	30.4, 21.65104, 1.4E-45, -9999.0, 0.0, 1.4E-45, 0.0, 1.4E-45, 0.0, 0.0, 0.0
9z5, 20080810, 	29.5, -13.883673, 1.4E-45, -9999.0, 0.0, 1.4E-45, 0.0, 1.4E-45, 0.0, 0.0, 0.0
9z7, 20080810, 	29.2, 20.655556, 1.4E-45, -9999.0, 0.0, 1.4E-45, 0.0, 1.4E-45, 0.0, 0.0, 0.0
9xr, 20080811, 	30.2, 22.082289, 1.4E-45, -9999.0, 0.0, 1.4E-45, 0.0, 1.4E-45, 0.0, 0.0, 0.0
9xw, 20080811, 	29.5, 19.955206, 1.4E-45, -9999.0, 0.0, 1.4E-45, 0.0, 1.4E-45, 0.0, 0.0, 0.0
9z5, 20080811, 	27.1, 22.647219, 1.4E-45, -9999.0, 0.0, 1.4E-45, 0.0, 1.4E-45, 0.0, 0.0, 0.0
9z7, 20080811, 	27.3, 22.599312, 1.4E-45, -9999.0, 0.0, 1.4E-45, 0.0, 1.4E-45, 0.0, 0.0, 0.0
9xr, 20080812, 	30.4, 21.641668, 1.4E-45, -9999.0, 0.0, 1.4E-45, 0.0, 1.4E-45, 0.0, 0.0, 0.0
9xw, 20080812, 	31.7, 20.32153, 1.4E-45, -9999.0, 0.0, 1.4E-45, 0.0, 1.4E-45, 0.0, 0.0, 0.0
9z5, 20080812, 	28.4, 21.675005, 1.4E-45, -9999.0, 0.0, 1.4E-45, 0.0, 1.4E-45, 0.0, 0.0, 0.0
9z7, 20080812, 	28.8, 21.951729, 1.4E-45, -9999.0, 0.0, 1.4E-45, 0.0, 1.4E-45, 0.0, 0.0, 0.0
9xr, 20080813, 	30.0, 21.709368, 1.4E-45, -9999.0, 0.0, 1.4E-45, 0.0, 1.4E-45, 0.0, 0.0, 0.0
9xw, 20080813, 	31.1, 19.78993, 1.4E-45, -9999.0, 0.0, 1.4E-45, 0.0, 1.4E-45, 0.0, 0.0, 0.0
9z5, 20080813, 	31.0, 23.200684, 1.4E-45, -9999.0, 0.0, 1.4E-45, 0.0, 1.4E-45, 0.0, 0.0, 0.0
9z7, 20080813, 	30.6, -813.00433, 1.4E-45, -9999.0, -1666.0, 1.4E-45, 0.0, 1.4E-45, 0.0, 0.0, 0.0
9xr, 20080814, 	26.7, -18.020113, 1.4E-45, -9999.0, 0.0, 1.4E-45, 0.0, 1.4E-45, 0.0, 0.0, 0.0
9xw, 20080814, 	21.9, 15.289934, 1.4E-45, -9999.0, 0.0, 1.4E-45, 0.0, 1.4E-45, 0.0, 0.0, 0.0
9z5, 20080814, 	28.5, 21.96389, 1.4E-45, -9999.0, 0.0, 1.4E-45, 0.0, 1.4E-45, 0.0, 0.0, 0.0
9z7, 20080814, 	28.7, -395.77014, 1.4E-45, -9999.0, -798.0, 1.4E-45, 0.0, 1.4E-45, 0.0, 0.0, 0.0
9xr, 20080815, 	20.7, 14.959026, 1.4E-45, -9999.0, 0.0, 1.4E-45, 0.0, 1.4E-45, 0.0, 0.0, 0.0
9xw, 20080815, 	18.2, 11.880557, 1.4E-45, -9999.0, 0.0, 1.4E-45, 0.0, 1.4E-45, 0.0, 0.0, 0.0
9z5, 20080815, 	27.2, 21.081934, 1.4E-45, -9999.0, 0.0, 1.4E-45, 0.0, 1.4E-45, 0.0, 0.0, 0.0
9z7, 20080815, 	27.6, 20.683336, 1.4E-45, -9999.0, -34.0, 1.4E-45, 0.0, 1.4E-45, 0.0, 0.0, 0.0
9xr, 20080816, 	24.3, 18.07881, 1.4E-45, -9999.0, 0.0, 1.4E-45, 0.0, 1.4E-45, 0.0, 0.0, 0.0
9xw, 20080816, 	22.1, 15.096534, 1.4E-45, -9999.0, 0.0, 1.4E-45, 0.0, 1.4E-45, 0.0, 0.0, 0.0
9z5, 20080816, 	27.3, 20.132286, 1.4E-45, -9999.0, 0.0, 1.4E-45, 0.0, 1.4E-45, 0.0, 0.0, 0.0
9z7, 20080816, 	27.0, 19.809378, 1.4E-45, -9999.0, 0.0, 1.4E-45, 0.0, 1.4E-45, 0.0, 0.0, 0.0
9xr, 20080817, 	24.0, 17.519102, 1.4E-45, -9999.0, 0.0, 1.4E-45, 0.0, 1.4E-45, 0.0, 0.0, 0.0
9xw, 20080817, 	23.0, 15.718746, 1.4E-45, -9999.0, 0.0, 1.4E-45, 0.0, 1.4E-45, 0.0, 0.0, 0.0
9z5, 20080817, 	28.5, 20.47951, 1.4E-45, -9999.0, 0.0, 1.4E-45, 0.0, 1.4E-45, 0.0, 0.0, 0.0
9z7, 20080817, 	28.2, 19.433678, 1.4E-45, -9999.0, 0.0, 1.4E-45, 0.0, 1.4E-45, 0.0, 0.0, 0.0
9xr, 20080818, 	26.7, 18.185074, 1.4E-45, -9999.0, 0.0, 1.4E-45, 0.0, 1.4E-45, 0.0, 0.0, 0.0
9xw, 20080818, 	26.7, -87.220474, 1.4E-45, -9999.0, 0.0, 1.4E-45, 0.0, 1.4E-45, 0.0, 0.0, 0.0
9z5, 20080818, 	28.7, 21.49133, 1.4E-45, -9999.0, 0.0, 1.4E-45, 0.0, 1.4E-45, 0.0, 0.0, 0.0
9z7, 20080818, 	29.0, 20.971182, 1.4E-45, -9999.0, 0.0, 1.4E-45, 0.0, 1.4E-45, 0.0, 0.0, 0.0
9xr, 20080819, 	26.5, 18.998955, 1.4E-45, -9999.0, 0.0, 1.4E-45, 0.0, 1.4E-45, 0.0, 0.0, 0.0
9xw, 20080819, 	27.6, 19.909372, 1.4E-45, -9999.0, 0.0, 1.4E-45, 0.0, 1.4E-45, 0.0, 0.0, 0.0
9z5, 20080819, 	28.9, 21.08091, 1.4E-45, -9999.0, 0.0, 1.4E-45, 0.0, 1.4E-45, 0.0, 0.0, 0.0
9z7, 20080819, 	29.0, -397.15207, 1.4E-45, -9999.0, -833.0, 1.4E-45, 0.0, 1.4E-45, 0.0, 0.0, 0.0
9xr, 20080820, 	25.8, 19.222572, 1.4E-45, -9999.0, 0.0, 1.4E-45, 0.0, 1.4E-45, 0.0, 0.0, 0.0
9xw, 20080820, 	28.4, 20.540277, 1.4E-45, -9999.0, 0.0, 1.4E-45, 0.0, 1.4E-45, 0.0, 0.0, 0.0
9z5, 20080820, 	29.1, 20.342716, 1.4E-45, -9999.0, 0.0, 1.4E-45, 0.0, 1.4E-45, 0.0, 0.0, 0.0
9z7, 20080820, 	28.6, 20.05729, 1.4E-45, -9999.0, 0.0, 1.4E-45, 0.0, 1.4E-45, 0.0, 0.0, 0.0
9xr, 20080821, 	30.6, 21.027084, 1.4E-45, -9999.0, 0.0, 1.4E-45, 0.0, 1.4E-45, 0.0, 0.0, 0.0
9xw, 20080821, 	33.7, 22.207298, 1.4E-45, -9999.0, 0.0, 1.4E-45, 0.0, 1.4E-45, 0.0, 0.0, 0.0
9z5, 20080821, 	26.9, 20.530207, 1.4E-45, -9999.0, 0.0, 1.4E-45, 0.0, 1.4E-45, 0.0, 0.0, 0.0
9z7, 20080821, 	26.9, -396.50354, 1.4E-45, -9999.0, -833.0, 1.4E-45, 0.0, 1.4E-45, 0.0, 0.0, 0.0
9xr, 20080822, 	29.5, 21.52743, 1.4E-45, -9999.0, 0.0, 1.4E-45, 0.0, 1.4E-45, 0.0, 0.0, 0.0
9xw, 20080822, 	30.5, 20.812838, 1.4E-45, -9999.0, 0.0, 1.4E-45, 0.0, 1.4E-45, 0.0, 0.0, 0.0
9z5, 20080822, 	34.1, 24.89376, 1.4E-45, -9999.0, 0.0, 1.4E-45, 0.0, 1.4E-45, 0.0, 0.0, 0.0
9z7, 20080822, 	33.7, -392.80554, 1.4E-45, -9999.0, -798.0, 1.4E-45, 0.0, 1.4E-45, 0.0, 0.0, 0.0
9xr, 20080823, 	25.6, 18.250343, 1.4E-45, -9999.0, 0.0, 1.4E-45, 0.0, 1.4E-45, 0.0, 0.0, 0.0
9xw, 20080823, 	25.9, 15.03542, 1.4E-45, -9999.0, 0.0, 1.4E-45, 0.0, 1.4E-45, 0.0, 0.0, 0.0
9z5, 20080823, 	27.1, 22.189243, 1.4E-45, -9999.0, 0.0, 1.4E-45, 0.0, 1.4E-45, 0.0, 0.0, 0.0
9z7, 20080823, 	27.1, -395.5615, 1.4E-45, -9999.0, -867.0, 1.4E-45, 0.0, 1.4E-45, 0.0, 0.0, 0.0
9xr, 20080824, 	27.3, 19.332983, 1.4E-45, -9999.0, 0.0, 1.4E-45, 0.0, 1.4E-45, 0.0, 0.0, 0.0
9xw, 20080824, 	27.0, 19.77431, 1.4E-45, -9999.0, 0.0, 1.4E-45, 0.0, 1.4E-45, 0.0, 0.0, 0.0
9z5, 20080824, 	26.4, 19.490282, 1.4E-45, -9999.0, 0.0, 1.4E-45, 0.0, 1.4E-45, 0.0, 0.0, 0.0
9z7, 20080824, 	26.9, 19.394098, 1.4E-45, -9999.0, 0.0, 1.4E-45, 0.0, 1.4E-45, 0.0, 0.0, 0.0
9xr, 20080825, 	27.7, 20.263544, 1.4E-45, -9999.0, 0.0, 1.4E-45, 0.0, 1.4E-45, 0.0, 0.0, 0.0
9xw, 20080825, 	28.8, 22.016317, 1.4E-45, -9999.0, 0.0, 1.4E-45, 0.0, 1.4E-45, 0.0, 0.0, 0.0
9z5, 20080825, 	27.3, 19.723963, 1.4E-45, -9999.0, 0.0, 1.4E-45, 0.0, 1.4E-45, 0.0, 0.0, 0.0
9z7, 20080825, 	27.2, -398.29956, 1.4E-45, -9999.0, -833.0, 1.4E-45, 0.0, 1.4E-45, 0.0, 0.0, 0.0
9xr, 20080826, 	27.7, 19.675346, 1.4E-45, -9999.0, 0.0, 1.4E-45, 0.0, 1.4E-45, 0.0, 0.0, 0.0
9xw, 20080826, 	33.7, 22.865627, 1.4E-45, -9999.0, 0.0, 1.4E-45, 0.0, 1.4E-45, 0.0, 0.0, 0.0
9z5, 20080826, 	26.2, 19.210066, 1.4E-45, -9999.0, 0.0, 1.4E-45, 0.0, 1.4E-45, 0.0, 0.0, 0.0
9z7, 20080826, 	26.4, 19.420832, 1.4E-45, -9999.0, 0.0, 1.4E-45, 0.0, 1.4E-45, 0.0, 0.0, 0.0
9xr, 20080827, 	26.5, 19.84549, 1.4E-45, -9999.0, 0.0, 1.4E-45, 0.0, 1.4E-45, 0.0, 0.0, 0.0
9xw, 20080827, 	31.3, 18.834719, 1.4E-45, -9999.0, 0.0, 1.4E-45, 0.0, 1.4E-45, 0.0, 0.0, 0.0
9z5, 20080827, 	29.7, 22.348959, 1.4E-45, -9999.0, 0.0, 1.4E-45, 0.0, 1.4E-45, 0.0, 0.0, 0.0
9z7, 20080827, 	29.1, 21.765968, 1.4E-45, -9999.0, 0.0, 1.4E-45, 0.0, 1.4E-45, 0.0, 0.0, 0.0
9xr, 20080828, 	24.0, 18.598276, 1.4E-45, -9999.0, 0.0, 1.4E-45, 0.0, 1.4E-45, 0.0, 0.0, 0.0
9xw, 20080828, 	29.5, 18.260767, 1.4E-45, -9999.0, 0.0, 1.4E-45, 0.0, 1.4E-45, 0.0, 0.0, 0.0
9z5, 20080828, 	30.2, 25.76563, 1.4E-45, -9999.0, 0.0, 1.4E-45, 0.0, 1.4E-45, 0.0, 0.0, 0.0
9z7, 20080828, 	31.0, 26.039244, 1.4E-45, -9999.0, 0.0, 1.4E-45, 0.0, 1.4E-45, 0.0, 0.0, 0.0
9xr, 20080829, 	29.0, 19.59131, 1.4E-45, -9999.0, 0.0, 1.4E-45, 0.0, 1.4E-45, 0.0, 0.0, 0.0
9xw, 20080829, 	28.7, 18.59236, 1.4E-45, -9999.0, 0.0, 1.4E-45, 0.0, 1.4E-45, 0.0, 0.0, 0.0
9z5, 20080829, 	30.2, 19.835072, 1.4E-45, -9999.0, 0.0, 1.4E-45, 0.0, 1.4E-45, 0.0, 0.0, 0.0
9z7, 20080829, 	29.9, 18.756943, 1.4E-45, -9999.0, 0.0, 1.4E-45, 0.0, 1.4E-45, 0.0, 0.0, 0.0
9xr, 20080830, 	30.4, 21.861809, 1.4E-45, -9999.0, 0.0, 1.4E-45, 0.0, 1.4E-45, 0.0, 0.0, 0.0
9xw, 20080830, 	31.0, 22.844442, 1.4E-45, -9999.0, 0.0, 1.4E-45, 0.0, 1.4E-45, 0.0, 0.0, 0.0
9z5, 20080830, 	31.2, 21.800003, 1.4E-45, -9999.0, 0.0, 1.4E-45, 0.0, 1.4E-45, 0.0, 0.0, 0.0
9z7, 20080830, 	31.2, -396.9913, 1.4E-45, -9999.0, -833.0, 1.4E-45, 0.0, 1.4E-45, 0.0, 0.0, 0.0
9xr, 20080831, 	30.9, 23.380562, 1.4E-45, -9999.0, 0.0, 1.4E-45, 0.0, 1.4E-45, 0.0, 0.0, 0.0
9xw, 20080831, 	32.4, 23.443064, 1.4E-45, -9999.0, 0.0, 1.4E-45, 0.0, 1.4E-45, 0.0, 0.0, 0.0
9z5, 20080831, 	32.1, 24.970478, 1.4E-45, -9999.0, 0.0, 1.4E-45, 0.0, 1.4E-45, 0.0, 0.0, 0.0
9z7, 20080831, 	32.3, -393.64865, 1.4E-45, -9999.0, -833.0, 1.4E-45, 0.0, 1.4E-45, 0.0, 0.0, 0.0
9xp, 20090801, 	26.8, 18.48402, 1.4E-45, -9999.0, 0.0, 1.4E-45, 0.0, 1.4E-45, 0.0, 0.0, 0.0
9xr, 20090801, 	25.6, 16.669106, 1.4E-45, -9999.0, 0.0, 1.4E-45, 0.0, 1.4E-45, 0.0, 0.0, 0.0
9xw, 20090801, 	27.1, 15.2729225, 1.4E-45, -9999.0, 0.0, 1.4E-45, 0.0, 1.4E-45, 0.0, 0.0, 0.0
9z5, 20090801, 	26.4, 20.370827, 1.4E-45, -9999.0, 0.0, 1.4E-45, 0.0, 1.4E-45, 0.0, 0.0, 0.0
9z7, 20090801, 	26.8, 20.409027, 1.4E-45, -9999.0, 0.0, 1.4E-45, 0.0, 1.4E-45, 0.0, 0.0, 0.0
9xp, 20090802, 	33.6, 23.179861, 1.4E-45, -9999.0, 0.0, 1.4E-45, 0.0, 1.4E-45, 0.0, 0.0, 0.0
9xr, 20090802, 	31.9, 23.27813, 1.4E-45, -9999.0, -9131.0, 1.4E-45, 0.0, 1.4E-45, 0.0, 0.0, 0.0
9xw, 20090802, 	32.2, 18.228477, 1.4E-45, -9999.0, 0.0, 1.4E-45, 0.0, 1.4E-45, 0.0, 0.0, 0.0
9z5, 20090802, 	33.4, 21.856594, 1.4E-45, -9999.0, 0.0, 1.4E-45, 0.0, 1.4E-45, 0.0, 0.0, 0.0
9z7, 20090802, 	32.4, 21.2434, 1.4E-45, -9999.0, 0.0, 1.4E-45, 0.0, 1.4E-45, 0.0, 0.0, 0.0
9xp, 20090803, 	35.2, 24.51459, 1.4E-45, -9999.0, 0.0, 1.4E-45, 0.0, 1.4E-45, 0.0, 0.0, 0.0
9xr, 20090803, 	30.6, 23.958332, 1.4E-45, -9999.0, -9999.0, 1.4E-45, 0.0, 1.4E-45, 0.0, 0.0, 0.0
9xw, 20090803, 	33.0, 20.963888, 1.4E-45, -9999.0, 0.0, 1.4E-45, 0.0, 1.4E-45, 0.0, 0.0, 0.0
9z5, 20090803, 	33.7, 26.067352, 1.4E-45, -9999.0, 0.0, 1.4E-45, 0.0, 1.4E-45, 0.0, 0.0, 0.0
9z7, 20090803, 	32.2, 25.961128, 1.4E-45, -9999.0, 0.0, 1.4E-45, 0.0, 1.4E-45, 0.0, 0.0, 0.0
9xp, 20090804, 	30.3, 21.710068, 1.4E-45, -9999.0, 0.0, 1.4E-45, 0.0, 1.4E-45, 0.0, 0.0, 0.0
9xr, 20090804, 	28.8, 18.257282, 1.4E-45, -9999.0, -9999.0, 1.4E-45, 0.0, 1.4E-45, 0.0, 0.0, 0.0
9xw, 20090804, 	29.4, 18.184034, 1.4E-45, -9999.0, 0.0, 1.4E-45, 0.0, 1.4E-45, 0.0, 0.0, 0.0
9z5, 20090804, 	30.6, -9.659729, 1.4E-45, -9999.0, 0.0, 1.4E-45, 0.0, 1.4E-45, 0.0, 0.0, 0.0
9z7, 20090804, 	30.1, 24.988537, 1.4E-45, -9999.0, 0.0, 1.4E-45, 0.0, 1.4E-45, 0.0, 0.0, 0.0
9xp, 20090805, 	27.4, 21.218756, 1.4E-45, -9999.0, 0.0, 1.4E-45, 0.0, 1.4E-45, 0.0, 0.0, 0.0
9xr, 20090805, 	26.5, 19.88055, 1.4E-45, -9999.0, -9999.0, 1.4E-45, 0.0, 1.4E-45, 0.0, 0.0, 0.0
9xw, 20090805, 	27.1, 20.211464, 1.4E-45, -9999.0, 0.0, 1.4E-45, 0.0, 1.4E-45, 0.0, 0.0, 0.0
9z5, 20090805, 	27.5, 21.249313, 1.4E-45, -9999.0, 0.0, 1.4E-45, 0.0, 1.4E-45, 0.0, 0.0, 0.0
9z7, 20090805, 	27.9, 20.91458, 1.4E-45, -9999.0, 0.0, 1.4E-45, 0.0, 1.4E-45, 0.0, 0.0, 0.0
9xp, 20090806, 	30.7, 22.458334, 1.4E-45, -9999.0, 0.0, 1.4E-45, 0.0, 1.4E-45, 0.0, 0.0, 0.0
9xr, 20090806, 	26.9, 21.216656, 1.4E-45, -9999.0, -9999.0, 1.4E-45, 0.0, 1.4E-45, 0.0, 0.0, 0.0
9xw, 20090806, 	30.1, 22.028812, 1.4E-45, -9999.0, 0.0, 1.4E-45, 0.0, 1.4E-45, 0.0, 0.0, 0.0
9z5, 20090806, 	27.3, 21.094093, 1.4E-45, -9999.0, 0.0, 1.4E-45, 0.0, 1.4E-45, 0.0, 0.0, 0.0
9z7, 20090806, 	27.5, 20.4132, 1.4E-45, -9999.0, 0.0, 1.4E-45, 0.0, 1.4E-45, 0.0, 0.0, 0.0
9xp, 20090807, 	33.7, 23.91979, 1.4E-45, -9999.0, 0.0, 1.4E-45, 0.0, 1.4E-45, 0.0, 0.0, 0.0
9xr, 20090807, 	29.7, 22.53611, 1.4E-45, -9999.0, -9999.0, 1.4E-45, 0.0, 1.4E-45, 0.0, 0.0, 0.0
9xw, 20090807, 	32.7, 21.375004, 1.4E-45, -9999.0, 0.0, 1.4E-45, 0.0, 1.4E-45, 0.0, 0.0, 0.0
9z5, 20090807, 	34.0, 26.553816, 1.4E-45, -9999.0, 0.0, 1.4E-45, 0.0, 1.4E-45, 0.0, 0.0, 0.0
9z7, 20090807, 	35.0, 26.474651, 1.4E-45, -9999.0, 0.0, 1.4E-45, 0.0, 1.4E-45, 0.0, 0.0, 0.0
9xp, 20090808, 	32.0, 21.689926, 1.4E-45, -9999.0, 0.0, 1.4E-45, 0.0, 1.4E-45, 0.0, 0.0, 0.0
9xr, 20090808, 	28.7, 20.109718, 1.4E-45, -9999.0, -9999.0, 1.4E-45, 0.0, 1.4E-45, 0.0, 0.0, 0.0
9xw, 20090808, 	26.7, 18.547235, 1.4E-45, -9999.0, 0.0, 1.4E-45, 0.0, 1.4E-45, 0.0, 0.0, 0.0
9z5, 20090808, 	36.5, 30.28159, 1.4E-45, -9999.0, 0.0, 1.4E-45, 0.0, 1.4E-45, 0.0, 0.0, 0.0
9z7, 20090808, 	36.3, 30.60104, 1.4E-45, -9999.0, 0.0, 1.4E-45, 0.0, 1.4E-45, 0.0, 0.0, 0.0
9xp, 20090809, 	27.9, 20.872217, 1.4E-45, -9999.0, 0.0, 1.4E-45, 0.0, 1.4E-45, 0.0, 0.0, 0.0
9xr, 20090809, 	24.3, 18.654173, 1.4E-45, -9999.0, -9999.0, 1.4E-45, 0.0, 1.4E-45, 0.0, 0.0, 0.0
9xw, 20090809, 	24.5, 15.592365, 1.4E-45, -9999.0, 0.0, 1.4E-45, 0.0, 1.4E-45, 0.0, 0.0, 0.0
9z5, 20090809, 	32.4, 23.93611, 1.4E-45, -9999.0, 0.0, 1.4E-45, 0.0, 1.4E-45, 0.0, 0.0, 0.0
9z7, 20090809, 	34.3, 23.785063, 1.4E-45, -9999.0, 0.0, 1.4E-45, 0.0, 1.4E-45, 0.0, 0.0, 0.0
9xp, 20090810, 	27.3, 19.782295, 1.4E-45, -9999.0, 0.0, 1.4E-45, 0.0, 1.4E-45, 0.0, 0.0, 0.0
9xr, 20090810, 	27.4, 19.211123, 1.4E-45, -9999.0, -9999.0, 1.4E-45, 0.0, 1.4E-45, 0.0, 0.0, 0.0
9xw, 20090810, 	26.9, 15.202432, 1.4E-45, -9999.0, 0.0, 1.4E-45, 0.0, 1.4E-45, 0.0, 0.0, 0.0
9z5, 20090810, 	28.9, 21.902435, 1.4E-45, -9999.0, 0.0, 1.4E-45, 0.0, 1.4E-45, 0.0, 0.0, 0.0
9z7, 20090810, 	29.4, 22.070488, 1.4E-45, -9999.0, 0.0, 1.4E-45, 0.0, 1.4E-45, 0.0, 0.0, 0.0
9xp, 20090811, 	30.3, 21.006243, 1.4E-45, -9999.0, 0.0, 1.4E-45, 0.0, 1.4E-45, 0.0, 0.0, 0.0
9xr, 20090811, 	30.5, 22.492706, 1.4E-45, -9999.0, -9999.0, 1.4E-45, 0.0, 1.4E-45, 0.0, 0.0, 0.0
9xw, 20090811, 	30.3, 17.900345, 1.4E-45, -9999.0, 0.0, 1.4E-45, 0.0, 1.4E-45, 0.0, 0.0, 0.0
9z5, 20090811, 	30.1, 22.081251, 1.4E-45, -9999.0, 0.0, 1.4E-45, 0.0, 1.4E-45, 0.0, 0.0, 0.0
9z7, 20090811, 	30.3, 21.262499, 1.4E-45, -9999.0, 0.0, 1.4E-45, 0.0, 1.4E-45, 0.0, 0.0, 0.0
9xp, 20090812, 	32.4, 22.431252, 1.4E-45, -9999.0, 0.0, 1.4E-45, 0.0, 1.4E-45, 0.0, 0.0, 0.0
9xr, 20090812, 	33.1, 23.568052, 1.4E-45, -9999.0, -9999.0, 1.4E-45, 0.0, 1.4E-45, 0.0, 0.0, 0.0
9xw, 20090812, 	33.3, 20.422916, 1.4E-45, -9999.0, 0.0, 1.4E-45, 0.0, 1.4E-45, 0.0, 0.0, 0.0
9z5, 20090812, 	33.3, 25.612503, 1.4E-45, -9999.0, 0.0, 1.4E-45, 0.0, 1.4E-45, 0.0, 0.0, 0.0
9z7, 20090812, 	33.1, 25.148264, 1.4E-45, -9999.0, 0.0, 1.4E-45, 0.0, 1.4E-45, 0.0, 0.0, 0.0
9xp, 20090813, 	33.8, 23.297916, 1.4E-45, -9999.0, 0.0, 1.4E-45, 0.0, 1.4E-45, 0.0, 0.0, 0.0
9xr, 20090813, 	33.8, 24.639578, 1.4E-45, -9999.0, -9999.0, 1.4E-45, 0.0, 1.4E-45, 0.0, 0.0, 0.0
9xw, 20090813, 	34.2, 19.635069, 1.4E-45, -9999.0, 0.0, 1.4E-45, 0.0, 1.4E-45, 0.0, 0.0, 0.0
9z5, 20090813, 	32.0, 25.902428, 1.4E-45, -9999.0, 0.0, 1.4E-45, 0.0, 1.4E-45, 0.0, 0.0, 0.0
9z7, 20090813, 	32.3, 25.919443, 1.4E-45, -9999.0, 0.0, 1.4E-45, 0.0, 1.4E-45, 0.0, 0.0, 0.0
9xp, 20090814, 	30.9, 23.7743, 1.4E-45, -9999.0, 0.0, 1.4E-45, 0.0, 1.4E-45, 0.0, 0.0, 0.0
9xr, 20090814, 	31.0, -11.604166, 1.4E-45, -9999.0, -9999.0, 1.4E-45, 0.0, 1.4E-45, 0.0, 0.0, 0.0
9xw, 20090814, 	31.0, 22.471876, 1.4E-45, -9999.0, 0.0, 1.4E-45, 0.0, 1.4E-45, 0.0, 0.0, 0.0
9z5, 20090814, 	31.8, 25.048264, 1.4E-45, -9999.0, 0.0, 1.4E-45, 0.0, 1.4E-45, 0.0, 0.0, 0.0
9z7, 20090814, 	31.8, 24.814583, 1.4E-45, -9999.0, 0.0, 1.4E-45, 0.0, 1.4E-45, 0.0, 0.0, 0.0
9xp, 20090815, 	29.6, 21.534721, 1.4E-45, -9999.0, 0.0, 1.4E-45, 0.0, 1.4E-45, 0.0, 0.0, 0.0
9xr, 20090815, 	25.6, -49.845856, 1.4E-45, -9999.0, -9999.0, 1.4E-45, 0.0, 1.4E-45, 0.0, 0.0, 0.0
9xw, 20090815, 	25.8, 17.233337, 1.4E-45, -9999.0, 0.0, 1.4E-45, 0.0, 1.4E-45, 0.0, 0.0, 0.0
9z5, 20090815, 	27.9, 23.479519, 1.4E-45, -9999.0, 0.0, 1.4E-45, 0.0, 1.4E-45, 0.0, 0.0, 0.0
9z7, 20090815, 	28.4, 23.156242, 1.4E-45, -9999.0, 0.0, 1.4E-45, 0.0, 1.4E-45, 0.0, 0.0, 0.0
9xp, 20090816, 	23.9, 16.74757, 1.4E-45, -9999.0, 0.0, 1.4E-45, 0.0, 1.4E-45, 0.0, 0.0, 0.0
9xr, 20090816, 	23.6, 15.555903, 1.4E-45, -9999.0, -9999.0, 1.4E-45, 0.0, 1.4E-45, 0.0, 0.0, 0.0
9xw, 20090816, 	22.3, 13.473266, 1.4E-45, -9999.0, 0.0, 1.4E-45, 0.0, 1.4E-45, 0.0, 0.0, 0.0
9z5, 20090816, 	27.0, 22.003468, 1.4E-45, -9999.0, 0.0, 1.4E-45, 0.0, 1.4E-45, 0.0, 0.0, 0.0
9z7, 20090816, 	26.5, 22.233328, 1.4E-45, -9999.0, 0.0, 1.4E-45, 0.0, 1.4E-45, 0.0, 0.0, 0.0
9xp, 20090817, 	23.9, 17.383339, 1.4E-45, -9999.0, 0.0, 1.4E-45, 0.0, 1.4E-45, 0.0, 0.0, 0.0
9xr, 20090817, 	22.3, 16.246178, 1.4E-45, -9999.0, -9999.0, 1.4E-45, 0.0, 1.4E-45, 0.0, 0.0, 0.0
9xw, 20090817, 	21.9, 13.853124, 1.4E-45, -9999.0, 0.0, 1.4E-45, 0.0, 1.4E-45, 0.0, 0.0, 0.0
9z5, 20090817, 	26.8, 19.884718, 1.4E-45, -9999.0, 0.0, 1.4E-45, 0.0, 1.4E-45, 0.0, 0.0, 0.0
9z7, 20090817, 	27.3, 19.2809, 1.4E-45, -9999.0, 0.0, 1.4E-45, 0.0, 1.4E-45, 0.0, 0.0, 0.0
9xp, 20090818, 	26.6, 18.026045, 1.4E-45, -9999.0, 0.0, 1.4E-45, 0.0, 1.4E-45, 0.0, 0.0, 0.0
9xr, 20090818, 	25.6, 17.434025, 1.4E-45, -9999.0, -9999.0, 1.4E-45, 0.0, 1.4E-45, 0.0, 0.0, 0.0
9xw, 20090818, 	27.5, 14.837847, 1.4E-45, -9999.0, -416.0, 1.4E-45, 0.0, 1.4E-45, 0.0, 0.0, 0.0
9z5, 20090818, 	27.7, 20.415972, 1.4E-45, -9999.0, 0.0, 1.4E-45, 0.0, 1.4E-45, 0.0, 0.0, 0.0
9z7, 20090818, 	28.2, 20.027428, 1.4E-45, -9999.0, 0.0, 1.4E-45, 0.0, 1.4E-45, 0.0, 0.0, 0.0
9xp, 20090819, 	26.6, 18.028471, 1.4E-45, -9999.0, 0.0, 1.4E-45, 0.0, 1.4E-45, 0.0, 0.0, 0.0
9xr, 20090819, 	23.7, 16.501736, 1.4E-45, -9999.0, -9999.0, 1.4E-45, 0.0, 1.4E-45, 0.0, 0.0, 0.0
9xw, 20090819, 	25.9, 16.185768, 1.4E-45, -9999.0, 0.0, 1.4E-45, 0.0, 1.4E-45, 0.0, 0.0, 0.0
9z5, 20090819, 	27.4, 22.203812, 1.4E-45, -9999.0, 0.0, 1.4E-45, 0.0, 1.4E-45, 0.0, 0.0, 0.0
9z7, 20090819, 	28.0, 22.156248, 1.4E-45, -9999.0, 0.0, 1.4E-45, 0.0, 1.4E-45, 0.0, 0.0, 0.0
9xp, 20090820, 	25.5, 18.205215, 1.4E-45, -9999.0, 0.0, 1.4E-45, 0.0, 1.4E-45, 0.0, 0.0, 0.0
9xr, 20090820, 	20.4, 14.432634, 1.4E-45, -9999.0, -9999.0, 1.4E-45, 0.0, 1.4E-45, 0.0, 0.0, 0.0
9xw, 20090820, 	23.6, 15.752779, 1.4E-45, -9999.0, 0.0, 1.4E-45, 0.0, 1.4E-45, 0.0, 0.0, 0.0
9z5, 20090820, 	24.1, 19.070827, 1.4E-45, -9999.0, 0.0, 1.4E-45, 0.0, 1.4E-45, 0.0, 0.0, 0.0
9z7, 20090820, 	25.1, 19.459377, 1.4E-45, -9999.0, 0.0, 1.4E-45, 0.0, 1.4E-45, 0.0, 0.0, 0.0
9xp, 20090821, 	25.9, 16.875002, 1.4E-45, -9999.0, 0.0, 1.4E-45, 0.0, 1.4E-45, 0.0, 0.0, 0.0
9xr, 20090821, 	21.3, 14.8291645, 1.4E-45, -9999.0, -9999.0, 1.4E-45, 0.0, 1.4E-45, 0.0, 0.0, 0.0
9xw, 20090821, 	26.6, 13.06597, 1.4E-45, -9999.0, 0.0, 1.4E-45, 0.0, 1.4E-45, 0.0, 0.0, 0.0
9z5, 20090821, 	22.2, 17.986107, 1.4E-45, -9999.0, 0.0, 1.4E-45, 0.0, 1.4E-45, 0.0, 0.0, 0.0
9z7, 20090821, 	23.3, 18.365622, 1.4E-45, -9999.0, 0.0, 1.4E-45, 0.0, 1.4E-45, 0.0, 0.0, 0.0
9xp, 20090822, 	31.2, 19.029516, 1.4E-45, -9999.0, 0.0, 1.4E-45, 0.0, 1.4E-45, 0.0, 0.0, 0.0
9xr, 20090822, 	27.4, 17.548954, 1.4E-45, -9999.0, -9999.0, 1.4E-45, 0.0, 1.4E-45, 0.0, 0.0, 0.0
9xw, 20090822, 	34.1, 20.079512, 1.4E-45, -9999.0, 0.0, 1.4E-45, 0.0, 1.4E-45, 0.0, 0.0, 0.0
9z5, 20090822, 	24.9, 16.80555, 1.4E-45, -9999.0, 0.0, 1.4E-45, 0.0, 1.4E-45, 0.0, 0.0, 0.0
9z7, 20090822, 	25.2, 16.188202, 1.4E-45, -9999.0, 0.0, 1.4E-45, 0.0, 1.4E-45, 0.0, 0.0, 0.0
9xp, 20090823, 	35.8, 23.022219, 1.4E-45, -9999.0, 0.0, 1.4E-45, 0.0, 1.4E-45, 0.0, 0.0, 0.0
9xr, 20090823, 	27.7, 20.229507, 1.4E-45, -9999.0, -9999.0, 1.4E-45, 0.0, 1.4E-45, 0.0, 0.0, 0.0
9xw, 20090823, 	32.9, 23.268059, 1.4E-45, -9999.0, 0.0, 1.4E-45, 0.0, 1.4E-45, 0.0, 0.0, 0.0
9z5, 20090823, 	27.3, 19.420135, 1.4E-45, -9999.0, 0.0, 1.4E-45, 0.0, 1.4E-45, 0.0, 0.0, 0.0
9z7, 20090823, 	27.6, 19.116674, 1.4E-45, -9999.0, 0.0, 1.4E-45, 0.0, 1.4E-45, 0.0, 0.0, 0.0
9xp, 20090824, 	32.3, 24.105211, 1.4E-45, -9999.0, 0.0, 1.4E-45, 0.0, 1.4E-45, 0.0, 0.0, 0.0
9xr, 20090824, 	29.7, 21.815279, 1.4E-45, -9999.0, -9999.0, 1.4E-45, 0.0, 1.4E-45, 0.0, 0.0, 0.0
9xw, 20090824, 	30.5, 21.982643, 1.4E-45, -9999.0, 0.0, 1.4E-45, 0.0, 1.4E-45, 0.0, 0.0, 0.0
9z5, 20090824, 	31.2, 22.631239, 1.4E-45, -9999.0, 0.0, 1.4E-45, 0.0, 1.4E-45, 0.0, 0.0, 0.0
9z7, 20090824, 	31.5, 22.12916, 1.4E-45, -9999.0, 0.0, 1.4E-45, 0.0, 1.4E-45, 0.0, 0.0, 0.0
9xp, 20090825, 	26.5, 20.036453, 1.4E-45, -9999.0, 0.0, 1.4E-45, 0.0, 1.4E-45, 0.0, 0.0, 0.0
9xr, 20090825, 	25.9, 19.818743, 1.4E-45, -9999.0, -9999.0, 1.4E-45, 0.0, 1.4E-45, 0.0, 0.0, 0.0
9xw, 20090825, 	26.6, 17.64792, 1.4E-45, -9999.0, 0.0, 1.4E-45, 0.0, 1.4E-45, 0.0, 0.0, 0.0
9z5, 20090825, 	29.8, 25.198269, 1.4E-45, -9999.0, 0.0, 1.4E-45, 0.0, 1.4E-45, 0.0, 0.0, 0.0
9z7, 20090825, 	28.7, 24.961468, 1.4E-45, -9999.0, 0.0, 1.4E-45, 0.0, 1.4E-45, 0.0, 0.0, 0.0
9xp, 20090826, 	26.3, 19.292356, 1.4E-45, -9999.0, 0.0, 1.4E-45, 0.0, 1.4E-45, 0.0, 0.0, 0.0
9xr, 20090826, 	24.1, 18.94653, 1.4E-45, -9999.0, -9999.0, 1.4E-45, 0.0, 1.4E-45, 0.0, 0.0, 0.0
9xw, 20090826, 	26.7, 16.948612, 1.4E-45, -9999.0, 0.0, 1.4E-45, 0.0, 1.4E-45, 0.0, 0.0, 0.0
9z5, 20090826, 	25.1, 21.720497, 1.4E-45, -9999.0, 0.0, 1.4E-45, 0.0, 1.4E-45, 0.0, 0.0, 0.0
9z7, 20090826, 	25.2, 22.146523, 1.4E-45, -9999.0, 0.0, 1.4E-45, 0.0, 1.4E-45, 0.0, 0.0, 0.0
9xp, 20090827, 	27.4, 18.628122, 1.4E-45, -9999.0, 0.0, 1.4E-45, 0.0, 1.4E-45, 0.0, 0.0, 0.0
9xr, 20090827, 	26.1, 18.13472, 1.4E-45, -9999.0, -9999.0, 1.4E-45, 0.0, 1.4E-45, 0.0, 0.0, 0.0
9xw, 20090827, 	31.0, 18.206942, 1.4E-45, -9999.0, 0.0, 1.4E-45, 0.0, 1.4E-45, 0.0, 0.0, 0.0
9z5, 20090827, 	24.2, 19.023952, 1.4E-45, -9999.0, 0.0, 1.4E-45, 0.0, 1.4E-45, 0.0, 0.0, 0.0
9z7, 20090827, 	25.6, 19.696884, 1.4E-45, -9999.0, 0.0, 1.4E-45, 0.0, 1.4E-45, 0.0, 0.0, 0.0
9xp, 20090828, 	27.3, 19.476044, 1.4E-45, -9999.0, 0.0, 1.4E-45, 0.0, 1.4E-45, 0.0, 0.0, 0.0
9xr, 20090828, 	23.9, 19.203829, 1.4E-45, -9999.0, -9999.0, 1.4E-45, 0.0, 1.4E-45, 0.0, 0.0, 0.0
9xw, 20090828, 	29.4, 18.278471, 1.4E-45, -9999.0, 0.0, 1.4E-45, 0.0, 1.4E-45, 0.0, 0.0, 0.0
9z5, 20090828, 	24.4, 17.824646, 1.4E-45, -9999.0, 0.0, 1.4E-45, 0.0, 1.4E-45, 0.0, 0.0, 0.0
9z7, 20090828, 	25.1, -17.831255, 1.4E-45, -9999.0, 0.0, 1.4E-45, 0.0, 1.4E-45, 0.0, 0.0, 0.0
9xp, 20090829, 	25.3, 16.857288, 1.4E-45, -9999.0, 0.0, 1.4E-45, 0.0, 1.4E-45, 0.0, 0.0, 0.0
9xr, 20090829, 	20.5, 15.5520935, 1.4E-45, -9999.0, -9999.0, 1.4E-45, 0.0, 1.4E-45, 0.0, 0.0, 0.0
9xw, 20090829, 	24.0, 14.124653, 1.4E-45, -9999.0, 0.0, 1.4E-45, 0.0, 1.4E-45, 0.0, 0.0, 0.0
9z5, 20090829, 	22.4, 18.025343, 1.4E-45, -9999.0, 0.0, 1.4E-45, 0.0, 1.4E-45, 0.0, 0.0, 0.0
9z7, 20090829, 	22.6, 17.497225, 1.4E-45, -9999.0, 0.0, 1.4E-45, 0.0, 1.4E-45, 0.0, 0.0, 0.0
9xp, 20090830, 	21.2, 15.50243, 1.4E-45, -9999.0, 0.0, 1.4E-45, 0.0, 1.4E-45, 0.0, 0.0, 0.0
9xr, 20090830, 	21.0, 14.480552, 1.4E-45, -9999.0, -9999.0, 1.4E-45, 0.0, 1.4E-45, 0.0, 0.0, 0.0
9xw, 20090830, 	21.8, 15.379168, 1.4E-45, -9999.0, 0.0, 1.4E-45, 0.0, 1.4E-45, 0.0, 0.0, 0.0
9z5, 20090830, 	21.5, 14.626044, 1.4E-45, -9999.0, 0.0, 1.4E-45, 0.0, 1.4E-45, 0.0, 0.0, 0.0
9z7, 20090830, 	21.8, 13.971875, 1.4E-45, -9999.0, 0.0, 1.4E-45, 0.0, 1.4E-45, 0.0, 0.0, 0.0
9xp, 20090831, 	24.4, 16.178125, 1.4E-45, -9999.0, 0.0, 1.4E-45, 0.0, 1.4E-45, 0.0, 0.0, 0.0
9xr, 20090831, 	21.6, 15.993754, 1.4E-45, -9999.0, -9999.0, 1.4E-45, 0.0, 1.4E-45, 0.0, 0.0, 0.0
9xw, 20090831, 	24.1, 16.161112, 1.4E-45, -9999.0, 0.0, 1.4E-45, 0.0, 1.4E-45, 0.0, 0.0, 0.0
9z5, 20090831, 	21.9, 13.678126, 1.4E-45, -9999.0, 0.0, 1.4E-45, 0.0, 1.4E-45, 0.0, 0.0, 0.0
9z7, 20090831, 	22.0, 13.219097, 1.4E-45, -9999.0, 0.0, 1.4E-45, 0.0, 1.4E-45, 0.0, 0.0, 0.0
9xp, 20100801, 	33.3, 23.17083, 1.4E-45, -9999.0, 0.0, 1.4E-45, 0.0, 1.4E-45, 0.0, 0.0, 0.0
9xr, 20100801, 	30.5, 23.688545, 1.4E-45, -9999.0, 0.0, 1.4E-45, 0.0, 1.4E-45, 0.0, 0.0, 0.0
9xw, 20100801, 	32.0, 24.398956, 1.4E-45, -9999.0, 0.0, 1.4E-45, 0.0, 1.4E-45, 0.0, 0.0, 0.0
9z5, 20100801, 	30.9, 24.71841, 1.4E-45, -9999.0, 0.0, 1.4E-45, 0.0, 1.4E-45, 0.0, 0.0, 0.0
9z7, 20100801, 	31.5, 24.490974, 1.4E-45, -9999.0, 0.0, 1.4E-45, 0.0, 1.4E-45, 0.0, 0.0, 0.0
9xp, 20100802, 	33.9, 25.480913, 1.4E-45, -9999.0, 0.0, 1.4E-45, 0.0, 1.4E-45, 0.0, 0.0, 0.0
9xr, 20100802, 	29.6, 23.08507, 1.4E-45, -9999.0, 0.0, 1.4E-45, 0.0, 1.4E-45, 0.0, 0.0, 0.0
9xw, 20100802, 	32.2, 23.022911, 1.4E-45, -9999.0, 0.0, 1.4E-45, 0.0, 1.4E-45, 0.0, 0.0, 0.0
9z5, 20100802, 	32.4, 26.697567, 1.4E-45, -9999.0, 0.0, 1.4E-45, 0.0, 1.4E-45, 0.0, 0.0, 0.0
9z7, 20100802, 	33.2, 27.002785, 1.4E-45, -9999.0, 0.0, 1.4E-45, 0.0, 1.4E-45, 0.0, 0.0, 0.0
9xp, 20100803, 	30.3, 23.055552, 1.4E-45, -9999.0, 0.0, 1.4E-45, 0.0, 1.4E-45, 0.0, 0.0, 0.0
9xr, 20100803, 	29.5, -46.698612, 1.4E-45, -9999.0, 0.0, 1.4E-45, 0.0, 1.4E-45, 0.0, 0.0, 0.0
9xw, 20100803, 	30.7, 22.026743, 1.4E-45, -9999.0, 0.0, 1.4E-45, 0.0, 1.4E-45, 0.0, 0.0, 0.0
9z5, 20100803, 	31.3, 27.290976, 1.4E-45, -9999.0, 0.0, 1.4E-45, 0.0, 1.4E-45, 0.0, 0.0, 0.0
9z7, 20100803, 	32.3, 27.313543, 1.4E-45, -9999.0, 0.0, 1.4E-45, 0.0, 1.4E-45, 0.0, 0.0, 0.0
9xp, 20100804, 	28.6, 22.160067, 1.4E-45, -9999.0, 0.0, 1.4E-45, 0.0, 1.4E-45, 0.0, 0.0, 0.0
9xr, 20100804, 	26.1, 19.53611, 1.4E-45, -9999.0, 0.0, 1.4E-45, 0.0, 1.4E-45, 0.0, 0.0, 0.0
9xw, 20100804, 	26.9, 18.422571, 1.4E-45, -9999.0, 0.0, 1.4E-45, 0.0, 1.4E-45, 0.0, 0.0, 0.0
9z5, 20100804, 	29.3, 25.6889, 1.4E-45, -9999.0, 0.0, 1.4E-45, 0.0, 1.4E-45, 0.0, 0.0, 0.0
9z7, 20100804, 	30.3, 25.66667, 1.4E-45, -9999.0, 0.0, 1.4E-45, 0.0, 1.4E-45, 0.0, 0.0, 0.0
9xp, 20100805, 	29.1, 21.705559, 1.4E-45, -9999.0, 0.0, 1.4E-45, 0.0, 1.4E-45, 0.0, 0.0, 0.0
9xr, 20100805, 	27.4, 21.133682, 1.4E-45, -9999.0, 0.0, 1.4E-45, 0.0, 1.4E-45, 0.0, 0.0, 0.0
9xw, 20100805, 	27.4, 18.923948, 1.4E-45, -9999.0, 0.0, 1.4E-45, 0.0, 1.4E-45, 0.0, 0.0, 0.0
9z5, 20100805, 	29.5, 24.207281, 1.4E-45, -9999.0, 0.0, 1.4E-45, 0.0, 1.4E-45, 0.0, 0.0, 0.0
9z7, 20100805, 	30.3, 23.704523, 1.4E-45, -9999.0, 0.0, 1.4E-45, 0.0, 1.4E-45, 0.0, 0.0, 0.0
9xp, 20100806, 	28.4, 21.230902, 1.4E-45, -9999.0, 0.0, 1.4E-45, 0.0, 1.4E-45, 0.0, 0.0, 0.0
9xr, 20100806, 	29.3, -14.27882, 1.4E-45, -9999.0, 0.0, 1.4E-45, 0.0, 1.4E-45, 0.0, 0.0, 0.0
9xw, 20100806, 	31.0, 21.358683, 1.4E-45, -9999.0, 0.0, 1.4E-45, 0.0, 1.4E-45, 0.0, 0.0, 0.0
9z5, 20100806, 	29.9, 23.893053, 1.4E-45, -9999.0, 0.0, 1.4E-45, 0.0, 1.4E-45, 0.0, 0.0, 0.0
9z7, 20100806, 	30.6, 23.259726, 1.4E-45, -9999.0, 0.0, 1.4E-45, 0.0, 1.4E-45, 0.0, 0.0, 0.0
9xp, 20100807, 	31.9, 23.184374, 1.4E-45, -9999.0, 0.0, 1.4E-45, 0.0, 1.4E-45, 0.0, 0.0, 0.0
9xr, 20100807, 	32.9, 24.44445, 1.4E-45, -9999.0, 0.0, 1.4E-45, 0.0, 1.4E-45, 0.0, 0.0, 0.0
9xw, 20100807, 	33.0, 22.986805, 1.4E-45, -9999.0, 0.0, 1.4E-45, 0.0, 1.4E-45, 0.0, 0.0, 0.0
9z5, 20100807, 	31.7, 25.565273, 1.4E-45, -9999.0, 0.0, 1.4E-45, 0.0, 1.4E-45, 0.0, 0.0, 0.0
9z7, 20100807, 	32.3, 25.767696, 1.4E-45, -9999.0, 0.0, 1.4E-45, 0.0, 1.4E-45, 0.0, 0.0, 0.0
9xp, 20100808, 	31.5, 23.908684, 1.4E-45, -9999.0, 0.0, 1.4E-45, 0.0, 1.4E-45, 0.0, 0.0, 0.0
9xr, 20100808, 	32.3, 25.80035, 1.4E-45, -9999.0, 0.0, 1.4E-45, 0.0, 1.4E-45, 0.0, 0.0, 0.0
9xw, 20100808, 	32.1, 23.919788, 1.4E-45, -9999.0, 0.0, 1.4E-45, 0.0, 1.4E-45, 0.0, 0.0, 0.0
9z5, 20100808, 	35.3, 28.676388, 1.4E-45, -9999.0, 0.0, 1.4E-45, 0.0, 1.4E-45, 0.0, 0.0, 0.0
9z7, 20100808, 	35.6, 28.799644, 1.4E-45, -9999.0, 0.0, 1.4E-45, 0.0, 1.4E-45, 0.0, 0.0, 0.0
9xp, 20100809, 	31.0, 24.494453, 1.4E-45, -9999.0, 0.0, 1.4E-45, 0.0, 1.4E-45, 0.0, 0.0, 0.0
9xr, 20100809, 	30.9, 24.142008, 1.4E-45, -9999.0, 0.0, 1.4E-45, 0.0, 1.4E-45, 0.0, 0.0, 0.0
9xw, 20100809, 	29.2, 20.591331, 1.4E-45, -9999.0, 0.0, 1.4E-45, 0.0, 1.4E-45, 0.0, 0.0, 0.0
9z5, 20100809, 	33.8, 28.744455, 1.4E-45, -9999.0, 0.0, 1.4E-45, 0.0, 1.4E-45, 0.0, 0.0, 0.0
9z7, 20100809, 	34.3, 28.11841, 1.4E-45, -9999.0, 0.0, 1.4E-45, 0.0, 1.4E-45, 0.0, 0.0, 0.0
9xp, 20100810, 	30.7, 22.42952, 1.4E-45, -9999.0, 0.0, 1.4E-45, 0.0, 1.4E-45, 0.0, 0.0, 0.0
9xr, 20100810, 	30.7, 22.753122, 1.4E-45, -9999.0, 0.0, 1.4E-45, 0.0, 1.4E-45, 0.0, 0.0, 0.0
9xw, 20100810, 	32.1, 22.405907, 1.4E-45, -9999.0, 0.0, 1.4E-45, 0.0, 1.4E-45, 0.0, 0.0, 0.0
9z5, 20100810, 	34.0, 28.49237, 1.4E-45, -9999.0, 0.0, 1.4E-45, 0.0, 1.4E-45, 0.0, 0.0, 0.0
9z7, 20100810, 	35.3, 28.739576, 1.4E-45, -9999.0, 0.0, 1.4E-45, 0.0, 1.4E-45, 0.0, 0.0, 0.0
9xp, 20100811, 	33.0, 24.491667, 1.4E-45, -9999.0, 0.0, 1.4E-45, 0.0, 1.4E-45, 0.0, 0.0, 0.0
9xr, 20100811, 	33.6, 26.55485, 1.4E-45, -9999.0, 0.0, 1.4E-45, 0.0, 1.4E-45, 0.0, 0.0, 0.0
9xw, 20100811, 	33.1, 22.622911, 1.4E-45, -9999.0, 0.0, 1.4E-45, 0.0, 1.4E-45, 0.0, 0.0, 0.0
9z5, 20100811, 	35.0, 27.723955, 1.4E-45, -9999.0, 0.0, 1.4E-45, 0.0, 1.4E-45, 0.0, 0.0, 0.0
9z7, 20100811, 	36.7, -808.4253, 1.4E-45, -9999.0, -833.0, 1.4E-45, 0.0, 1.4E-45, 0.0, 0.0, 0.0
9xp, 20100812, 	33.2, 24.40103, 1.4E-45, -9999.0, 0.0, 1.4E-45, 0.0, 1.4E-45, 0.0, 0.0, 0.0
9xr, 20100812, 	33.3, 25.423962, 1.4E-45, -9999.0, 0.0, 1.4E-45, 0.0, 1.4E-45, 0.0, 0.0, 0.0
9xw, 20100812, 	33.1, 23.853128, 1.4E-45, -9999.0, 0.0, 1.4E-45, 0.0, 1.4E-45, 0.0, 0.0, 0.0
9z5, 20100812, 	36.5, 27.518408, 1.4E-45, -9999.0, 0.0, 1.4E-45, 0.0, 1.4E-45, 0.0, 0.0, 0.0
9z7, 20100812, 	36.5, 27.417011, 1.4E-45, -9999.0, 0.0, 1.4E-45, 0.0, 1.4E-45, 0.0, 0.0, 0.0
9xp, 20100813, 	29.1, 21.981247, 1.4E-45, -9999.0, 0.0, 1.4E-45, 0.0, 1.4E-45, 0.0, 0.0, 0.0
9xr, 20100813, 	30.4, -12.165985, 1.4E-45, -9999.0, 0.0, 1.4E-45, 0.0, 1.4E-45, 0.0, 0.0, 0.0
9xw, 20100813, 	28.8, 21.24792, 1.4E-45, -9999.0, 0.0, 1.4E-45, 0.0, 1.4E-45, 0.0, 0.0, 0.0
9z5, 20100813, 	32.8, 27.944445, 1.4E-45, -9999.0, 0.0, 1.4E-45, 0.0, 1.4E-45, 0.0, 0.0, 0.0
9z7, 20100813, 	34.0, 28.352087, 1.4E-45, -9999.0, 0.0, 1.4E-45, 0.0, 1.4E-45, 0.0, 0.0, 0.0
9xp, 20100814, 	29.1, 20.224298, 1.4E-45, -9999.0, 0.0, 1.4E-45, 0.0, 1.4E-45, 0.0, 0.0, 0.0
9xr, 20100814, 	26.0, 19.240273, 1.4E-45, -9999.0, 0.0, 1.4E-45, 0.0, 1.4E-45, 0.0, 0.0, 0.0
9xw, 20100814, 	27.0, 17.839582, 1.4E-45, -9999.0, 0.0, 1.4E-45, 0.0, 1.4E-45, 0.0, 0.0, 0.0
9z5, 20100814, 	30.8, 24.438189, 1.4E-45, -9999.0, 0.0, 1.4E-45, 0.0, 1.4E-45, 0.0, 0.0, 0.0
9z7, 20100814, 	32.5, 24.389233, 1.4E-45, -9999.0, 0.0, 1.4E-45, 0.0, 1.4E-45, 0.0, 0.0, 0.0
9xp, 20100815, 	25.6, 19.573614, 1.4E-45, -9999.0, 0.0, 1.4E-45, 0.0, 1.4E-45, 0.0, 0.0, 0.0
9xr, 20100815, 	24.4, 17.716318, 1.4E-45, -9999.0, 0.0, 1.4E-45, 0.0, 1.4E-45, 0.0, 0.0, 0.0
9xw, 20100815, 	25.0, 14.473609, 1.4E-45, -9999.0, 0.0, 1.4E-45, 0.0, 1.4E-45, 0.0, 0.0, 0.0
9z5, 20100815, 	28.1, 21.632988, 1.4E-45, -9999.0, 0.0, 1.4E-45, 0.0, 1.4E-45, 0.0, 0.0, 0.0
9z7, 20100815, 	29.5, 21.879515, 1.4E-45, -9999.0, 0.0, 1.4E-45, 0.0, 1.4E-45, 0.0, 0.0, 0.0
9xp, 20100816, 	27.5, 20.299316, 1.4E-45, -9999.0, 0.0, 1.4E-45, 0.0, 1.4E-45, 0.0, 0.0, 0.0
9xr, 20100816, 	23.6, 18.4257, 1.4E-45, -9999.0, 0.0, 1.4E-45, 0.0, 1.4E-45, 0.0, 0.0, 0.0
9xw, 20100816, 	25.2, 17.781603, 1.4E-45, -9999.0, 0.0, 1.4E-45, 0.0, 1.4E-45, 0.0, 0.0, 0.0
9z5, 20100816, 	30.3, 22.440277, 1.4E-45, -9999.0, 0.0, 1.4E-45, 0.0, 1.4E-45, 0.0, 0.0, 0.0
9z7, 20100816, 	31.0, 21.490282, 1.4E-45, -9999.0, 0.0, 1.4E-45, 0.0, 1.4E-45, 0.0, 0.0, 0.0
9xp, 20100817, 	26.6, 19.473259, 1.4E-45, -9999.0, 0.0, 1.4E-45, 0.0, 1.4E-45, 0.0, 0.0, 0.0
9xr, 20100817, 	25.4, 18.382294, 1.4E-45, -9999.0, 0.0, 1.4E-45, 0.0, 1.4E-45, 0.0, 0.0, 0.0
9xw, 20100817, 	31.0, 18.573261, 1.4E-45, -9999.0, 0.0, 1.4E-45, 0.0, 1.4E-45, 0.0, 0.0, 0.0
9z5, 20100817, 	26.7, 19.594435, 1.4E-45, -9999.0, 0.0, 1.4E-45, 0.0, 1.4E-45, 0.0, 0.0, 0.0
9z7, 20100817, 	26.6, 19.820473, 1.4E-45, -9999.0, 0.0, 1.4E-45, 0.0, 1.4E-45, 0.0, 0.0, 0.0
9xp, 20100818, 	34.3, 23.73507, 1.4E-45, -9999.0, 0.0, 1.4E-45, 0.0, 1.4E-45, 0.0, 0.0, 0.0
9xr, 20100818, 	34.7, 22.271881, 1.4E-45, -9999.0, 0.0, 1.4E-45, 0.0, 1.4E-45, 0.0, 0.0, 0.0
9xw, 20100818, 	36.4, 22.84341, 1.4E-45, -9999.0, 0.0, 1.4E-45, 0.0, 1.4E-45, 0.0, 0.0, 0.0
9z5, 20100818, 	27.7, 20.442015, 1.4E-45, -9999.0, 0.0, 1.4E-45, 0.0, 1.4E-45, 0.0, 0.0, 0.0
9z7, 20100818, 	28.5, 20.930208, 1.4E-45, -9999.0, 0.0, 1.4E-45, 0.0, 1.4E-45, 0.0, 0.0, 0.0
9xp, 20100819, 	31.4, 23.229176, 1.4E-45, -9999.0, 0.0, 1.4E-45, 0.0, 1.4E-45, 0.0, 0.0, 0.0
9xr, 20100819, 	33.7, 25.47083, 1.4E-45, -9999.0, 0.0, 1.4E-45, 0.0, 1.4E-45, 0.0, 0.0, 0.0
9xw, 20100819, 	29.9, 22.362162, 1.4E-45, -9999.0, 0.0, 1.4E-45, 0.0, 1.4E-45, 0.0, 0.0, 0.0
9z5, 20100819, 	32.5, 24.706244, 1.4E-45, -9999.0, 0.0, 1.4E-45, 0.0, 1.4E-45, 0.0, 0.0, 0.0
9z7, 20100819, 	33.4, 24.789238, 1.4E-45, -9999.0, 0.0, 1.4E-45, 0.0, 1.4E-45, 0.0, 0.0, 0.0
9xp, 20100820, 	30.8, 23.742367, 1.4E-45, -9999.0, 0.0, 1.4E-45, 0.0, 1.4E-45, 0.0, 0.0, 0.0
9xr, 20100820, 	31.7, 22.807985, 1.4E-45, -9999.0, 0.0, 1.4E-45, 0.0, 1.4E-45, 0.0, 0.0, 0.0
9xw, 20100820, 	32.5, 21.48993, 1.4E-45, -9999.0, 0.0, 1.4E-45, 0.0, 1.4E-45, 0.0, 0.0, 0.0
9z5, 20100820, 	30.3, 25.848606, 1.4E-45, -9999.0, 0.0, 1.4E-45, 0.0, 1.4E-45, 0.0, 0.0, 0.0
9z7, 20100820, 	30.4, 25.646524, 1.4E-45, -9999.0, 0.0, 1.4E-45, 0.0, 1.4E-45, 0.0, 0.0, 0.0
9xp, 20100821, 	33.1, 22.83576, 1.4E-45, -9999.0, 0.0, 1.4E-45, 0.0, 1.4E-45, 0.0, 0.0, 0.0
9xr, 20100821, 	34.4, 25.825005, 1.4E-45, -9999.0, 0.0, 1.4E-45, 0.0, 1.4E-45, 0.0, 0.0, 0.0
9xw, 20100821, 	33.3, 21.547909, 1.4E-45, -9999.0, 0.0, 1.4E-45, 0.0, 1.4E-45, 0.0, 0.0, 0.0
9z5, 20100821, 	33.0, 25.758343, 1.4E-45, -9999.0, 0.0, 1.4E-45, 0.0, 1.4E-45, 0.0, 0.0, 0.0
9z7, 20100821, 	33.2, 25.623955, 1.4E-45, -9999.0, 0.0, 1.4E-45, 0.0, 1.4E-45, 0.0, 0.0, 0.0
9xp, 20100822, 	33.7, 25.273605, 1.4E-45, -9999.0, 0.0, 1.4E-45, 0.0, 1.4E-45, 0.0, 0.0, 0.0
9xr, 20100822, 	32.6, 26.001392, 1.4E-45, -9999.0, 0.0, 1.4E-45, 0.0, 1.4E-45, 0.0, 0.0, 0.0
9xw, 20100822, 	33.9, 25.923258, 1.4E-45, -9999.0, 0.0, 1.4E-45, 0.0, 1.4E-45, 0.0, 0.0, 0.0
9z5, 20100822, 	32.9, 25.76597, 1.4E-45, -9999.0, 0.0, 1.4E-45, 0.0, 1.4E-45, 0.0, 0.0, 0.0
9z7, 20100822, 	33.6, 25.675695, 1.4E-45, -9999.0, 0.0, 1.4E-45, 0.0, 1.4E-45, 0.0, 0.0, 0.0
9xp, 20100823, 	31.1, 24.724306, 1.4E-45, -9999.0, 0.0, 1.4E-45, 0.0, 1.4E-45, 0.0, 0.0, 0.0
9xr, 20100823, 	30.5, 21.83125, 1.4E-45, -9999.0, 0.0, 1.4E-45, 0.0, 1.4E-45, 0.0, 0.0, 0.0
9xw, 20100823, 	31.5, 23.5309, 1.4E-45, -9999.0, 0.0, 1.4E-45, 0.0, 1.4E-45, 0.0, 0.0, 0.0
9z5, 20100823, 	33.0, 25.90313, 1.4E-45, -9999.0, 0.0, 1.4E-45, 0.0, 1.4E-45, 0.0, 0.0, 0.0
9z7, 20100823, 	33.4, 25.921186, 1.4E-45, -9999.0, 0.0, 1.4E-45, 0.0, 1.4E-45, 0.0, 0.0, 0.0
9xp, 20100824, 	25.1, 18.138893, 1.4E-45, -9999.0, 0.0, 1.4E-45, 0.0, 1.4E-45, 0.0, 0.0, 0.0
9xr, 20100824, 	25.7, 18.016666, 1.4E-45, -9999.0, 0.0, 1.4E-45, 0.0, 1.4E-45, 0.0, 0.0, 0.0
9xw, 20100824, 	24.8, 14.027779, 1.4E-45, -9999.0, 0.0, 1.4E-45, 0.0, 1.4E-45, 0.0, 0.0, 0.0
9z5, 20100824, 	30.2, 22.05973, 1.4E-45, -9999.0, 0.0, 1.4E-45, 0.0, 1.4E-45, 0.0, 0.0, 0.0
9z7, 20100824, 	30.5, 22.67187, 1.4E-45, -9999.0, 0.0, 1.4E-45, 0.0, 1.4E-45, 0.0, 0.0, 0.0
9xp, 20100825, 	27.9, 17.916319, 1.4E-45, -9999.0, 0.0, 1.4E-45, 0.0, 1.4E-45, 0.0, 0.0, 0.0
9xr, 20100825, 	29.1, 20.20451, 1.4E-45, -9999.0, 0.0, 1.4E-45, 0.0, 1.4E-45, 0.0, 0.0, 0.0
9xw, 20100825, 	31.2, 19.148613, 1.4E-45, -9999.0, 0.0, 1.4E-45, 0.0, 1.4E-45, 0.0, 0.0, 0.0
9z5, 20100825, 	27.0, 19.356243, 1.4E-45, -9999.0, 0.0, 1.4E-45, 0.0, 1.4E-45, 0.0, 0.0, 0.0
9z7, 20100825, 	28.6, 18.684376, 1.4E-45, -9999.0, 0.0, 1.4E-45, 0.0, 1.4E-45, 0.0, 0.0, 0.0
9xp, 20100826, 	31.8, 19.938887, 1.4E-45, -9999.0, 0.0, 1.4E-45, 0.0, 1.4E-45, 0.0, 0.0, 0.0
9xr, 20100826, 	30.5, 21.935078, 1.4E-45, -9999.0, 0.0, 1.4E-45, 0.0, 1.4E-45, 0.0, 0.0, 0.0
9xw, 20100826, 	35.1, 23.24548, 1.4E-45, -9999.0, 0.0, 1.4E-45, 0.0, 1.4E-45, 0.0, 0.0, 0.0
9z5, 20100826, 	29.0, 21.168407, 1.4E-45, -9999.0, 0.0, 1.4E-45, 0.0, 1.4E-45, 0.0, 0.0, 0.0
9z7, 20100826, 	29.7, 21.279163, 1.4E-45, -9999.0, 0.0, 1.4E-45, 0.0, 1.4E-45, 0.0, 0.0, 0.0
9xp, 20100827, 	35.0, 22.76285, 1.4E-45, -9999.0, 0.0, 1.4E-45, 0.0, 1.4E-45, 0.0, 0.0, 0.0
9xr, 20100827, 	32.4, 22.668053, 1.4E-45, -9999.0, 0.0, 1.4E-45, 0.0, 1.4E-45, 0.0, 0.0, 0.0
9xw, 20100827, 	35.8, 25.89028, 1.4E-45, -9999.0, 0.0, 1.4E-45, 0.0, 1.4E-45, 0.0, 0.0, 0.0
9z5, 20100827, 	29.2, 22.29514, 1.4E-45, -9999.0, 0.0, 1.4E-45, 0.0, 1.4E-45, 0.0, 0.0, 0.0
9z7, 20100827, 	30.0, 22.591677, 1.4E-45, -9999.0, 0.0, 1.4E-45, 0.0, 1.4E-45, 0.0, 0.0, 0.0
9xp, 20100828, 	34.7, 24.05972, 1.4E-45, -9999.0, 0.0, 1.4E-45, 0.0, 1.4E-45, 0.0, 0.0, 0.0
9xr, 20100828, 	32.2, 22.920835, 1.4E-45, -9999.0, 0.0, 1.4E-45, 0.0, 1.4E-45, 0.0, 0.0, 0.0
9xw, 20100828, 	32.5, 23.814243, 1.4E-45, -9999.0, 0.0, 1.4E-45, 0.0, 1.4E-45, 0.0, 0.0, 0.0
9z5, 20100828, 	31.3, 23.107986, 1.4E-45, -9999.0, 0.0, 1.4E-45, 0.0, 1.4E-45, 0.0, 0.0, 0.0
9z7, 20100828, 	32.2, 22.814583, 1.4E-45, -9999.0, 0.0, 1.4E-45, 0.0, 1.4E-45, 0.0, 0.0, 0.0
9xp, 20100829, 	34.3, 25.602434, 1.4E-45, -9999.0, 0.0, 1.4E-45, 0.0, 1.4E-45, 0.0, 0.0, 0.0
9xr, 20100829, 	33.6, 25.598263, 1.4E-45, -9999.0, 0.0, 1.4E-45, 0.0, 1.4E-45, 0.0, 0.0, 0.0
9xw, 20100829, 	32.0, 22.61598, 1.4E-45, -9999.0, 0.0, 1.4E-45, 0.0, 1.4E-45, 0.0, 0.0, 0.0
9z5, 20100829, 	32.3, 25.072569, 1.4E-45, -9999.0, 0.0, 1.4E-45, 0.0, 1.4E-45, 0.0, 0.0, 0.0
9z7, 20100829, 	33.3, 24.442362, 1.4E-45, -9999.0, 0.0, 1.4E-45, 0.0, 1.4E-45, 0.0, 0.0, 0.0
9xp, 20100830, 	32.9, 25.599997, 1.4E-45, -9999.0, 0.0, 1.4E-45, 0.0, 1.4E-45, 0.0, 0.0, 0.0
9xr, 20100830, 	30.4, 22.92917, 1.4E-45, -9999.0, 0.0, 1.4E-45, 0.0, 1.4E-45, 0.0, 0.0, 0.0
9xw, 20100830, 	30.1, 20.032644, 1.4E-45, -9999.0, 0.0, 1.4E-45, 0.0, 1.4E-45, 0.0, 0.0, 0.0
9z5, 20100830, 	32.8, 26.84861, 1.4E-45, -9999.0, 0.0, 1.4E-45, 0.0, 1.4E-45, 0.0, 0.0, 0.0
9z7, 20100830, 	33.4, 26.899302, 1.4E-45, -9999.0, 0.0, 1.4E-45, 0.0, 1.4E-45, 0.0, 0.0, 0.0
9xp, 20100831, 	31.4, 21.054173, 1.4E-45, -9999.0, 0.0, 1.4E-45, 0.0, 1.4E-45, 0.0, 0.0, 0.0
9xr, 20100831, 	22.5, 17.231249, 1.4E-45, -9999.0, 0.0, 1.4E-45, 0.0, 1.4E-45, 0.0, 0.0, 0.0
9xw, 20100831, 	23.8, 14.4697895, 1.4E-45, -9999.0, 0.0, 1.4E-45, 0.0, 1.4E-45, 0.0, 0.0, 0.0
9z5, 20100831, 	33.1, 28.114235, 1.4E-45, -9999.0, 0.0, 1.4E-45, 0.0, 1.4E-45, 0.0, 0.0, 0.0
9z7, 20100831, 	33.0, 28.457296, 1.4E-45, -9999.0, 0.0, 1.4E-45, 0.0, 1.4E-45, 0.0, 0.0, 0.0
9xp, 20110801, 	35.0, 26.274656, 1.4E-45, -9999.0, 0.0, 1.4E-45, 0.0, 1.4E-45, 0.0, 0.0, 0.0
9xr, 20110801, 	34.3, 27.174309, 1.4E-45, -9999.0, 0.0, 1.4E-45, 0.0, 1.4E-45, 0.0, 0.0, 0.0
9xw, 20110801, 	35.8, 26.67187, 1.4E-45, -9999.0, 0.0, 1.4E-45, 0.0, 1.4E-45, 0.0, 0.0, 0.0
9z5, 20110801, 	37.9, 30.415257, 1.4E-45, -9999.0, 0.0, 1.4E-45, 0.0, 1.4E-45, 0.0, 0.0, 0.0
9z7, 20110801, 	38.1, 29.730207, 1.4E-45, -9999.0, 0.0, 1.4E-45, 0.0, 1.4E-45, 0.0, 0.0, 0.0
9xp, 20110802, 	34.6, 24.301384, 1.4E-45, -9999.0, 0.0, 1.4E-45, 0.0, 1.4E-45, 0.0, 0.0, 0.0
9xr, 20110802, 	33.3, 24.390266, 1.4E-45, -9999.0, 0.0, 1.4E-45, 0.0, 1.4E-45, 0.0, 0.0, 0.0
9xw, 20110802, 	32.4, 21.597918, 1.4E-45, -9999.0, 0.0, 1.4E-45, 0.0, 1.4E-45, 0.0, 0.0, 0.0
9z5, 20110802, 	35.4, 29.076395, 1.4E-45, -9999.0, 0.0, 1.4E-45, 0.0, 1.4E-45, 0.0, 0.0, 0.0
9z7, 20110802, 	34.3, 29.386465, 1.4E-45, -9999.0, 0.0, 1.4E-45, 0.0, 1.4E-45, 0.0, 0.0, 0.0
9xp, 20110803, 	27.1, 21.608688, 1.4E-45, -9999.0, 0.0, 1.4E-45, 0.0, 1.4E-45, 0.0, 0.0, 0.0
9xr, 20110803, 	26.9, 21.786812, 1.4E-45, -9999.0, 0.0, 1.4E-45, 0.0, 1.4E-45, 0.0, 0.0, 0.0
9xw, 20110803, 	29.7, -13.33332, 1.4E-45, -9999.0, 0.0, 1.4E-45, 0.0, 1.4E-45, 0.0, 0.0, 0.0
9z5, 20110803, 	31.2, 25.995842, 1.4E-45, -9999.0, 0.0, 1.4E-45, 0.0, 1.4E-45, 0.0, 0.0, 0.0
9z7, 20110803, 	30.7, 25.5566, 1.4E-45, -9999.0, 0.0, 1.4E-45, 0.0, 1.4E-45, 0.0, 0.0, 0.0
9xp, 20110804, 	31.9, 23.210411, 1.4E-45, -9999.0, 0.0, 1.4E-45, 0.0, 1.4E-45, 0.0, 0.0, 0.0
9xr, 20110804, 	30.0, 22.013891, 1.4E-45, -9999.0, 0.0, 1.4E-45, 0.0, 1.4E-45, 0.0, 0.0, 0.0
9xw, 20110804, 	29.7, 20.25972, 1.4E-45, -9999.0, 0.0, 1.4E-45, 0.0, 1.4E-45, 0.0, 0.0, 0.0
9z5, 20110804, 	29.6, 24.623964, 1.4E-45, -9999.0, 0.0, 1.4E-45, 0.0, 1.4E-45, 0.0, 0.0, 0.0
9z7, 20110804, 	29.4, 24.511806, 1.4E-45, -9999.0, 0.0, 1.4E-45, 0.0, 1.4E-45, 0.0, 0.0, 0.0
9xp, 20110805, 	29.5, 21.586803, 1.4E-45, -9999.0, 0.0, 1.4E-45, 0.0, 1.4E-45, 0.0, 0.0, 0.0
9xr, 20110805, 	28.7, 21.929522, 1.4E-45, -9999.0, 0.0, 1.4E-45, 0.0, 1.4E-45, 0.0, 0.0, 0.0
9xw, 20110805, 	30.4, 21.06459, 1.4E-45, -9999.0, 0.0, 1.4E-45, 0.0, 1.4E-45, 0.0, 0.0, 0.0
9z5, 20110805, 	29.7, 24.1184, 1.4E-45, -9999.0, 0.0, 1.4E-45, 0.0, 1.4E-45, 0.0, 0.0, 0.0
9z7, 20110805, 	28.9, 24.00937, 1.4E-45, -9999.0, 0.0, 1.4E-45, 0.0, 1.4E-45, 0.0, 0.0, 0.0
9xp, 20110806, 	31.5, 24.197577, 1.4E-45, -9999.0, 0.0, 1.4E-45, 0.0, 1.4E-45, 0.0, 0.0, 0.0
9xr, 20110806, 	28.0, 21.647911, 1.4E-45, -9999.0, 0.0, 1.4E-45, 0.0, 1.4E-45, 0.0, 0.0, 0.0
9xw, 20110806, 	30.9, 22.1625, 1.4E-45, -9999.0, 0.0, 1.4E-45, 0.0, 1.4E-45, 0.0, 0.0, 0.0
9z5, 20110806, 	32.8, 24.97603, 1.4E-45, -9999.0, 0.0, 1.4E-45, 0.0, 1.4E-45, 0.0, 0.0, 0.0
9z7, 20110806, 	32.2, 24.98473, 1.4E-45, -9999.0, 0.0, 1.4E-45, 0.0, 1.4E-45, 0.0, 0.0, 0.0
9xp, 20110807, 	32.6, 23.651741, 1.4E-45, -9999.0, 0.0, 1.4E-45, 0.0, 1.4E-45, 0.0, 0.0, 0.0
9xr, 20110807, 	31.3, 22.71355, 1.4E-45, -9999.0, 0.0, 1.4E-45, 0.0, 1.4E-45, 0.0, 0.0, 0.0
9xw, 20110807, 	32.6, 22.024994, 1.4E-45, -9999.0, 0.0, 1.4E-45, 0.0, 1.4E-45, 0.0, 0.0, 0.0
9z5, 20110807, 	30.5, 23.50903, 1.4E-45, -9999.0, 0.0, 1.4E-45, 0.0, 1.4E-45, 0.0, 0.0, 0.0
9z7, 20110807, 	30.1, 23.700338, 1.4E-45, -9999.0, 0.0, 1.4E-45, 0.0, 1.4E-45, 0.0, 0.0, 0.0
9xp, 20110808, 	30.8, 22.90729, 1.4E-45, -9999.0, 0.0, 1.4E-45, 0.0, 1.4E-45, 0.0, 0.0, 0.0
9xr, 20110808, 	28.9, 20.16284, 1.4E-45, -9999.0, 0.0, 1.4E-45, 0.0, 1.4E-45, 0.0, 0.0, 0.0
9xw, 20110808, 	30.9, 20.250694, 1.4E-45, -9999.0, 0.0, 1.4E-45, 0.0, 1.4E-45, 0.0, 0.0, 0.0
9z5, 20110808, 	29.0, 24.144447, 1.4E-45, -9999.0, 0.0, 1.4E-45, 0.0, 1.4E-45, 0.0, 0.0, 0.0
9z7, 20110808, 	29.6, 24.279163, 1.4E-45, -9999.0, 0.0, 1.4E-45, 0.0, 1.4E-45, 0.0, 0.0, 0.0
9xp, 20110809, 	31.9, 21.860762, 1.4E-45, -9999.0, 0.0, 1.4E-45, 0.0, 1.4E-45, 0.0, 0.0, 0.0
9xr, 20110809, 	25.9, 18.39896, 1.4E-45, -9999.0, 0.0, 1.4E-45, 0.0, 1.4E-45, 0.0, 0.0, 0.0
9xw, 20110809, 	26.3, 17.366678, 1.4E-45, -9999.0, 0.0, 1.4E-45, 0.0, 1.4E-45, 0.0, 0.0, 0.0
9z5, 20110809, 	27.9, 22.447227, 1.4E-45, -9999.0, 0.0, 1.4E-45, 0.0, 1.4E-45, 0.0, 0.0, 0.0
9z7, 20110809, 	28.2, 22.063879, 1.4E-45, -9999.0, 0.0, 1.4E-45, 0.0, 1.4E-45, 0.0, 0.0, 0.0
9xp, 20110810, 	31.0, 19.62049, 1.4E-45, -9999.0, 0.0, 1.4E-45, 0.0, 1.4E-45, 0.0, 0.0, 0.0
9xr, 20110810, 	22.0, 17.289238, 1.4E-45, -9999.0, 0.0, 1.4E-45, 0.0, 1.4E-45, 0.0, 0.0, 0.0
9xw, 20110810, 	26.4, 17.475693, 1.4E-45, -9999.0, 0.0, 1.4E-45, 0.0, 1.4E-45, 0.0, 0.0, 0.0
9z5, 20110810, 	26.1, 20.407291, 1.4E-45, -9999.0, 0.0, 1.4E-45, 0.0, 1.4E-45, 0.0, 0.0, 0.0
9z7, 20110810, 	25.8, 20.093054, 1.4E-45, -9999.0, 0.0, 1.4E-45, 0.0, 1.4E-45, 0.0, 0.0, 0.0
9xp, 20110811, 	31.4, 21.66459, 1.4E-45, -9999.0, 0.0, 1.4E-45, 0.0, 1.4E-45, 0.0, 0.0, 0.0
9xr, 20110811, 	28.3, 19.464592, 1.4E-45, -9999.0, 0.0, 1.4E-45, 0.0, 1.4E-45, 0.0, 0.0, 0.0
9xw, 20110811, 	32.3, 21.68264, 1.4E-45, -9999.0, 0.0, 1.4E-45, 0.0, 1.4E-45, 0.0, 0.0, 0.0
9z5, 20110811, 	29.2, 21.172228, 1.4E-45, -9999.0, 0.0, 1.4E-45, 0.0, 1.4E-45, 0.0, 0.0, 0.0
9z7, 20110811, 	28.5, 20.173958, 1.4E-45, -9999.0, 0.0, 1.4E-45, 0.0, 1.4E-45, 0.0, 0.0, 0.0
9xp, 20110812, 	28.4, 22.303825, 1.4E-45, -9999.0, 0.0, 1.4E-45, 0.0, 1.4E-45, 0.0, 0.0, 0.0
9xr, 20110812, 	27.5, 21.07569, 1.4E-45, -9999.0, 0.0, 1.4E-45, 0.0, 1.4E-45, 0.0, 0.0, 0.0
9xw, 20110812, 	29.5, 20.555214, 1.4E-45, -9999.0, 0.0, 1.4E-45, 0.0, 1.4E-45, 0.0, 0.0, 0.0
9z5, 20110812, 	27.6, 21.063192, 1.4E-45, -9999.0, 0.0, 1.4E-45, 0.0, 1.4E-45, 0.0, 0.0, 0.0
9z7, 20110812, 	28.3, 21.157644, 1.4E-45, -9999.0, 0.0, 1.4E-45, 0.0, 1.4E-45, 0.0, 0.0, 0.0
9xp, 20110813, 	28.4, 19.806599, 1.4E-45, -9999.0, 0.0, 1.4E-45, 0.0, 1.4E-45, 0.0, 0.0, 0.0
9xr, 20110813, 	25.8, 20.274998, 1.4E-45, -9999.0, 0.0, 1.4E-45, 0.0, 1.4E-45, 0.0, 0.0, 0.0
9xw, 20110813, 	28.1, 19.532297, 1.4E-45, -9999.0, 0.0, 1.4E-45, 0.0, 1.4E-45, 0.0, 0.0, 0.0
9z5, 20110813, 	27.1, 22.517365, 1.4E-45, -9999.0, 0.0, 1.4E-45, 0.0, 1.4E-45, 0.0, 0.0, 0.0
9z7, 20110813, 	27.8, 21.944796, 1.4E-45, -9999.0, 0.0, 1.4E-45, 0.0, 1.4E-45, 0.0, 0.0, 0.0
9xp, 20110814, 	33.6, 23.011803, 1.4E-45, -9999.0, 0.0, 1.4E-45, 0.0, 1.4E-45, 0.0, 0.0, 0.0
9xr, 20110814, 	28.5, 20.732643, 1.4E-45, -9999.0, 0.0, 1.4E-45, 0.0, 1.4E-45, 0.0, 0.0, 0.0
9xw, 20110814, 	32.6, 22.131243, 1.4E-45, -9999.0, 0.0, 1.4E-45, 0.0, 1.4E-45, 0.0, 0.0, 0.0
9z5, 20110814, 	27.7, 20.874641, 1.4E-45, -9999.0, 0.0, 1.4E-45, 0.0, 1.4E-45, 0.0, 0.0, 0.0
9z7, 20110814, 	27.9, 20.032293, 1.4E-45, -9999.0, 0.0, 1.4E-45, 0.0, 1.4E-45, 0.0, 0.0, 0.0
9xp, 20110815, 	31.6, 22.614935, 1.4E-45, -9999.0, 0.0, 1.4E-45, 0.0, 1.4E-45, 0.0, 0.0, 0.0
9xr, 20110815, 	28.7, 21.617374, 1.4E-45, -9999.0, 0.0, 1.4E-45, 0.0, 1.4E-45, 0.0, 0.0, 0.0
9xw, 20110815, 	34.8, 22.790266, 1.4E-45, -9999.0, 0.0, 1.4E-45, 0.0, 1.4E-45, 0.0, 0.0, 0.0
9z5, 20110815, 	26.1, 21.090279, 1.4E-45, -9999.0, 0.0, 1.4E-45, 0.0, 1.4E-45, 0.0, 0.0, 0.0
9z7, 20110815, 	26.5, 21.253115, 1.4E-45, -9999.0, 0.0, 1.4E-45, 0.0, 1.4E-45, 0.0, 0.0, 0.0
9xp, 20110816, 	32.0, 23.895128, 1.4E-45, -9999.0, 0.0, 1.4E-45, 0.0, 1.4E-45, 0.0, 0.0, 0.0
9xr, 20110816, 	26.8, 21.490627, 1.4E-45, -9999.0, 0.0, 1.4E-45, 0.0, 1.4E-45, 0.0, 0.0, 0.0
9xw, 20110816, 	31.6, 21.65347, 1.4E-45, -9999.0, 0.0, 1.4E-45, 0.0, 1.4E-45, 0.0, 0.0, 0.0
9z5, 20110816, 	25.2, 21.431252, 1.4E-45, -9999.0, 0.0, 1.4E-45, 0.0, 1.4E-45, 0.0, 0.0, 0.0
9z7, 20110816, 	25.9, 21.659046, 1.4E-45, -9999.0, 0.0, 1.4E-45, 0.0, 1.4E-45, 0.0, 0.0, 0.0
9xp, 20110817, 	30.1, 21.734377, 1.4E-45, -9999.0, 0.0, 1.4E-45, 0.0, 1.4E-45, 0.0, 0.0, 0.0
9xr, 20110817, 	27.7, 20.886806, 1.4E-45, -9999.0, 0.0, 1.4E-45, 0.0, 1.4E-45, 0.0, 0.0, 0.0
9xw, 20110817, 	34.3, 21.206608, 1.4E-45, -9999.0, 0.0, 1.4E-45, 0.0, 1.4E-45, 0.0, 0.0, 0.0
9z5, 20110817, 	28.8, 22.877096, 1.4E-45, -9999.0, 0.0, 1.4E-45, 0.0, 1.4E-45, 0.0, 0.0, 0.0
9z7, 20110817, 	29.1, 23.062159, 1.4E-45, -9999.0, 0.0, 1.4E-45, 0.0, 1.4E-45, 0.0, 0.0, 0.0
9xp, 20110818, 	36.9, 25.771523, 1.4E-45, -9999.0, 0.0, 1.4E-45, 0.0, 1.4E-45, 0.0, 0.0, 0.0
9xr, 20110818, 	32.4, 23.18334, 1.4E-45, -9999.0, 0.0, 1.4E-45, 0.0, 1.4E-45, 0.0, 0.0, 0.0
9xw, 20110818, 	36.3, 23.6382, 1.4E-45, -9999.0, 0.0, 1.4E-45, 0.0, 1.4E-45, 0.0, 0.0, 0.0
9z5, 20110818, 	31.5, 24.751394, 1.4E-45, -9999.0, 0.0, 1.4E-45, 0.0, 1.4E-45, 0.0, 0.0, 0.0
9z7, 20110818, 	31.8, 24.180902, 1.4E-45, -9999.0, 0.0, 1.4E-45, 0.0, 1.4E-45, 0.0, 0.0, 0.0
9xp, 20110819, 	34.3, 22.669785, 1.4E-45, -9999.0, 0.0, 1.4E-45, 0.0, 1.4E-45, 0.0, 0.0, 0.0
9xr, 20110819, 	29.6, -14.427776, 1.4E-45, -9999.0, 0.0, 1.4E-45, 0.0, 1.4E-45, 0.0, 0.0, 0.0
9xw, 20110819, 	34.4, 21.320482, 1.4E-45, -9999.0, 0.0, 1.4E-45, 0.0, 1.4E-45, 0.0, 0.0, 0.0
9z5, 20110819, 	30.3, 21.869799, 1.4E-45, -9999.0, 0.0, 1.4E-45, 0.0, 1.4E-45, 0.0, 0.0, 0.0
9z7, 20110819, 	28.7, 21.349304, 1.4E-45, -9999.0, 0.0, 1.4E-45, 0.0, 1.4E-45, 0.0, 0.0, 0.0
9xp, 20110820, 	29.3, 21.635069, 1.4E-45, -9999.0, 0.0, 1.4E-45, 0.0, 1.4E-45, 0.0, 0.0, 0.0
9xr, 20110820, 	23.6, 18.498611, 1.4E-45, -9999.0, 0.0, 1.4E-45, 0.0, 1.4E-45, 0.0, 0.0, 0.0
9xw, 20110820, 	28.2, 18.586805, 1.4E-45, -9999.0, 0.0, 1.4E-45, 0.0, 1.4E-45, 0.0, 0.0, 0.0
9z5, 20110820, 	26.8, 21.968401, 1.4E-45, -9999.0, 0.0, 1.4E-45, 0.0, 1.4E-45, 0.0, 0.0, 0.0
9z7, 20110820, 	26.5, 21.896875, 1.4E-45, -9999.0, 0.0, 1.4E-45, 0.0, 1.4E-45, 0.0, 0.0, 0.0
9xp, 20110821, 	33.2, 23.932991, 1.4E-45, -9999.0, 0.0, 1.4E-45, 0.0, 1.4E-45, 0.0, 0.0, 0.0
9xr, 20110821, 	31.2, 21.664923, 1.4E-45, -9999.0, 0.0, 1.4E-45, 0.0, 1.4E-45, 0.0, 0.0, 0.0
9xw, 20110821, 	32.9, 21.861109, 1.4E-45, -9999.0, 0.0, 1.4E-45, 0.0, 1.4E-45, 0.0, 0.0, 0.0
9z5, 20110821, 	29.4, 21.925354, 1.4E-45, -9999.0, 0.0, 1.4E-45, 0.0, 1.4E-45, 0.0, 0.0, 0.0
9z7, 20110821, 	28.7, -13.47604, 1.4E-45, -9999.0, 0.0, 1.4E-45, 0.0, 1.4E-45, 0.0, 0.0, 0.0
9xp, 20110822, 	35.9, 25.367702, 1.4E-45, -9999.0, 0.0, 1.4E-45, 0.0, 1.4E-45, 0.0, 0.0, 0.0
9xr, 20110822, 	33.9, 24.102085, 1.4E-45, -9999.0, 0.0, 1.4E-45, 0.0, 1.4E-45, 0.0, 0.0, 0.0
9xw, 20110822, 	35.3, 22.938543, 1.4E-45, -9999.0, 0.0, 1.4E-45, 0.0, 1.4E-45, 0.0, 0.0, 0.0
9z5, 20110822, 	30.6, 25.043398, 1.4E-45, -9999.0, 0.0, 1.4E-45, 0.0, 1.4E-45, 0.0, 0.0, 0.0
9z7, 20110822, 	30.8, 24.972574, 1.4E-45, -9999.0, 0.0, 1.4E-45, 0.0, 1.4E-45, 0.0, 0.0, 0.0
9xp, 20110823, 	37.9, 26.959028, 1.4E-45, -9999.0, 0.0, 1.4E-45, 0.0, 1.4E-45, 0.0, 0.0, 0.0
9xr, 20110823, 	34.3, 27.07464, 1.4E-45, -9999.0, 0.0, 1.4E-45, 0.0, 1.4E-45, 0.0, 0.0, 0.0
9xw, 20110823, 	37.2, 24.186115, 1.4E-45, -9999.0, 0.0, 1.4E-45, 0.0, 1.4E-45, 0.0, 0.0, 0.0
9z5, 20110823, 	33.4, 26.33611, 1.4E-45, -9999.0, 0.0, 1.4E-45, 0.0, 1.4E-45, 0.0, 0.0, 0.0
9z7, 20110823, 	33.3, 26.10729, 1.4E-45, -9999.0, 0.0, 1.4E-45, 0.0, 1.4E-45, 0.0, 0.0, 0.0
9xp, 20110824, 	35.1, 24.788889, 1.4E-45, -9999.0, 0.0, 1.4E-45, 0.0, 1.4E-45, 0.0, 0.0, 0.0
9xr, 20110824, 	31.6, 24.253822, 1.4E-45, -9999.0, 0.0, 1.4E-45, 0.0, 1.4E-45, 0.0, 0.0, 0.0
9xw, 20110824, 	34.6, 19.442013, 1.4E-45, -9999.0, 0.0, 1.4E-45, 0.0, 1.4E-45, 0.0, 0.0, 0.0
9z5, 20110824, 	30.5, 26.67291, 1.4E-45, -9999.0, 0.0, 1.4E-45, 0.0, 1.4E-45, 0.0, 0.0, 0.0
9z7, 20110824, 	31.1, 26.619095, 1.4E-45, -9999.0, 0.0, 1.4E-45, 0.0, 1.4E-45, 0.0, 0.0, 0.0
9xp, 20110825, 	36.0, 24.509035, 1.4E-45, -9999.0, 0.0, 1.4E-45, 0.0, 1.4E-45, 0.0, 0.0, 0.0
9xr, 20110825, 	31.4, 22.64757, 1.4E-45, -9999.0, 0.0, 1.4E-45, 0.0, 1.4E-45, 0.0, 0.0, 0.0
9xw, 20110825, 	36.3, 25.256245, 1.4E-45, -9999.0, 0.0, 1.4E-45, 0.0, 1.4E-45, 0.0, 0.0, 0.0
9z5, 20110825, 	28.4, 20.889585, 1.4E-45, -9999.0, 0.0, 1.4E-45, 0.0, 1.4E-45, 0.0, 0.0, 0.0
9z7, 20110825, 	28.6, 20.16528, 1.4E-45, -9999.0, 0.0, 1.4E-45, 0.0, 1.4E-45, 0.0, 0.0, 0.0
9xp, 20110826, 	34.0, 26.501743, 1.4E-45, -9999.0, 0.0, 1.4E-45, 0.0, 1.4E-45, 0.0, 0.0, 0.0
9xr, 20110826, 	31.3, 25.235418, 1.4E-45, -9999.0, 0.0, 1.4E-45, 0.0, 1.4E-45, 0.0, 0.0, 0.0
9xw, 20110826, 	33.8, 24.24722, 1.4E-45, -9999.0, 0.0, 1.4E-45, 0.0, 1.4E-45, 0.0, 0.0, 0.0
9z5, 20110826, 	30.0, 21.982294, 1.4E-45, -9999.0, 0.0, 1.4E-45, 0.0, 1.4E-45, 0.0, 0.0, 0.0
9z7, 20110826, 	30.2, 21.882647, 1.4E-45, -9999.0, 0.0, 1.4E-45, 0.0, 1.4E-45, 0.0, 0.0, 0.0
9xp, 20110827, 	33.7, 24.017017, 1.4E-45, -9999.0, 0.0, 1.4E-45, 0.0, 1.4E-45, 0.0, 0.0, 0.0
9xr, 20110827, 	30.6, 23.530546, 1.4E-45, -9999.0, 0.0, 1.4E-45, 0.0, 1.4E-45, 0.0, 0.0, 0.0
9xw, 20110827, 	34.4, 25.516315, 1.4E-45, -9999.0, 0.0, 1.4E-45, 0.0, 1.4E-45, 0.0, 0.0, 0.0
9z5, 20110827, 	29.8, 22.725702, 1.4E-45, -9999.0, 0.0, 1.4E-45, 0.0, 1.4E-45, 0.0, 0.0, 0.0
9z7, 20110827, 	30.0, 22.645487, 1.4E-45, -9999.0, 0.0, 1.4E-45, 0.0, 1.4E-45, 0.0, 0.0, 0.0
9xp, 20110828, 	36.8, 25.468407, 1.4E-45, -9999.0, 0.0, 1.4E-45, 0.0, 1.4E-45, 0.0, 0.0, 0.0
9xr, 20110828, 	29.6, 23.28854, 1.4E-45, -9999.0, 0.0, 1.4E-45, 0.0, 1.4E-45, 0.0, 0.0, 0.0
9xw, 20110828, 	31.9, 24.527428, 1.4E-45, -9999.0, 0.0, 1.4E-45, 0.0, 1.4E-45, 0.0, 0.0, 0.0
9z5, 20110828, 	26.4, 21.407997, 1.4E-45, -9999.0, 0.0, 1.4E-45, 0.0, 1.4E-45, 0.0, 0.0, 0.0
9z7, 20110828, 	26.6, 20.684032, 1.4E-45, -9999.0, 0.0, 1.4E-45, 0.0, 1.4E-45, 0.0, 0.0, 0.0
9xp, 20110829, 	30.4, 22.67327, 1.4E-45, -9999.0, 0.0, 1.4E-45, 0.0, 1.4E-45, 0.0, 0.0, 0.0
9xr, 20110829, 	27.5, 20.545477, 1.4E-45, -9999.0, 0.0, 1.4E-45, 0.0, 1.4E-45, 0.0, 0.0, 0.0
9xw, 20110829, 	28.0, 20.459717, 1.4E-45, -9999.0, 0.0, 1.4E-45, 0.0, 1.4E-45, 0.0, 0.0, 0.0
9z5, 20110829, 	26.6, 20.022572, 1.4E-45, -9999.0, 0.0, 1.4E-45, 0.0, 1.4E-45, 0.0, 0.0, 0.0
9z7, 20110829, 	27.6, 20.015982, 1.4E-45, -9999.0, 0.0, 1.4E-45, 0.0, 1.4E-45, 0.0, 0.0, 0.0
9xp, 20110830, 	34.4, 23.413185, 1.4E-45, -9999.0, 0.0, 1.4E-45, 0.0, 1.4E-45, 0.0, 0.0, 0.0
9xr, 20110830, 	27.9, 19.780907, 1.4E-45, -9999.0, 0.0, 1.4E-45, 0.0, 1.4E-45, 0.0, 0.0, 0.0
9xw, 20110830, 	33.0, 19.964582, 1.4E-45, -9999.0, 0.0, 1.4E-45, 0.0, 1.4E-45, 0.0, 0.0, 0.0
9z5, 20110830, 	28.8, 22.06805, 1.4E-45, -9999.0, 0.0, 1.4E-45, 0.0, 1.4E-45, 0.0, 0.0, 0.0
9z7, 20110830, 	28.1, 22.007298, 1.4E-45, -9999.0, 0.0, 1.4E-45, 0.0, 1.4E-45, 0.0, 0.0, 0.0
9xp, 20110831, 	36.7, 25.386463, 1.4E-45, -9999.0, 0.0, 1.4E-45, 0.0, 1.4E-45, 0.0, 0.0, 0.0
9xr, 20110831, 	33.2, 23.299652, 1.4E-45, -9999.0, 0.0, 1.4E-45, 0.0, 1.4E-45, 0.0, 0.0, 0.0
9xw, 20110831, 	35.0, 23.153818, 1.4E-45, -9999.0, 0.0, 1.4E-45, 0.0, 1.4E-45, 0.0, 0.0, 0.0
9z5, 20110831, 	32.6, 24.464235, 1.4E-45, -9999.0, 0.0, 1.4E-45, 0.0, 1.4E-45, 0.0, 0.0, 0.0
9z7, 20110831, 	32.8, 24.548943, 1.4E-45, -9999.0, 0.0, 1.4E-45, 0.0, 1.4E-45, 0.0, 0.0, 0.0
