9zg, 20060801, 	32.9, -9163.839, 1.4E-45, -9999.0, -9999.0, 1.4E-45, 0.0, 1.4E-45, 0.0, 0.0, 0.0
cbe, 20060801, 	26.2, 16.839928, 1.4E-45, -9999.0, 0.0, 1.4E-45, 0.0, 1.4E-45, 0.0, 0.0, 0.0
9zg, 20060802, 	26.3, -9198.845, 1.4E-45, -9999.0, -9999.0, 1.4E-45, 0.0, 1.4E-45, 0.0, 0.0, 0.0
cbe, 20060802, 	26.4, 18.981941, 1.4E-45, -9999.0, 0.0, 1.4E-45, 0.0, 1.4E-45, 0.0, 0.0, 0.0
9zg, 20060803, 	29.3, -9163.9375, 1.4E-45, -9999.0, -9999.0, 1.4E-45, 0.0, 1.4E-45, 0.0, 0.0, 0.0
cbe, 20060803, 	26.9, 19.23507, 1.4E-45, -9999.0, 0.0, 1.4E-45, 0.0, 1.4E-45, 0.0, 0.0, 0.0
9zg, 20060804, 	28.6, -7875.643, 1.4E-45, -9999.0, -8367.0, 1.4E-45, 0.0, 1.4E-45, 0.0, 0.0, 0.0
cbe, 20060804, 	24.4, 16.198603, 1.4E-45, -9999.0, 0.0, 1.4E-45, 0.0, 1.4E-45, 0.0, 0.0, 0.0
9zg, 20060805, 	28.6, 22.358685, 1.4E-45, -9999.0, 0.0, 1.4E-45, 0.0, 1.4E-45, 0.0, 0.0, 0.0
cbe, 20060805, 	28.8, 21.972216, 1.4E-45, -9999.0, 0.0, 1.4E-45, 0.0, 1.4E-45, 0.0, 0.0, 0.0
9zg, 20060806, 	26.7, 23.17118, 1.4E-45, -9999.0, 0.0, 1.4E-45, 0.0, 1.4E-45, 0.0, 0.0, 0.0
cbe, 20060806, 	26.8, 18.486816, 1.4E-45, -9999.0, 0.0, 1.4E-45, 0.0, 1.4E-45, 0.0, 0.0, 0.0
9zg, 20060807, 	26.4, 20.839584, 1.4E-45, -9999.0, 0.0, 1.4E-45, 0.0, 1.4E-45, 0.0, 0.0, 0.0
cbe, 20060807, 	26.1, 16.322916, 1.4E-45, -9999.0, 0.0, 1.4E-45, 0.0, 1.4E-45, 0.0, 0.0, 0.0
9zg, 20060808, 	25.8, -397.38434, 1.4E-45, -9999.0, -416.0, 1.4E-45, 0.0, 1.4E-45, 0.0, 0.0, 0.0
cbe, 20060808, 	29.9, 21.180552, 1.4E-45, -9999.0, 0.0, 1.4E-45, 0.0, 1.4E-45, 0.0, 0.0, 0.0
9zg, 20060809, 	27.1, 22.269457, 1.4E-45, -9999.0, 0.0, 1.4E-45, 0.0, 1.4E-45, 0.0, 0.0, 0.0
cbe, 20060809, 	30.3, 22.100006, 1.4E-45, -9999.0, 0.0, 1.4E-45, 0.0, 1.4E-45, 0.0, 0.0, 0.0
9zg, 20060810, 	28.5, 23.979168, 1.4E-45, -9999.0, 0.0, 1.4E-45, 0.0, 1.4E-45, 0.0, 0.0, 0.0
cbe, 20060810, 	25.8, 20.957281, 1.4E-45, -9999.0, 0.0, 1.4E-45, 0.0, 1.4E-45, 0.0, 0.0, 0.0
9zg, 20060811, 	27.5, 22.23958, 1.4E-45, -9999.0, 0.0, 1.4E-45, 0.0, 1.4E-45, 0.0, 0.0, 0.0
cbe, 20060811, 	28.2, 19.778471, 1.4E-45, -9999.0, 0.0, 1.4E-45, 0.0, 1.4E-45, 0.0, 0.0, 0.0
9zg, 20060812, 	28.2, 22.564924, 1.4E-45, -9999.0, 0.0, 1.4E-45, 0.0, 1.4E-45, 0.0, 0.0, 0.0
cbe, 20060812, 	28.4, 22.129519, 1.4E-45, -9999.0, 0.0, 1.4E-45, 0.0, 1.4E-45, 0.0, 0.0, 0.0
9zg, 20060813, 	26.7, 22.811113, 1.4E-45, -9999.0, 0.0, 1.4E-45, 0.0, 1.4E-45, 0.0, 0.0, 0.0
cbe, 20060813, 	19.7, 17.458687, 1.4E-45, -9999.0, 0.0, 1.4E-45, 0.0, 1.4E-45, 0.0, 0.0, 0.0
9zg, 20060814, 	27.9, 19.548273, 1.4E-45, -9999.0, 0.0, 1.4E-45, 0.0, 1.4E-45, 0.0, 0.0, 0.0
cbe, 20060814, 	22.3, 16.12951, 1.4E-45, -9999.0, 0.0, 1.4E-45, 0.0, 1.4E-45, 0.0, 0.0, 0.0
9zg, 20060815, 	28.0, 20.951385, 1.4E-45, -9999.0, 0.0, 1.4E-45, 0.0, 1.4E-45, 0.0, 0.0, 0.0
cbe, 20060815, 	26.1, 15.815972, 1.4E-45, -9999.0, 0.0, 1.4E-45, 0.0, 1.4E-45, 0.0, 0.0, 0.0
9zg, 20060816, 	27.4, 19.947916, 1.4E-45, -9999.0, 0.0, 1.4E-45, 0.0, 1.4E-45, 0.0, 0.0, 0.0
cbe, 20060816, 	28.6, 20.23577, 1.4E-45, -9999.0, 0.0, 1.4E-45, 0.0, 1.4E-45, 0.0, 0.0, 0.0
9zg, 20060817, 	24.7, 21.500347, 1.4E-45, -9999.0, 0.0, 1.4E-45, 0.0, 1.4E-45, 0.0, 0.0, 0.0
cbe, 20060817, 	26.1, 21.427774, 1.4E-45, -9999.0, 0.0, 1.4E-45, 0.0, 1.4E-45, 0.0, 0.0, 0.0
9zg, 20060818, 	24.5, 20.749647, 1.4E-45, -9999.0, 0.0, 1.4E-45, 0.0, 1.4E-45, 0.0, 0.0, 0.0
cbe, 20060818, 	22.4, 16.542711, 1.4E-45, -9999.0, 0.0, 1.4E-45, 0.0, 1.4E-45, 0.0, 0.0, 0.0
9zg, 20060819, 	23.6, 18.246534, 1.4E-45, -9999.0, 0.0, 1.4E-45, 0.0, 1.4E-45, 0.0, 0.0, 0.0
cbe, 20060819, 	24.4, 15.36319, 1.4E-45, -9999.0, 0.0, 1.4E-45, 0.0, 1.4E-45, 0.0, 0.0, 0.0
9zg, 20060820, 	24.9, 18.079859, 1.4E-45, -9999.0, 0.0, 1.4E-45, 0.0, 1.4E-45, 0.0, 0.0, 0.0
cbe, 20060820, 	26.6, 17.642015, 1.4E-45, -9999.0, 0.0, 1.4E-45, 0.0, 1.4E-45, 0.0, 0.0, 0.0
9zg, 20060821, 	27.6, 20.246527, 1.4E-45, -9999.0, 0.0, 1.4E-45, 0.0, 1.4E-45, 0.0, 0.0, 0.0
cbe, 20060821, 	23.8, 17.81701, 1.4E-45, -9999.0, 0.0, 1.4E-45, 0.0, 1.4E-45, 0.0, 0.0, 0.0
9zg, 20060822, 	28.4, 21.76807, 1.4E-45, -9999.0, 0.0, 1.4E-45, 0.0, 1.4E-45, 0.0, 0.0, 0.0
cbe, 20060822, 	25.2, -54.971832, 1.4E-45, -9999.0, 0.0, 1.4E-45, 0.0, 1.4E-45, 0.0, 0.0, 0.0
9zg, 20060823, 	31.2, 23.587502, 1.4E-45, -9999.0, 0.0, 1.4E-45, 0.0, 1.4E-45, 0.0, 0.0, 0.0
cbe, 20060823, 	25.5, 19.408678, 1.4E-45, -9999.0, 0.0, 1.4E-45, 0.0, 1.4E-45, 0.0, 0.0, 0.0
9zg, 20060824, 	30.5, 24.479513, 1.4E-45, -9999.0, 0.0, 1.4E-45, 0.0, 1.4E-45, 0.0, 0.0, 0.0
cbe, 20060824, 	23.4, 18.116314, 1.4E-45, -9999.0, 0.0, 1.4E-45, 0.0, 1.4E-45, 0.0, 0.0, 0.0
9zg, 20060825, 	28.1, 21.06216, 1.4E-45, -9999.0, 0.0, 1.4E-45, 0.0, 1.4E-45, 0.0, 0.0, 0.0
cbe, 20060825, 	23.6, 18.996536, 1.4E-45, -9999.0, 0.0, 1.4E-45, 0.0, 1.4E-45, 0.0, 0.0, 0.0
9zg, 20060826, 	25.6, 20.237854, 1.4E-45, -9999.0, 0.0, 1.4E-45, 0.0, 1.4E-45, 0.0, 0.0, 0.0
cbe, 20060826, 	27.0, 17.031942, 1.4E-45, -9999.0, 0.0, 1.4E-45, 0.0, 1.4E-45, 0.0, 0.0, 0.0
9zg, 20060827, 	25.6, 19.475695, 1.4E-45, -9999.0, 0.0, 1.4E-45, 0.0, 1.4E-45, 0.0, 0.0, 0.0
cbe, 20060827, 	28.3, 17.126738, 1.4E-45, -9999.0, 0.0, 1.4E-45, 0.0, 1.4E-45, 0.0, 0.0, 0.0
9zg, 20060828, 	22.0, 17.70208, 1.4E-45, -9999.0, 0.0, 1.4E-45, 0.0, 1.4E-45, 0.0, 0.0, 0.0
cbe, 20060828, 	25.2, 18.65521, 1.4E-45, -9999.0, 0.0, 1.4E-45, 0.0, 1.4E-45, 0.0, 0.0, 0.0
9zg, 20060829, 	24.5, 18.041313, 1.4E-45, -9999.0, 0.0, 1.4E-45, 0.0, 1.4E-45, 0.0, 0.0, 0.0
cbe, 20060829, 	23.0, -91.489555, 1.4E-45, -9999.0, 0.0, 1.4E-45, 0.0, 1.4E-45, 0.0, 0.0, 0.0
9zg, 20060830, 	25.2, 17.429169, 1.4E-45, -9999.0, 0.0, 1.4E-45, 0.0, 1.4E-45, 0.0, 0.0, 0.0
cbe, 20060830, 	25.0, 16.647219, 1.4E-45, -9999.0, 0.0, 1.4E-45, 0.0, 1.4E-45, 0.0, 0.0, 0.0
9zg, 20060831, 	22.7, 17.871187, 1.4E-45, -9999.0, 0.0, 1.4E-45, 0.0, 1.4E-45, 0.0, 0.0, 0.0
cbe, 20060831, 	25.8, 19.989939, 1.4E-45, -9999.0, 0.0, 1.4E-45, 0.0, 1.4E-45, 0.0, 0.0, 0.0
9zg, 20070801, 	31.7, 24.006247, 1.4E-45, -9999.0, 0.0, 1.4E-45, 0.0, 1.4E-45, 0.0, 0.0, 0.0
cbe, 20070801, 	28.8, 23.847559, 1.4E-45, -9999.0, 0.0, 1.4E-45, 0.0, 1.4E-45, 0.0, 0.0, 0.0
cbj, 20070801, 	31.2, 24.013203, 1.4E-45, -9999.0, 0.0, 1.4E-45, 0.0, 1.4E-45, 0.0, 0.0, 0.0
9zg, 20070802, 	28.6, 22.20034, 1.4E-45, -9999.0, 0.0, 1.4E-45, 0.0, 1.4E-45, 0.0, 0.0, 0.0
cbe, 20070802, 	24.6, 18.35625, 1.4E-45, -9999.0, 0.0, 1.4E-45, 0.0, 1.4E-45, 0.0, 0.0, 0.0
cbj, 20070802, 	27.8, 22.065622, 1.4E-45, -9999.0, 0.0, 1.4E-45, 0.0, 1.4E-45, 0.0, 0.0, 0.0
9zg, 20070803, 	27.5, 21.242018, 1.4E-45, -9999.0, 0.0, 1.4E-45, 0.0, 1.4E-45, 0.0, 0.0, 0.0
cbe, 20070803, 	26.1, 16.760769, 1.4E-45, -9999.0, 0.0, 1.4E-45, 0.0, 1.4E-45, 0.0, 0.0, 0.0
cbj, 20070803, 	27.9, 20.122562, 1.4E-45, -9999.0, 0.0, 1.4E-45, 0.0, 1.4E-45, 0.0, 0.0, 0.0
9zg, 20070804, 	27.3, 19.945833, 1.4E-45, -9999.0, 0.0, 1.4E-45, 0.0, 1.4E-45, 0.0, 0.0, 0.0
cbe, 20070804, 	28.0, 21.852432, 1.4E-45, -9999.0, 0.0, 1.4E-45, 0.0, 1.4E-45, 0.0, 0.0, 0.0
cbj, 20070804, 	27.1, 19.020838, 1.4E-45, -9999.0, 0.0, 1.4E-45, 0.0, 1.4E-45, 0.0, 0.0, 0.0
9zg, 20070805, 	25.0, 20.879515, 1.4E-45, -9999.0, 0.0, 1.4E-45, 0.0, 1.4E-45, 0.0, 0.0, 0.0
cbe, 20070805, 	25.6, 20.176739, 1.4E-45, -9999.0, 0.0, 1.4E-45, 0.0, 1.4E-45, 0.0, 0.0, 0.0
cbj, 20070805, 	21.8, 17.935772, 1.4E-45, -9999.0, 0.0, 1.4E-45, 0.0, 1.4E-45, 0.0, 0.0, 0.0
9zg, 20070806, 	24.0, -431.4391, 1.4E-45, -9999.0, -416.0, 1.4E-45, 0.0, 1.4E-45, 0.0, 0.0, 0.0
cbe, 20070806, 	23.1, 15.454518, 1.4E-45, -9999.0, 0.0, 1.4E-45, 0.0, 1.4E-45, 0.0, 0.0, 0.0
cbj, 20070806, 	24.5, -50.708324, 1.4E-45, -9999.0, 0.0, 1.4E-45, 0.0, 1.4E-45, 0.0, 0.0, 0.0
9zg, 20070807, 	29.5, 23.69062, 1.4E-45, -9999.0, 0.0, 1.4E-45, 0.0, 1.4E-45, 0.0, 0.0, 0.0
cbe, 20070807, 	24.8, 19.580215, 1.4E-45, -9999.0, 0.0, 1.4E-45, 0.0, 1.4E-45, 0.0, 0.0, 0.0
cbj, 20070807, 	28.5, 21.584375, 1.4E-45, -9999.0, 0.0, 1.4E-45, 0.0, 1.4E-45, 0.0, 0.0, 0.0
9zg, 20070808, 	27.7, 20.961805, 1.4E-45, -9999.0, 0.0, 1.4E-45, 0.0, 1.4E-45, 0.0, 0.0, 0.0
cbe, 20070808, 	24.0, 18.143394, 1.4E-45, -9999.0, 0.0, 1.4E-45, 0.0, 1.4E-45, 0.0, 0.0, 0.0
cbj, 20070808, 	28.9, 19.837156, 1.4E-45, -9999.0, 0.0, 1.4E-45, 0.0, 1.4E-45, 0.0, 0.0, 0.0
9zg, 20070809, 	30.8, 23.562151, 1.4E-45, -9999.0, 0.0, 1.4E-45, 0.0, 1.4E-45, 0.0, 0.0, 0.0
cbe, 20070809, 	27.8, 21.03785, 1.4E-45, -9999.0, 0.0, 1.4E-45, 0.0, 1.4E-45, 0.0, 0.0, 0.0
cbj, 20070809, 	29.2, 21.812157, 1.4E-45, -9999.0, 0.0, 1.4E-45, 0.0, 1.4E-45, 0.0, 0.0, 0.0
9zg, 20070810, 	29.0, 22.612505, 1.4E-45, -9999.0, 0.0, 1.4E-45, 0.0, 1.4E-45, 0.0, 0.0, 0.0
cbe, 20070810, 	29.7, 21.466318, 1.4E-45, -9999.0, 0.0, 1.4E-45, 0.0, 1.4E-45, 0.0, 0.0, 0.0
cbj, 20070810, 	32.7, 23.084377, 1.4E-45, -9999.0, 0.0, 1.4E-45, 0.0, 1.4E-45, 0.0, 0.0, 0.0
9zg, 20070811, 	33.4, 26.152775, 1.4E-45, -9999.0, 0.0, 1.4E-45, 0.0, 1.4E-45, 0.0, 0.0, 0.0
cbe, 20070811, 	27.0, 21.320843, 1.4E-45, -9999.0, 0.0, 1.4E-45, 0.0, 1.4E-45, 0.0, 0.0, 0.0
cbj, 20070811, 	31.2, 24.030907, 1.4E-45, -9999.0, 0.0, 1.4E-45, 0.0, 1.4E-45, 0.0, 0.0, 0.0
9zg, 20070812, 	30.3, 22.155193, 1.4E-45, -9999.0, 0.0, 1.4E-45, 0.0, 1.4E-45, 0.0, 0.0, 0.0
cbe, 20070812, 	22.9, 15.2972145, 1.4E-45, -9999.0, 0.0, 1.4E-45, 0.0, 1.4E-45, 0.0, 0.0, 0.0
cbj, 20070812, 	27.7, 20.493406, 1.4E-45, -9999.0, 0.0, 1.4E-45, 0.0, 1.4E-45, 0.0, 0.0, 0.0
9zg, 20070813, 	32.0, 23.379871, 1.4E-45, -9999.0, 0.0, 1.4E-45, 0.0, 1.4E-45, 0.0, 0.0, 0.0
cbe, 20070813, 	21.8, 15.709379, 1.4E-45, -9999.0, 0.0, 1.4E-45, 0.0, 1.4E-45, 0.0, 0.0, 0.0
cbj, 20070813, 	25.6, 17.112848, 1.4E-45, -9999.0, 0.0, 1.4E-45, 0.0, 1.4E-45, 0.0, 0.0, 0.0
9zg, 20070814, 	29.4, -2899.2285, 1.4E-45, -9999.0, -2916.0, 1.4E-45, 0.0, 1.4E-45, 0.0, 0.0, 0.0
cbe, 20070814, 	22.0, 17.928463, 1.4E-45, -9999.0, 0.0, 1.4E-45, 0.0, 1.4E-45, 0.0, 0.0, 0.0
cbj, 20070814, 	25.6, -13.849319, 1.4E-45, -9999.0, 0.0, 1.4E-45, 0.0, 1.4E-45, 0.0, 0.0, 0.0
9zg, 20070815, 	26.7, 22.381248, 1.4E-45, -9999.0, 0.0, 1.4E-45, 0.0, 1.4E-45, 0.0, 0.0, 0.0
cbe, 20070815, 	23.7, 17.142014, 1.4E-45, -9999.0, 0.0, 1.4E-45, 0.0, 1.4E-45, 0.0, 0.0, 0.0
cbj, 20070815, 	27.0, 19.30139, 1.4E-45, -9999.0, 0.0, 1.4E-45, 0.0, 1.4E-45, 0.0, 0.0, 0.0
9zg, 20070816, 	26.6, 21.688198, 1.4E-45, -9999.0, 0.0, 1.4E-45, 0.0, 1.4E-45, 0.0, 0.0, 0.0
cbe, 20070816, 	21.1, -21.139917, 1.4E-45, -9999.0, 0.0, 1.4E-45, 0.0, 1.4E-45, 0.0, 0.0, 0.0
cbj, 20070816, 	26.1, 18.77257, 1.4E-45, -9999.0, 0.0, 1.4E-45, 0.0, 1.4E-45, 0.0, 0.0, 0.0
9zg, 20070817, 	25.0, 19.629162, 1.4E-45, -9999.0, 0.0, 1.4E-45, 0.0, 1.4E-45, 0.0, 0.0, 0.0
cbe, 20070817, 	20.0, 11.170834, 1.4E-45, -9999.0, 0.0, 1.4E-45, 0.0, 1.4E-45, 0.0, 0.0, 0.0
cbj, 20070817, 	21.8, 15.162153, 1.4E-45, -9999.0, 0.0, 1.4E-45, 0.0, 1.4E-45, 0.0, 0.0, 0.0
9zg, 20070818, 	25.6, 18.722221, 1.4E-45, -9999.0, 0.0, 1.4E-45, 0.0, 1.4E-45, 0.0, 0.0, 0.0
cbe, 20070818, 	22.3, 14.938546, 1.4E-45, -9999.0, 0.0, 1.4E-45, 0.0, 1.4E-45, 0.0, 0.0, 0.0
cbj, 20070818, 	18.4, 12.381255, 1.4E-45, -9999.0, 0.0, 1.4E-45, 0.0, 1.4E-45, 0.0, 0.0, 0.0
9zg, 20070819, 	24.7, 18.779518, 1.4E-45, -9999.0, 0.0, 1.4E-45, 0.0, 1.4E-45, 0.0, 0.0, 0.0
cbe, 20070819, 	21.7, 15.784031, 1.4E-45, -9999.0, 0.0, 1.4E-45, 0.0, 1.4E-45, 0.0, 0.0, 0.0
cbj, 20070819, 	16.4, -159.42987, 1.4E-45, -9999.0, 0.0, 1.4E-45, 0.0, 1.4E-45, 0.0, 0.0, 0.0
9zg, 20070820, 	26.8, 20.861113, 1.4E-45, -9999.0, 0.0, 1.4E-45, 0.0, 1.4E-45, 0.0, 0.0, 0.0
cbe, 20070820, 	19.9, 15.776733, 1.4E-45, -9999.0, 0.0, 1.4E-45, 0.0, 1.4E-45, 0.0, 0.0, 0.0
cbj, 20070820, 	18.4, 15.111805, 1.4E-45, -9999.0, 0.0, 1.4E-45, 0.0, 1.4E-45, 0.0, 0.0, 0.0
9zg, 20070821, 	28.0, 22.979511, 1.4E-45, -9999.0, 0.0, 1.4E-45, 0.0, 1.4E-45, 0.0, 0.0, 0.0
cbe, 20070821, 	23.1, 18.322212, 1.4E-45, -9999.0, 0.0, 1.4E-45, 0.0, 1.4E-45, 0.0, 0.0, 0.0
cbj, 20070821, 	22.7, 17.917704, 1.4E-45, -9999.0, 0.0, 1.4E-45, 0.0, 1.4E-45, 0.0, 0.0, 0.0
9zg, 20070822, 	23.8, 20.011812, 1.4E-45, -9999.0, 0.0, 1.4E-45, 0.0, 1.4E-45, 0.0, 0.0, 0.0
cbe, 20070822, 	26.8, 19.244446, 1.4E-45, -9999.0, 0.0, 1.4E-45, 0.0, 1.4E-45, 0.0, 0.0, 0.0
cbj, 20070822, 	26.1, -51.273968, 1.4E-45, -9999.0, 0.0, 1.4E-45, 0.0, 1.4E-45, 0.0, 0.0, 0.0
9zg, 20070823, 	20.5, 18.290974, 1.4E-45, -9999.0, 0.0, 1.4E-45, 0.0, 1.4E-45, 0.0, 0.0, 0.0
cbe, 20070823, 	22.9, 13.347915, 1.4E-45, -9999.0, 0.0, 1.4E-45, 0.0, 1.4E-45, 0.0, 0.0, 0.0
cbj, 20070823, 	23.5, 18.969795, 1.4E-45, -9999.0, 0.0, 1.4E-45, 0.0, 1.4E-45, 0.0, 0.0, 0.0
9zg, 20070824, 	22.7, 17.81805, 1.4E-45, -9999.0, 0.0, 1.4E-45, 0.0, 1.4E-45, 0.0, 0.0, 0.0
cbe, 20070824, 	19.2, 14.838893, 1.4E-45, -9999.0, 0.0, 1.4E-45, 0.0, 1.4E-45, 0.0, 0.0, 0.0
cbj, 20070824, 	22.5, 15.902082, 1.4E-45, -9999.0, 0.0, 1.4E-45, 0.0, 1.4E-45, 0.0, 0.0, 0.0
9zg, 20070825, 	23.5, 17.650688, 1.4E-45, -9999.0, 0.0, 1.4E-45, 0.0, 1.4E-45, 0.0, 0.0, 0.0
cbe, 20070825, 	21.3, 14.872921, 1.4E-45, -9999.0, 0.0, 1.4E-45, 0.0, 1.4E-45, 0.0, 0.0, 0.0
cbj, 20070825, 	23.3, 16.17743, 1.4E-45, -9999.0, 0.0, 1.4E-45, 0.0, 1.4E-45, 0.0, 0.0, 0.0
9zg, 20070826, 	26.6, 20.411106, 1.4E-45, -9999.0, 0.0, 1.4E-45, 0.0, 1.4E-45, 0.0, 0.0, 0.0
cbe, 20070826, 	29.3, 17.77709, 1.4E-45, -9999.0, 0.0, 1.4E-45, 0.0, 1.4E-45, 0.0, 0.0, 0.0
cbj, 20070826, 	27.0, 16.659721, 1.4E-45, -9999.0, 0.0, 1.4E-45, 0.0, 1.4E-45, 0.0, 0.0, 0.0
9zg, 20070827, 	31.8, 24.888193, 1.4E-45, -9999.0, 0.0, 1.4E-45, 0.0, 1.4E-45, 0.0, 0.0, 0.0
cbe, 20070827, 	28.0, 18.699305, 1.4E-45, -9999.0, 0.0, 1.4E-45, 0.0, 1.4E-45, 0.0, 0.0, 0.0
cbj, 20070827, 	24.3, 20.768059, 1.4E-45, -9999.0, 0.0, 1.4E-45, 0.0, 1.4E-45, 0.0, 0.0, 0.0
9zg, 20070828, 	29.8, 21.80035, 1.4E-45, -9999.0, 0.0, 1.4E-45, 0.0, 1.4E-45, 0.0, 0.0, 0.0
cbe, 20070828, 	16.3, 13.490624, 1.4E-45, -9999.0, 0.0, 1.4E-45, 0.0, 1.4E-45, 0.0, 0.0, 0.0
cbj, 20070828, 	22.3, 19.838892, 1.4E-45, -9999.0, 0.0, 1.4E-45, 0.0, 1.4E-45, 0.0, 0.0, 0.0
9zg, 20070829, 	22.1, 17.44306, 1.4E-45, -9999.0, 0.0, 1.4E-45, 0.0, 1.4E-45, 0.0, 0.0, 0.0
cbe, 20070829, 	20.3, -57.731297, 1.4E-45, -9999.0, 0.0, 1.4E-45, 0.0, 1.4E-45, 0.0, 0.0, 0.0
cbj, 20070829, 	22.6, 16.826738, 1.4E-45, -9999.0, 0.0, 1.4E-45, 0.0, 1.4E-45, 0.0, 0.0, 0.0
9zg, 20070830, 	24.2, 17.276041, 1.4E-45, -9999.0, 0.0, 1.4E-45, 0.0, 1.4E-45, 0.0, 0.0, 0.0
cbe, 20070830, 	24.1, 14.313534, 1.4E-45, -9999.0, 0.0, 1.4E-45, 0.0, 1.4E-45, 0.0, 0.0, 0.0
cbj, 20070830, 	22.9, 14.483678, 1.4E-45, -9999.0, 0.0, 1.4E-45, 0.0, 1.4E-45, 0.0, 0.0, 0.0
9zg, 20070831, 	27.1, 19.180906, 1.4E-45, -9999.0, 0.0, 1.4E-45, 0.0, 1.4E-45, 0.0, 0.0, 0.0
cbe, 20070831, 	24.5, 17.745485, 1.4E-45, -9999.0, 0.0, 1.4E-45, 0.0, 1.4E-45, 0.0, 0.0, 0.0
cbj, 20070831, 	26.8, 16.65382, 1.4E-45, -9999.0, 0.0, 1.4E-45, 0.0, 1.4E-45, 0.0, 0.0, 0.0
9zg, 20080801, 	27.9, 22.632286, 1.4E-45, -9999.0, 0.0, 1.4E-45, 0.0, 1.4E-45, 0.0, 0.0, 0.0
cbe, 20080801, 	26.1, 18.77951, 1.4E-45, -9999.0, 0.0, 1.4E-45, 0.0, 1.4E-45, 0.0, 0.0, 0.0
cbj, 20080801, 	26.2, 21.285072, 1.4E-45, -9999.0, 0.0, 1.4E-45, 0.0, 1.4E-45, 0.0, 0.0, 0.0
9zg, 20080802, 	27.5, 20.604166, 1.4E-45, -9999.0, 0.0, 1.4E-45, 0.0, 1.4E-45, 0.0, 0.0, 0.0
cbe, 20080802, 	25.7, 18.867353, 1.4E-45, -9999.0, 0.0, 1.4E-45, 0.0, 1.4E-45, 0.0, 0.0, 0.0
cbj, 20080802, 	26.1, 18.181597, 1.4E-45, -9999.0, 0.0, 1.4E-45, 0.0, 1.4E-45, 0.0, 0.0, 0.0
9zg, 20080803, 	30.2, 24.085072, 1.4E-45, -9999.0, 0.0, 1.4E-45, 0.0, 1.4E-45, 0.0, 0.0, 0.0
cbe, 20080803, 	25.7, 20.302082, 1.4E-45, -9999.0, 0.0, 1.4E-45, 0.0, 1.4E-45, 0.0, 0.0, 0.0
cbj, 20080803, 	23.5, 18.071875, 1.4E-45, -9999.0, 0.0, 1.4E-45, 0.0, 1.4E-45, 0.0, 0.0, 0.0
9zg, 20080804, 	27.6, 23.920834, 1.4E-45, -9999.0, 0.0, 1.4E-45, 0.0, 1.4E-45, 0.0, 0.0, 0.0
cbe, 20080804, 	25.7, -17.012848, 1.4E-45, -9999.0, 0.0, 1.4E-45, 0.0, 1.4E-45, 0.0, 0.0, 0.0
cbj, 20080804, 	26.9, 21.033684, 1.4E-45, -9999.0, 0.0, 1.4E-45, 0.0, 1.4E-45, 0.0, 0.0, 0.0
9zg, 20080805, 	27.6, 22.157297, 1.4E-45, -9999.0, 0.0, 1.4E-45, 0.0, 1.4E-45, 0.0, 0.0, 0.0
cbe, 20080805, 	23.7, 17.110415, 1.4E-45, -9999.0, 0.0, 1.4E-45, 0.0, 1.4E-45, 0.0, 0.0, 0.0
cbj, 20080805, 	26.4, 20.195837, 1.4E-45, -9999.0, 0.0, 1.4E-45, 0.0, 1.4E-45, 0.0, 0.0, 0.0
9zg, 20080806, 	26.9, 21.110071, 1.4E-45, -9999.0, 0.0, 1.4E-45, 0.0, 1.4E-45, 0.0, 0.0, 0.0
cbe, 20080806, 	25.2, 17.63403, 1.4E-45, -9999.0, 0.0, 1.4E-45, 0.0, 1.4E-45, 0.0, 0.0, 0.0
cbj, 20080806, 	25.3, 18.575342, 1.4E-45, -9999.0, 0.0, 1.4E-45, 0.0, 1.4E-45, 0.0, 0.0, 0.0
9zg, 20080807, 	26.1, 20.909725, 1.4E-45, -9999.0, 0.0, 1.4E-45, 0.0, 1.4E-45, 0.0, 0.0, 0.0
cbe, 20080807, 	24.8, 16.828127, 1.4E-45, -9999.0, 0.0, 1.4E-45, 0.0, 1.4E-45, 0.0, 0.0, 0.0
cbj, 20080807, 	24.7, 18.675346, 1.4E-45, -9999.0, 0.0, 1.4E-45, 0.0, 1.4E-45, 0.0, 0.0, 0.0
9zg, 20080808, 	28.6, 20.825695, 1.4E-45, -9999.0, 0.0, 1.4E-45, 0.0, 1.4E-45, 0.0, 0.0, 0.0
cbe, 20080808, 	25.2, 17.431253, 1.4E-45, -9999.0, 0.0, 1.4E-45, 0.0, 1.4E-45, 0.0, 0.0, 0.0
cbj, 20080808, 	23.5, 16.952082, 1.4E-45, -9999.0, 0.0, 1.4E-45, 0.0, 1.4E-45, 0.0, 0.0, 0.0
9zg, 20080809, 	28.7, 21.939926, 1.4E-45, -9999.0, 0.0, 1.4E-45, 0.0, 1.4E-45, 0.0, 0.0, 0.0
cbe, 20080809, 	25.8, 17.333336, 1.4E-45, -9999.0, 0.0, 1.4E-45, 0.0, 1.4E-45, 0.0, 0.0, 0.0
cbj, 20080809, 	25.3, 18.02638, 1.4E-45, -9999.0, 0.0, 1.4E-45, 0.0, 1.4E-45, 0.0, 0.0, 0.0
9zg, 20080810, 	26.8, 21.611115, 1.4E-45, -9999.0, 0.0, 1.4E-45, 0.0, 1.4E-45, 0.0, 0.0, 0.0
cbe, 20080810, 	25.6, 18.129513, 1.4E-45, -9999.0, 0.0, 1.4E-45, 0.0, 1.4E-45, 0.0, 0.0, 0.0
cbj, 20080810, 	23.0, 15.061111, 1.4E-45, -9999.0, 0.0, 1.4E-45, 0.0, 1.4E-45, 0.0, 0.0, 0.0
9zg, 20080811, 	24.3, 19.86494, 1.4E-45, -9999.0, 0.0, 1.4E-45, 0.0, 1.4E-45, 0.0, 0.0, 0.0
cbe, 20080811, 	23.9, 17.59514, 1.4E-45, -9999.0, 0.0, 1.4E-45, 0.0, 1.4E-45, 0.0, 0.0, 0.0
cbj, 20080811, 	24.6, 16.254515, 1.4E-45, -9999.0, 0.0, 1.4E-45, 0.0, 1.4E-45, 0.0, 0.0, 0.0
9zg, 20080812, 	27.6, 20.46354, 1.4E-45, -9999.0, 0.0, 1.4E-45, 0.0, 1.4E-45, 0.0, 0.0, 0.0
cbe, 20080812, 	22.2, 18.292015, 1.4E-45, -9999.0, 0.0, 1.4E-45, 0.0, 1.4E-45, 0.0, 0.0, 0.0
cbj, 20080812, 	22.7, 18.366318, 1.4E-45, -9999.0, 0.0, 1.4E-45, 0.0, 1.4E-45, 0.0, 0.0, 0.0
9zg, 20080813, 	28.9, 21.506596, 1.4E-45, -9999.0, 0.0, 1.4E-45, 0.0, 1.4E-45, 0.0, 0.0, 0.0
cbe, 20080813, 	25.2, 17.28542, 1.4E-45, -9999.0, 0.0, 1.4E-45, 0.0, 1.4E-45, 0.0, 0.0, 0.0
cbj, 20080813, 	24.9, -16.482292, 1.4E-45, -9999.0, 0.0, 1.4E-45, 0.0, 1.4E-45, 0.0, 0.0, 0.0
9zg, 20080814, 	27.2, 19.890272, 1.4E-45, -9999.0, 0.0, 1.4E-45, 0.0, 1.4E-45, 0.0, 0.0, 0.0
cbe, 20080814, 	24.9, 18.911469, 1.4E-45, -9999.0, 0.0, 1.4E-45, 0.0, 1.4E-45, 0.0, 0.0, 0.0
cbj, 20080814, 	23.1, 18.227777, 1.4E-45, -9999.0, 0.0, 1.4E-45, 0.0, 1.4E-45, 0.0, 0.0, 0.0
9zg, 20080815, 	24.9, 19.556253, 1.4E-45, -9999.0, 0.0, 1.4E-45, 0.0, 1.4E-45, 0.0, 0.0, 0.0
cbe, 20080815, 	25.8, 19.570131, 1.4E-45, -9999.0, 0.0, 1.4E-45, 0.0, 1.4E-45, 0.0, 0.0, 0.0
cbj, 20080815, 	25.4, 16.946878, 1.4E-45, -9999.0, 0.0, 1.4E-45, 0.0, 1.4E-45, 0.0, 0.0, 0.0
9zg, 20080816, 	26.7, 19.81424, 1.4E-45, -9999.0, 0.0, 1.4E-45, 0.0, 1.4E-45, 0.0, 0.0, 0.0
cbe, 20080816, 	27.1, 20.476038, 1.4E-45, -9999.0, 0.0, 1.4E-45, 0.0, 1.4E-45, 0.0, 0.0, 0.0
cbj, 20080816, 	28.1, 19.41354, 1.4E-45, -9999.0, 0.0, 1.4E-45, 0.0, 1.4E-45, 0.0, 0.0, 0.0
9zg, 20080817, 	27.0, 20.383337, 1.4E-45, -9999.0, 0.0, 1.4E-45, 0.0, 1.4E-45, 0.0, 0.0, 0.0
cbe, 20080817, 	30.2, 21.737148, 1.4E-45, -9999.0, 0.0, 1.4E-45, 0.0, 1.4E-45, 0.0, 0.0, 0.0
cbj, 20080817, 	29.5, 22.237501, 1.4E-45, -9999.0, 0.0, 1.4E-45, 0.0, 1.4E-45, 0.0, 0.0, 0.0
9zg, 20080818, 	29.4, 21.635424, 1.4E-45, -9999.0, 0.0, 1.4E-45, 0.0, 1.4E-45, 0.0, 0.0, 0.0
cbe, 20080818, 	27.8, 20.428473, 1.4E-45, -9999.0, 0.0, 1.4E-45, 0.0, 1.4E-45, 0.0, 0.0, 0.0
cbj, 20080818, 	29.8, 22.735409, 1.4E-45, -9999.0, 0.0, 1.4E-45, 0.0, 1.4E-45, 0.0, 0.0, 0.0
9zg, 20080819, 	28.1, 21.777775, 1.4E-45, -9999.0, 0.0, 1.4E-45, 0.0, 1.4E-45, 0.0, 0.0, 0.0
cbe, 20080819, 	27.6, 18.718056, 1.4E-45, -9999.0, 0.0, 1.4E-45, 0.0, 1.4E-45, 0.0, 0.0, 0.0
cbj, 20080819, 	27.0, 18.609034, 1.4E-45, -9999.0, 0.0, 1.4E-45, 0.0, 1.4E-45, 0.0, 0.0, 0.0
9zg, 20080820, 	26.4, 20.673262, 1.4E-45, -9999.0, 0.0, 1.4E-45, 0.0, 1.4E-45, 0.0, 0.0, 0.0
cbe, 20080820, 	28.1, 22.560764, 1.4E-45, -9999.0, 0.0, 1.4E-45, 0.0, 1.4E-45, 0.0, 0.0, 0.0
cbj, 20080820, 	27.8, 19.996178, 1.4E-45, -9999.0, 0.0, 1.4E-45, 0.0, 1.4E-45, 0.0, 0.0, 0.0
9zg, 20080821, 	23.6, 18.86112, 1.4E-45, -9999.0, 0.0, 1.4E-45, 0.0, 1.4E-45, 0.0, 0.0, 0.0
cbe, 20080821, 	27.8, 22.679857, 1.4E-45, -9999.0, 0.0, 1.4E-45, 0.0, 1.4E-45, 0.0, 0.0, 0.0
cbj, 20080821, 	27.9, 21.564585, 1.4E-45, -9999.0, 0.0, 1.4E-45, 0.0, 1.4E-45, 0.0, 0.0, 0.0
9zg, 20080822, 	27.2, 21.284729, 1.4E-45, -9999.0, 0.0, 1.4E-45, 0.0, 1.4E-45, 0.0, 0.0, 0.0
cbe, 20080822, 	25.3, 19.936457, 1.4E-45, -9999.0, 0.0, 1.4E-45, 0.0, 1.4E-45, 0.0, 0.0, 0.0
cbj, 20080822, 	28.5, 22.222569, 1.4E-45, -9999.0, 0.0, 1.4E-45, 0.0, 1.4E-45, 0.0, 0.0, 0.0
9zg, 20080823, 	24.1, 16.647224, 1.4E-45, -9999.0, 0.0, 1.4E-45, 0.0, 1.4E-45, 0.0, 0.0, 0.0
cbe, 20080823, 	19.7, 13.9833355, 1.4E-45, -9999.0, 0.0, 1.4E-45, 0.0, 1.4E-45, 0.0, 0.0, 0.0
cbj, 20080823, 	24.5, 17.731249, 1.4E-45, -9999.0, 0.0, 1.4E-45, 0.0, 1.4E-45, 0.0, 0.0, 0.0
9zg, 20080824, 	25.4, 17.010763, 1.4E-45, -9999.0, 0.0, 1.4E-45, 0.0, 1.4E-45, 0.0, 0.0, 0.0
cbe, 20080824, 	19.8, 10.904509, 1.4E-45, -9999.0, 0.0, 1.4E-45, 0.0, 1.4E-45, 0.0, 0.0, 0.0
cbj, 20080824, 	21.5, 13.603471, 1.4E-45, -9999.0, 0.0, 1.4E-45, 0.0, 1.4E-45, 0.0, 0.0, 0.0
9zg, 20080825, 	25.2, 17.887505, 1.4E-45, -9999.0, 0.0, 1.4E-45, 0.0, 1.4E-45, 0.0, 0.0, 0.0
cbe, 20080825, 	26.0, 16.100348, 1.4E-45, -9999.0, 0.0, 1.4E-45, 0.0, 1.4E-45, 0.0, 0.0, 0.0
cbj, 20080825, 	23.8, 13.6472225, 1.4E-45, -9999.0, 0.0, 1.4E-45, 0.0, 1.4E-45, 0.0, 0.0, 0.0
9zg, 20080826, 	24.7, 18.186462, 1.4E-45, -9999.0, 0.0, 1.4E-45, 0.0, 1.4E-45, 0.0, 0.0, 0.0
cbe, 20080826, 	25.7, 18.46805, 1.4E-45, -9999.0, 0.0, 1.4E-45, 0.0, 1.4E-45, 0.0, 0.0, 0.0
cbj, 20080826, 	25.0, 14.884373, 1.4E-45, -9999.0, 0.0, 1.4E-45, 0.0, 1.4E-45, 0.0, 0.0, 0.0
9zg, 20080827, 	23.0, 18.656244, 1.4E-45, -9999.0, 0.0, 1.4E-45, 0.0, 1.4E-45, 0.0, 0.0, 0.0
cbe, 20080827, 	23.3, 16.484028, 1.4E-45, -9999.0, 0.0, 1.4E-45, 0.0, 1.4E-45, 0.0, 0.0, 0.0
cbj, 20080827, 	22.5, 16.888893, 1.4E-45, -9999.0, 0.0, 1.4E-45, 0.0, 1.4E-45, 0.0, 0.0, 0.0
9zg, 20080828, 	25.0, 19.721872, 1.4E-45, -9999.0, 0.0, 1.4E-45, 0.0, 1.4E-45, 0.0, 0.0, 0.0
cbe, 20080828, 	19.3, -20.864935, 1.4E-45, -9999.0, 0.0, 1.4E-45, 0.0, 1.4E-45, 0.0, 0.0, 0.0
cbj, 20080828, 	24.2, 17.56493, 1.4E-45, -9999.0, 0.0, 1.4E-45, 0.0, 1.4E-45, 0.0, 0.0, 0.0
9zg, 20080829, 	29.1, 18.227428, 1.4E-45, -9999.0, 0.0, 1.4E-45, 0.0, 1.4E-45, 0.0, 0.0, 0.0
cbe, 20080829, 	22.8, 15.295488, 1.4E-45, -9999.0, 0.0, 1.4E-45, 0.0, 1.4E-45, 0.0, 0.0, 0.0
cbj, 20080829, 	26.0, 16.312157, 1.4E-45, -9999.0, 0.0, 1.4E-45, 0.0, 1.4E-45, 0.0, 0.0, 0.0
9zg, 20080830, 	28.8, 20.521181, 1.4E-45, -9999.0, 0.0, 1.4E-45, 0.0, 1.4E-45, 0.0, 0.0, 0.0
cbe, 20080830, 	27.6, 16.480558, 1.4E-45, -9999.0, 0.0, 1.4E-45, 0.0, 1.4E-45, 0.0, 0.0, 0.0
cbj, 20080830, 	27.2, 16.762154, 1.4E-45, -9999.0, 0.0, 1.4E-45, 0.0, 1.4E-45, 0.0, 0.0, 0.0
9zg, 20080831, 	29.1, 22.565622, 1.4E-45, -9999.0, 0.0, 1.4E-45, 0.0, 1.4E-45, 0.0, 0.0, 0.0
cbe, 20080831, 	31.1, 24.759026, 1.4E-45, -9999.0, 0.0, 1.4E-45, 0.0, 1.4E-45, 0.0, 0.0, 0.0
cbj, 20080831, 	28.4, 21.29757, 1.4E-45, -9999.0, 0.0, 1.4E-45, 0.0, 1.4E-45, 0.0, 0.0, 0.0
9zg, 20090801, 	23.7, 16.03437, 1.4E-45, -9999.0, 0.0, 1.4E-45, 0.0, 1.4E-45, 0.0, 0.0, 0.0
cbe, 20090801, 	18.1, 13.855557, 1.4E-45, -9999.0, 0.0, 1.4E-45, 0.0, 1.4E-45, 0.0, 0.0, 0.0
cbj, 20090801, 	22.0, 16.760765, 1.4E-45, -9999.0, 0.0, 1.4E-45, 0.0, 1.4E-45, 0.0, 0.0, 0.0
9zg, 20090802, 	29.8, 18.110064, 1.4E-45, -9999.0, 0.0, 1.4E-45, 0.0, 1.4E-45, 0.0, 0.0, 0.0
cbe, 20090802, 	20.1, 13.315624, 1.4E-45, -9999.0, 0.0, 1.4E-45, 0.0, 1.4E-45, 0.0, 0.0, 0.0
cbj, 20090802, 	21.8, 14.753126, 1.4E-45, -9999.0, 0.0, 1.4E-45, 0.0, 1.4E-45, 0.0, 0.0, 0.0
9zg, 20090803, 	27.8, 22.231596, 1.4E-45, -9999.0, 0.0, 1.4E-45, 0.0, 1.4E-45, 0.0, 0.0, 0.0
cbe, 20090803, 	22.0, 14.205899, 1.4E-45, -9999.0, 0.0, 1.4E-45, 0.0, 1.4E-45, 0.0, 0.0, 0.0
cbj, 20090803, 	24.7, -17.021873, 1.4E-45, -9999.0, 0.0, 1.4E-45, 0.0, 1.4E-45, 0.0, 0.0, 0.0
9zg, 20090804, 	24.1, 19.001034, 1.4E-45, -9999.0, 0.0, 1.4E-45, 0.0, 1.4E-45, 0.0, 0.0, 0.0
cbe, 20090804, 	20.1, 13.759371, 1.4E-45, -9999.0, 0.0, 1.4E-45, 0.0, 1.4E-45, 0.0, 0.0, 0.0
cbj, 20090804, 	22.3, 18.0066, 1.4E-45, -9999.0, 0.0, 1.4E-45, 0.0, 1.4E-45, 0.0, 0.0, 0.0
9zg, 20090805, 	24.7, 17.97049, 1.4E-45, -9999.0, 0.0, 1.4E-45, 0.0, 1.4E-45, 0.0, 0.0, 0.0
cbe, 20090805, 	21.9, 14.410419, 1.4E-45, -9999.0, 0.0, 1.4E-45, 0.0, 1.4E-45, 0.0, 0.0, 0.0
cbj, 20090805, 	22.0, 15.153118, 1.4E-45, -9999.0, 0.0, 1.4E-45, 0.0, 1.4E-45, 0.0, 0.0, 0.0
9zg, 20090806, 	23.5, 17.956953, 1.4E-45, -9999.0, 0.0, 1.4E-45, 0.0, 1.4E-45, 0.0, 0.0, 0.0
cbe, 20090806, 	21.7, 13.693401, 1.4E-45, -9999.0, 0.0, 1.4E-45, 0.0, 1.4E-45, 0.0, 0.0, 0.0
cbj, 20090806, 	22.9, 16.225693, 1.4E-45, -9999.0, 0.0, 1.4E-45, 0.0, 1.4E-45, 0.0, 0.0, 0.0
9zg, 20090807, 	27.6, 20.781258, 1.4E-45, -9999.0, 0.0, 1.4E-45, 0.0, 1.4E-45, 0.0, 0.0, 0.0
cbe, 20090807, 	21.8, 17.434376, 1.4E-45, -9999.0, 0.0, 1.4E-45, 0.0, 1.4E-45, 0.0, 0.0, 0.0
cbj, 20090807, 	19.9, 15.56805, 1.4E-45, -9999.0, 0.0, 1.4E-45, 0.0, 1.4E-45, 0.0, 0.0, 0.0
9zg, 20090808, 	29.4, 24.526733, 1.4E-45, -9999.0, 0.0, 1.4E-45, 0.0, 1.4E-45, 0.0, 0.0, 0.0
cbe, 20090808, 	19.8, 17.970493, 1.4E-45, -9999.0, 0.0, 1.4E-45, 0.0, 1.4E-45, 0.0, 0.0, 0.0
cbj, 20090808, 	26.3, 19.338886, 1.4E-45, -9999.0, 0.0, 1.4E-45, 0.0, 1.4E-45, 0.0, 0.0, 0.0
9zg, 20090809, 	26.6, 21.057283, 1.4E-45, -9999.0, 0.0, 1.4E-45, 0.0, 1.4E-45, 0.0, 0.0, 0.0
cbe, 20090809, 	22.9, 17.947577, 1.4E-45, -9999.0, 0.0, 1.4E-45, 0.0, 1.4E-45, 0.0, 0.0, 0.0
cbj, 20090809, 	24.2, 20.226744, 1.4E-45, -9999.0, 0.0, 1.4E-45, 0.0, 1.4E-45, 0.0, 0.0, 0.0
9zg, 20090810, 	25.9, 20.562506, 1.4E-45, -9999.0, 0.0, 1.4E-45, 0.0, 1.4E-45, 0.0, 0.0, 0.0
cbe, 20090810, 	25.1, 16.92118, 1.4E-45, -9999.0, 0.0, 1.4E-45, 0.0, 1.4E-45, 0.0, 0.0, 0.0
cbj, 20090810, 	25.4, 19.318748, 1.4E-45, -9999.0, 0.0, 1.4E-45, 0.0, 1.4E-45, 0.0, 0.0, 0.0
9zg, 20090811, 	29.2, -13.813174, 1.4E-45, -9999.0, 0.0, 1.4E-45, 0.0, 1.4E-45, 0.0, 0.0, 0.0
cbe, 20090811, 	27.4, 19.262505, 1.4E-45, -9999.0, 0.0, 1.4E-45, 0.0, 1.4E-45, 0.0, 0.0, 0.0
cbj, 20090811, 	26.3, -16.342026, 1.4E-45, -9999.0, 0.0, 1.4E-45, 0.0, 1.4E-45, 0.0, 0.0, 0.0
9zg, 20090812, 	32.4, -12.308681, 1.4E-45, -9999.0, 0.0, 1.4E-45, 0.0, 1.4E-45, 0.0, 0.0, 0.0
cbe, 20090812, 	30.4, 22.587158, 1.4E-45, -9999.0, 0.0, 1.4E-45, 0.0, 1.4E-45, 0.0, 0.0, 0.0
cbj, 20090812, 	29.7, 20.695477, 1.4E-45, -9999.0, 0.0, 1.4E-45, 0.0, 1.4E-45, 0.0, 0.0, 0.0
9zg, 20090813, 	30.3, 24.608675, 1.4E-45, -9999.0, 0.0, 1.4E-45, 0.0, 1.4E-45, 0.0, 0.0, 0.0
cbe, 20090813, 	30.7, 23.597572, 1.4E-45, -9999.0, 0.0, 1.4E-45, 0.0, 1.4E-45, 0.0, 0.0, 0.0
cbj, 20090813, 	29.0, 23.225344, 1.4E-45, -9999.0, 0.0, 1.4E-45, 0.0, 1.4E-45, 0.0, 0.0, 0.0
9zg, 20090814, 	30.9, 24.232983, 1.4E-45, -9999.0, 0.0, 1.4E-45, 0.0, 1.4E-45, 0.0, 0.0, 0.0
cbe, 20090814, 	27.5, -1648.5667, 1.4E-45, -9999.0, -1666.0, 1.4E-45, 0.0, 1.4E-45, 0.0, 0.0, 0.0
cbj, 20090814, 	31.0, 22.668398, 1.4E-45, -9999.0, 0.0, 1.4E-45, 0.0, 1.4E-45, 0.0, 0.0, 0.0
9zg, 20090815, 	27.0, 21.53542, 1.4E-45, -9999.0, 0.0, 1.4E-45, 0.0, 1.4E-45, 0.0, 0.0, 0.0
cbe, 20090815, 	24.8, 20.35001, 1.4E-45, -9999.0, 0.0, 1.4E-45, 0.0, 1.4E-45, 0.0, 0.0, 0.0
cbj, 20090815, 	28.8, -2029.7778, 1.4E-45, -9999.0, -2048.0, 1.4E-45, 0.0, 1.4E-45, 0.0, 0.0, 0.0
9zg, 20090816, 	24.1, 20.373268, 1.4E-45, -9999.0, 0.0, 1.4E-45, 0.0, 1.4E-45, 0.0, 0.0, 0.0
cbe, 20090816, 	21.0, 18.601042, 1.4E-45, -9999.0, 0.0, 1.4E-45, 0.0, 1.4E-45, 0.0, 0.0, 0.0
cbj, 20090816, 	24.7, -431.15936, 1.4E-45, -9999.0, -451.0, 1.4E-45, 0.0, 1.4E-45, 0.0, 0.0, 0.0
9zg, 20090817, 	24.6, 18.180565, 1.4E-45, -9999.0, 0.0, 1.4E-45, 0.0, 1.4E-45, 0.0, 0.0, 0.0
cbe, 20090817, 	19.3, 13.693055, 1.4E-45, -9999.0, 0.0, 1.4E-45, 0.0, 1.4E-45, 0.0, 0.0, 0.0
cbj, 20090817, 	24.1, 17.655212, 1.4E-45, -9999.0, 0.0, 1.4E-45, 0.0, 1.4E-45, 0.0, 0.0, 0.0
9zg, 20090818, 	26.1, 17.273264, 1.4E-45, -9999.0, 0.0, 1.4E-45, 0.0, 1.4E-45, 0.0, 0.0, 0.0
cbe, 20090818, 	21.4, 14.236462, 1.4E-45, -9999.0, 0.0, 1.4E-45, 0.0, 1.4E-45, 0.0, 0.0, 0.0
cbj, 20090818, 	22.6, 17.127773, 1.4E-45, -9999.0, 0.0, 1.4E-45, 0.0, 1.4E-45, 0.0, 0.0, 0.0
9zg, 20090819, 	24.3, 19.491318, 1.4E-45, -9999.0, 0.0, 1.4E-45, 0.0, 1.4E-45, 0.0, 0.0, 0.0
cbe, 20090819, 	21.6, 16.411102, 1.4E-45, -9999.0, 0.0, 1.4E-45, 0.0, 1.4E-45, 0.0, 0.0, 0.0
cbj, 20090819, 	21.3, 15.150353, 1.4E-45, -9999.0, 0.0, 1.4E-45, 0.0, 1.4E-45, 0.0, 0.0, 0.0
9zg, 20090820, 	23.0, 16.621878, 1.4E-45, -9999.0, 0.0, 1.4E-45, 0.0, 1.4E-45, 0.0, 0.0, 0.0
cbe, 20090820, 	19.8, 16.184029, 1.4E-45, -9999.0, 0.0, 1.4E-45, 0.0, 1.4E-45, 0.0, 0.0, 0.0
cbj, 20090820, 	18.4, 15.45695, 1.4E-45, -9999.0, 0.0, 1.4E-45, 0.0, 1.4E-45, 0.0, 0.0, 0.0
9zg, 20090821, 	19.5, 16.383335, 1.4E-45, -9999.0, 0.0, 1.4E-45, 0.0, 1.4E-45, 0.0, 0.0, 0.0
cbe, 20090821, 	19.6, 15.705547, 1.4E-45, -9999.0, 0.0, 1.4E-45, 0.0, 1.4E-45, 0.0, 0.0, 0.0
cbj, 20090821, 	20.6, 15.893407, 1.4E-45, -9999.0, 0.0, 1.4E-45, 0.0, 1.4E-45, 0.0, 0.0, 0.0
9zg, 20090822, 	23.2, 15.321182, 1.4E-45, -9999.0, 0.0, 1.4E-45, 0.0, 1.4E-45, 0.0, 0.0, 0.0
cbe, 20090822, 	21.5, 13.662498, 1.4E-45, -9999.0, 0.0, 1.4E-45, 0.0, 1.4E-45, 0.0, 0.0, 0.0
cbj, 20090822, 	21.7, 14.342363, 1.4E-45, -9999.0, 0.0, 1.4E-45, 0.0, 1.4E-45, 0.0, 0.0, 0.0
9zg, 20090823, 	26.6, 18.011465, 1.4E-45, -9999.0, 0.0, 1.4E-45, 0.0, 1.4E-45, 0.0, 0.0, 0.0
cbe, 20090823, 	25.3, 18.354513, 1.4E-45, -9999.0, 0.0, 1.4E-45, 0.0, 1.4E-45, 0.0, 0.0, 0.0
cbj, 20090823, 	24.4, 15.171877, 1.4E-45, -9999.0, 0.0, 1.4E-45, 0.0, 1.4E-45, 0.0, 0.0, 0.0
9zg, 20090824, 	28.9, 20.430561, 1.4E-45, -9999.0, 0.0, 1.4E-45, 0.0, 1.4E-45, 0.0, 0.0, 0.0
cbe, 20090824, 	25.3, 20.559374, 1.4E-45, -9999.0, 0.0, 1.4E-45, 0.0, 1.4E-45, 0.0, 0.0, 0.0
cbj, 20090824, 	26.1, 19.317364, 1.4E-45, -9999.0, 0.0, 1.4E-45, 0.0, 1.4E-45, 0.0, 0.0, 0.0
9zg, 20090825, 	26.5, 22.21215, 1.4E-45, -9999.0, 0.0, 1.4E-45, 0.0, 1.4E-45, 0.0, 0.0, 0.0
cbe, 20090825, 	23.6, 17.276033, 1.4E-45, -9999.0, 0.0, 1.4E-45, 0.0, 1.4E-45, 0.0, 0.0, 0.0
cbj, 20090825, 	24.2, 21.30069, 1.4E-45, -9999.0, 0.0, 1.4E-45, 0.0, 1.4E-45, 0.0, 0.0, 0.0
9zg, 20090826, 	23.5, -2904.3994, 1.4E-45, -9999.0, -2916.0, 1.4E-45, 0.0, 1.4E-45, 0.0, 0.0, 0.0
cbe, 20090826, 	24.9, 16.246874, 1.4E-45, -9999.0, 0.0, 1.4E-45, 0.0, 1.4E-45, 0.0, 0.0, 0.0
cbj, 20090826, 	24.5, 16.552086, 1.4E-45, -9999.0, 0.0, 1.4E-45, 0.0, 1.4E-45, 0.0, 0.0, 0.0
9zg, 20090827, 	24.0, 17.240973, 1.4E-45, -9999.0, 0.0, 1.4E-45, 0.0, 1.4E-45, 0.0, 0.0, 0.0
cbe, 20090827, 	22.7, 16.746178, 1.4E-45, -9999.0, 0.0, 1.4E-45, 0.0, 1.4E-45, 0.0, 0.0, 0.0
cbj, 20090827, 	24.9, 16.381598, 1.4E-45, -9999.0, 0.0, 1.4E-45, 0.0, 1.4E-45, 0.0, 0.0, 0.0
9zg, 20090828, 	24.4, 17.089928, 1.4E-45, -9999.0, 0.0, 1.4E-45, 0.0, 1.4E-45, 0.0, 0.0, 0.0
cbe, 20090828, 	21.2, 15.927085, 1.4E-45, -9999.0, 0.0, 1.4E-45, 0.0, 1.4E-45, 0.0, 0.0, 0.0
cbj, 20090828, 	20.3, 16.759026, 1.4E-45, -9999.0, 0.0, 1.4E-45, 0.0, 1.4E-45, 0.0, 0.0, 0.0
9zg, 20090829, 	20.5, 13.904865, 1.4E-45, -9999.0, 0.0, 1.4E-45, 0.0, 1.4E-45, 0.0, 0.0, 0.0
cbe, 20090829, 	17.5, 11.037496, 1.4E-45, -9999.0, 0.0, 1.4E-45, 0.0, 1.4E-45, 0.0, 0.0, 0.0
cbj, 20090829, 	16.2, 11.822566, 1.4E-45, -9999.0, 0.0, 1.4E-45, 0.0, 1.4E-45, 0.0, 0.0, 0.0
9zg, 20090830, 	20.4, 13.290277, 1.4E-45, -9999.0, 0.0, 1.4E-45, 0.0, 1.4E-45, 0.0, 0.0, 0.0
cbe, 20090830, 	19.2, -25.38715, 1.4E-45, -9999.0, 0.0, 1.4E-45, 0.0, 1.4E-45, 0.0, 0.0, 0.0
cbj, 20090830, 	19.0, 11.909374, 1.4E-45, -9999.0, 0.0, 1.4E-45, 0.0, 1.4E-45, 0.0, 0.0, 0.0
9zg, 20090831, 	20.9, 12.829513, 1.4E-45, -9999.0, 0.0, 1.4E-45, 0.0, 1.4E-45, 0.0, 0.0, 0.0
cbe, 20090831, 	21.8, 12.961108, 1.4E-45, -9999.0, 0.0, 1.4E-45, 0.0, 1.4E-45, 0.0, 0.0, 0.0
cbj, 20090831, 	20.6, 12.121178, 1.4E-45, -9999.0, 0.0, 1.4E-45, 0.0, 1.4E-45, 0.0, 0.0, 0.0
9zg, 20100801, 	29.9, 24.385063, 1.4E-45, -9999.0, 0.0, 1.4E-45, 0.0, 1.4E-45, 0.0, 0.0, 0.0
cbe, 20100801, 	27.6, 21.707294, 1.4E-45, -9999.0, 0.0, 1.4E-45, 0.0, 1.4E-45, 0.0, 0.0, 0.0
cbj, 20100801, 	25.2, 20.314573, 1.4E-45, -9999.0, 0.0, 1.4E-45, 0.0, 1.4E-45, 0.0, 0.0, 0.0
9zg, 20100802, 	28.9, 24.236805, 1.4E-45, -9999.0, 0.0, 1.4E-45, 0.0, 1.4E-45, 0.0, 0.0, 0.0
cbe, 20100802, 	28.1, 22.09722, 1.4E-45, -9999.0, 0.0, 1.4E-45, 0.0, 1.4E-45, 0.0, 0.0, 0.0
cbj, 20100802, 	29.2, 22.777775, 1.4E-45, -9999.0, 0.0, 1.4E-45, 0.0, 1.4E-45, 0.0, 0.0, 0.0
9zg, 20100803, 	29.8, 24.72258, 1.4E-45, -9999.0, 0.0, 1.4E-45, 0.0, 1.4E-45, 0.0, 0.0, 0.0
cbe, 20100803, 	27.3, 22.192715, 1.4E-45, -9999.0, 0.0, 1.4E-45, 0.0, 1.4E-45, 0.0, 0.0, 0.0
cbj, 20100803, 	30.2, -115.52774, 1.4E-45, -9999.0, 0.0, 1.4E-45, 0.0, 1.4E-45, 0.0, 0.0, 0.0
9zg, 20100804, 	28.7, 23.698963, 1.4E-45, -9999.0, 0.0, 1.4E-45, 0.0, 1.4E-45, 0.0, 0.0, 0.0
cbe, 20100804, 	25.0, 19.860764, 1.4E-45, -9999.0, 0.0, 1.4E-45, 0.0, 1.4E-45, 0.0, 0.0, 0.0
cbj, 20100804, 	27.0, 22.007286, 1.4E-45, -9999.0, 0.0, 1.4E-45, 0.0, 1.4E-45, 0.0, 0.0, 0.0
9zg, 20100805, 	26.7, 21.48333, 1.4E-45, -9999.0, 0.0, 1.4E-45, 0.0, 1.4E-45, 0.0, 0.0, 0.0
cbe, 20100805, 	23.0, 17.695826, 1.4E-45, -9999.0, 0.0, 1.4E-45, 0.0, 1.4E-45, 0.0, 0.0, 0.0
cbj, 20100805, 	23.2, 19.732292, 1.4E-45, -9999.0, 0.0, 1.4E-45, 0.0, 1.4E-45, 0.0, 0.0, 0.0
9zg, 20100806, 	29.0, 21.382988, 1.4E-45, -9999.0, 0.0, 1.4E-45, 0.0, 1.4E-45, 0.0, 0.0, 0.0
cbe, 20100806, 	23.1, 16.412502, 1.4E-45, -9999.0, 0.0, 1.4E-45, 0.0, 1.4E-45, 0.0, 0.0, 0.0
cbj, 20100806, 	24.5, 18.965288, 1.4E-45, -9999.0, 0.0, 1.4E-45, 0.0, 1.4E-45, 0.0, 0.0, 0.0
9zg, 20100807, 	30.8, 24.380562, 1.4E-45, -9999.0, 0.0, 1.4E-45, 0.0, 1.4E-45, 0.0, 0.0, 0.0
cbe, 20100807, 	26.8, 18.148964, 1.4E-45, -9999.0, 0.0, 1.4E-45, 0.0, 1.4E-45, 0.0, 0.0, 0.0
cbj, 20100807, 	26.2, 18.69896, 1.4E-45, -9999.0, 0.0, 1.4E-45, 0.0, 1.4E-45, 0.0, 0.0, 0.0
9zg, 20100808, 	32.2, 26.220835, 1.4E-45, -9999.0, 0.0, 1.4E-45, 0.0, 1.4E-45, 0.0, 0.0, 0.0
cbe, 20100808, 	30.7, 22.982635, 1.4E-45, -9999.0, 0.0, 1.4E-45, 0.0, 1.4E-45, 0.0, 0.0, 0.0
cbj, 20100808, 	26.5, 22.001045, 1.4E-45, -9999.0, 0.0, 1.4E-45, 0.0, 1.4E-45, 0.0, 0.0, 0.0
9zg, 20100809, 	30.4, 23.981941, 1.4E-45, -9999.0, 0.0, 1.4E-45, 0.0, 1.4E-45, 0.0, 0.0, 0.0
cbe, 20100809, 	32.4, 23.00278, 1.4E-45, -9999.0, 0.0, 1.4E-45, 0.0, 1.4E-45, 0.0, 0.0, 0.0
cbj, 20100809, 	31.3, 23.861465, 1.4E-45, -9999.0, 0.0, 1.4E-45, 0.0, 1.4E-45, 0.0, 0.0, 0.0
9zg, 20100810, 	29.6, 24.567715, 1.4E-45, -9999.0, 0.0, 1.4E-45, 0.0, 1.4E-45, 0.0, 0.0, 0.0
cbe, 20100810, 	29.8, 22.979866, 1.4E-45, -9999.0, 0.0, 1.4E-45, 0.0, 1.4E-45, 0.0, 0.0, 0.0
cbj, 20100810, 	29.2, 22.218409, 1.4E-45, -9999.0, 0.0, 1.4E-45, 0.0, 1.4E-45, 0.0, 0.0, 0.0
9zg, 20100811, 	32.5, 25.956251, 1.4E-45, -9999.0, 0.0, 1.4E-45, 0.0, 1.4E-45, 0.0, 0.0, 0.0
cbe, 20100811, 	27.2, 21.356247, 1.4E-45, -9999.0, 0.0, 1.4E-45, 0.0, 1.4E-45, 0.0, 0.0, 0.0
cbj, 20100811, 	30.3, 23.773956, 1.4E-45, -9999.0, 0.0, 1.4E-45, 0.0, 1.4E-45, 0.0, 0.0, 0.0
9zg, 20100812, 	32.8, -9.117019, 1.4E-45, -9999.0, 0.0, 1.4E-45, 0.0, 1.4E-45, 0.0, 0.0, 0.0
cbe, 20100812, 	27.1, 21.05764, 1.4E-45, -9999.0, 0.0, 1.4E-45, 0.0, 1.4E-45, 0.0, 0.0, 0.0
cbj, 20100812, 	30.0, -81.75138, 1.4E-45, -9999.0, 0.0, 1.4E-45, 0.0, 1.4E-45, 0.0, 0.0, 0.0
9zg, 20100813, 	27.6, 24.284027, 1.4E-45, -9999.0, 0.0, 1.4E-45, 0.0, 1.4E-45, 0.0, 0.0, 0.0
cbe, 20100813, 	25.7, 20.743753, 1.4E-45, -9999.0, 0.0, 1.4E-45, 0.0, 1.4E-45, 0.0, 0.0, 0.0
cbj, 20100813, 	25.2, 20.704863, 1.4E-45, -9999.0, 0.0, 1.4E-45, 0.0, 1.4E-45, 0.0, 0.0, 0.0
9zg, 20100814, 	26.0, 21.50938, 1.4E-45, -9999.0, 0.0, 1.4E-45, 0.0, 1.4E-45, 0.0, 0.0, 0.0
cbe, 20100814, 	22.2, 17.77187, 1.4E-45, -9999.0, 0.0, 1.4E-45, 0.0, 1.4E-45, 0.0, 0.0, 0.0
cbj, 20100814, 	26.5, 20.634026, 1.4E-45, -9999.0, 0.0, 1.4E-45, 0.0, 1.4E-45, 0.0, 0.0, 0.0
9zg, 20100815, 	24.7, 18.468065, 1.4E-45, -9999.0, 0.0, 1.4E-45, 0.0, 1.4E-45, 0.0, 0.0, 0.0
cbe, 20100815, 	18.8, 14.837158, 1.4E-45, -9999.0, 0.0, 1.4E-45, 0.0, 1.4E-45, 0.0, 0.0, 0.0
cbj, 20100815, 	21.4, 17.663887, 1.4E-45, -9999.0, 0.0, 1.4E-45, 0.0, 1.4E-45, 0.0, 0.0, 0.0
9zg, 20100816, 	26.0, 18.619104, 1.4E-45, -9999.0, 0.0, 1.4E-45, 0.0, 1.4E-45, 0.0, 0.0, 0.0
cbe, 20100816, 	18.9, 12.814934, 1.4E-45, -9999.0, 0.0, 1.4E-45, 0.0, 1.4E-45, 0.0, 0.0, 0.0
cbj, 20100816, 	21.8, 16.24305, 1.4E-45, -9999.0, 0.0, 1.4E-45, 0.0, 1.4E-45, 0.0, 0.0, 0.0
9zg, 20100817, 	25.8, 19.465282, 1.4E-45, -9999.0, 0.0, 1.4E-45, 0.0, 1.4E-45, 0.0, 0.0, 0.0
cbe, 20100817, 	24.5, 12.227776, 1.4E-45, -9999.0, 0.0, 1.4E-45, 0.0, 1.4E-45, 0.0, 0.0, 0.0
cbj, 20100817, 	23.2, 14.912847, 1.4E-45, -9999.0, 0.0, 1.4E-45, 0.0, 1.4E-45, 0.0, 0.0, 0.0
9zg, 20100818, 	27.4, 20.732285, 1.4E-45, -9999.0, 0.0, 1.4E-45, 0.0, 1.4E-45, 0.0, 0.0, 0.0
cbe, 20100818, 	19.7, 13.32778, 1.4E-45, -9999.0, 0.0, 1.4E-45, 0.0, 1.4E-45, 0.0, 0.0, 0.0
cbj, 20100818, 	21.7, 18.461464, 1.4E-45, -9999.0, 0.0, 1.4E-45, 0.0, 1.4E-45, 0.0, 0.0, 0.0
9zg, 20100819, 	28.2, 22.486113, 1.4E-45, -9999.0, 0.0, 1.4E-45, 0.0, 1.4E-45, 0.0, 0.0, 0.0
cbe, 20100819, 	21.9, 13.932991, 1.4E-45, -9999.0, 0.0, 1.4E-45, 0.0, 1.4E-45, 0.0, 0.0, 0.0
cbj, 20100819, 	24.5, 17.910416, 1.4E-45, -9999.0, 0.0, 1.4E-45, 0.0, 1.4E-45, 0.0, 0.0, 0.0
9zg, 20100820, 	29.7, 24.632982, 1.4E-45, -9999.0, 0.0, 1.4E-45, 0.0, 1.4E-45, 0.0, 0.0, 0.0
cbe, 20100820, 	26.3, 19.618404, 1.4E-45, -9999.0, 0.0, 1.4E-45, 0.0, 1.4E-45, 0.0, 0.0, 0.0
cbj, 20100820, 	27.3, 19.999302, 1.4E-45, -9999.0, 0.0, 1.4E-45, 0.0, 1.4E-45, 0.0, 0.0, 0.0
9zg, 20100821, 	31.4, 23.888884, 1.4E-45, -9999.0, 0.0, 1.4E-45, 0.0, 1.4E-45, 0.0, 0.0, 0.0
cbe, 20100821, 	27.6, 20.664934, 1.4E-45, -9999.0, 0.0, 1.4E-45, 0.0, 1.4E-45, 0.0, 0.0, 0.0
cbj, 20100821, 	25.4, 19.187506, 1.4E-45, -9999.0, 0.0, 1.4E-45, 0.0, 1.4E-45, 0.0, 0.0, 0.0
9zg, 20100822, 	31.5, 25.06076, 1.4E-45, -9999.0, 0.0, 1.4E-45, 0.0, 1.4E-45, 0.0, 0.0, 0.0
cbe, 20100822, 	29.5, 22.97534, 1.4E-45, -9999.0, 0.0, 1.4E-45, 0.0, 1.4E-45, 0.0, 0.0, 0.0
cbj, 20100822, 	29.0, 19.750343, 1.4E-45, -9999.0, 0.0, 1.4E-45, 0.0, 1.4E-45, 0.0, 0.0, 0.0
9zg, 20100823, 	29.1, 23.593063, 1.4E-45, -9999.0, 0.0, 1.4E-45, 0.0, 1.4E-45, 0.0, 0.0, 0.0
cbe, 20100823, 	30.3, 24.947218, 1.4E-45, -9999.0, 0.0, 1.4E-45, 0.0, 1.4E-45, 0.0, 0.0, 0.0
cbj, 20100823, 	29.7, 24.172575, 1.4E-45, -9999.0, 0.0, 1.4E-45, 0.0, 1.4E-45, 0.0, 0.0, 0.0
9zg, 20100824, 	24.0, 19.11701, 1.4E-45, -9999.0, 0.0, 1.4E-45, 0.0, 1.4E-45, 0.0, 0.0, 0.0
cbe, 20100824, 	20.8, 15.309376, 1.4E-45, -9999.0, 0.0, 1.4E-45, 0.0, 1.4E-45, 0.0, 0.0, 0.0
cbj, 20100824, 	26.9, 20.068058, 1.4E-45, -9999.0, 0.0, 1.4E-45, 0.0, 1.4E-45, 0.0, 0.0, 0.0
9zg, 20100825, 	23.1, 16.715628, 1.4E-45, -9999.0, 0.0, 1.4E-45, 0.0, 1.4E-45, 0.0, 0.0, 0.0
cbe, 20100825, 	20.9, 14.447224, 1.4E-45, -9999.0, 0.0, 1.4E-45, 0.0, 1.4E-45, 0.0, 0.0, 0.0
cbj, 20100825, 	21.5, 15.937847, 1.4E-45, -9999.0, 0.0, 1.4E-45, 0.0, 1.4E-45, 0.0, 0.0, 0.0
9zg, 20100826, 	28.0, 18.661106, 1.4E-45, -9999.0, 0.0, 1.4E-45, 0.0, 1.4E-45, 0.0, 0.0, 0.0
cbe, 20100826, 	25.1, 15.811111, 1.4E-45, -9999.0, 0.0, 1.4E-45, 0.0, 1.4E-45, 0.0, 0.0, 0.0
cbj, 20100826, 	23.6, 14.867362, 1.4E-45, -9999.0, 0.0, 1.4E-45, 0.0, 1.4E-45, 0.0, 0.0, 0.0
9zg, 20100827, 	27.7, 20.622227, 1.4E-45, -9999.0, 0.0, 1.4E-45, 0.0, 1.4E-45, 0.0, 0.0, 0.0
cbe, 20100827, 	29.4, 19.893047, 1.4E-45, -9999.0, 0.0, 1.4E-45, 0.0, 1.4E-45, 0.0, 0.0, 0.0
cbj, 20100827, 	28.7, 19.290628, 1.4E-45, -9999.0, 0.0, 1.4E-45, 0.0, 1.4E-45, 0.0, 0.0, 0.0
9zg, 20100828, 	28.9, 21.369097, 1.4E-45, -9999.0, 0.0, 1.4E-45, 0.0, 1.4E-45, 0.0, 0.0, 0.0
cbe, 20100828, 	27.5, 20.81528, 1.4E-45, -9999.0, 0.0, 1.4E-45, 0.0, 1.4E-45, 0.0, 0.0, 0.0
cbj, 20100828, 	29.1, 23.09583, 1.4E-45, -9999.0, 0.0, 1.4E-45, 0.0, 1.4E-45, 0.0, 0.0, 0.0
9zg, 20100829, 	29.8, 23.105553, 1.4E-45, -9999.0, 0.0, 1.4E-45, 0.0, 1.4E-45, 0.0, 0.0, 0.0
cbe, 20100829, 	29.5, 23.450695, 1.4E-45, -9999.0, 0.0, 1.4E-45, 0.0, 1.4E-45, 0.0, 0.0, 0.0
cbj, 20100829, 	30.5, 23.159725, 1.4E-45, -9999.0, 0.0, 1.4E-45, 0.0, 1.4E-45, 0.0, 0.0, 0.0
9zg, 20100830, 	30.8, 25.3059, 1.4E-45, -9999.0, 0.0, 1.4E-45, 0.0, 1.4E-45, 0.0, 0.0, 0.0
cbe, 20100830, 	27.8, 22.929525, 1.4E-45, -9999.0, 0.0, 1.4E-45, 0.0, 1.4E-45, 0.0, 0.0, 0.0
cbj, 20100830, 	30.5, 25.98159, 1.4E-45, -9999.0, 0.0, 1.4E-45, 0.0, 1.4E-45, 0.0, 0.0, 0.0
9zg, 20100831, 	27.6, 21.718752, 1.4E-45, -9999.0, 0.0, 1.4E-45, 0.0, 1.4E-45, 0.0, 0.0, 0.0
cbe, 20100831, 	23.7, 19.433338, 1.4E-45, -9999.0, 0.0, 1.4E-45, 0.0, 1.4E-45, 0.0, 0.0, 0.0
cbj, 20100831, 	27.7, 22.967363, 1.4E-45, -9999.0, 0.0, 1.4E-45, 0.0, 1.4E-45, 0.0, 0.0, 0.0
9zg, 20110801, 	34.3, 27.490618, 1.4E-45, -9999.0, 0.0, 1.4E-45, 0.0, 1.4E-45, 0.0, 0.0, 0.0
cbe, 20110801, 	29.8, 22.862154, 1.4E-45, -9999.0, 0.0, 1.4E-45, 0.0, 1.4E-45, 0.0, 0.0, 0.0
cbj, 20110801, 	26.9, 20.682295, 1.4E-45, -9999.0, 0.0, 1.4E-45, 0.0, 1.4E-45, 0.0, 0.0, 0.0
9zg, 20110802, 	32.6, 27.134033, 1.4E-45, -9999.0, 0.0, 1.4E-45, 0.0, 1.4E-45, 0.0, 0.0, 0.0
cbe, 20110802, 	26.5, 23.503122, 1.4E-45, -9999.0, 0.0, 1.4E-45, 0.0, 1.4E-45, 0.0, 0.0, 0.0
cbj, 20110802, 	29.4, 23.17743, 1.4E-45, -9999.0, 0.0, 1.4E-45, 0.0, 1.4E-45, 0.0, 0.0, 0.0
9zg, 20110803, 	27.4, 21.097229, 1.4E-45, -9999.0, 0.0, 1.4E-45, 0.0, 1.4E-45, 0.0, 0.0, 0.0
cbe, 20110803, 	26.0, 17.620129, 1.4E-45, -9999.0, 0.0, 1.4E-45, 0.0, 1.4E-45, 0.0, 0.0, 0.0
cbj, 20110803, 	27.3, 21.992352, 1.4E-45, -9999.0, 0.0, 1.4E-45, 0.0, 1.4E-45, 0.0, 0.0, 0.0
9zg, 20110804, 	28.0, 22.285076, 1.4E-45, -9999.0, 0.0, 1.4E-45, 0.0, 1.4E-45, 0.0, 0.0, 0.0
cbe, 20110804, 	27.3, 21.486109, 1.4E-45, -9999.0, 0.0, 1.4E-45, 0.0, 1.4E-45, 0.0, 0.0, 0.0
cbj, 20110804, 	28.5, -14.159387, 1.4E-45, -9999.0, 0.0, 1.4E-45, 0.0, 1.4E-45, 0.0, 0.0, 0.0
9zg, 20110805, 	26.9, 22.370476, 1.4E-45, -9999.0, 0.0, 1.4E-45, 0.0, 1.4E-45, 0.0, 0.0, 0.0
cbe, 20110805, 	27.4, 20.994099, 1.4E-45, -9999.0, 0.0, 1.4E-45, 0.0, 1.4E-45, 0.0, 0.0, 0.0
cbj, 20110805, 	28.6, 21.596529, 1.4E-45, -9999.0, 0.0, 1.4E-45, 0.0, 1.4E-45, 0.0, 0.0, 0.0
9zg, 20110806, 	28.2, 23.617706, 1.4E-45, -9999.0, 0.0, 1.4E-45, 0.0, 1.4E-45, 0.0, 0.0, 0.0
cbe, 20110806, 	23.3, 18.096876, 1.4E-45, -9999.0, 0.0, 1.4E-45, 0.0, 1.4E-45, 0.0, 0.0, 0.0
cbj, 20110806, 	26.4, 19.344095, 1.4E-45, -9999.0, 0.0, 1.4E-45, 0.0, 1.4E-45, 0.0, 0.0, 0.0
9zg, 20110807, 	26.1, 21.35486, 1.4E-45, -9999.0, 0.0, 1.4E-45, 0.0, 1.4E-45, 0.0, 0.0, 0.0
cbe, 20110807, 	24.8, 16.74896, 1.4E-45, -9999.0, 0.0, 1.4E-45, 0.0, 1.4E-45, 0.0, 0.0, 0.0
cbj, 20110807, 	25.7, 20.085417, 1.4E-45, -9999.0, 0.0, 1.4E-45, 0.0, 1.4E-45, 0.0, 0.0, 0.0
9zg, 20110808, 	28.4, 21.78022, 1.4E-45, -9999.0, 0.0, 1.4E-45, 0.0, 1.4E-45, 0.0, 0.0, 0.0
cbe, 20110808, 	23.5, 18.756248, 1.4E-45, -9999.0, 0.0, 1.4E-45, 0.0, 1.4E-45, 0.0, 0.0, 0.0
cbj, 20110808, 	26.0, 19.291664, 1.4E-45, -9999.0, 0.0, 1.4E-45, 0.0, 1.4E-45, 0.0, 0.0, 0.0
9zg, 20110809, 	26.2, 19.311106, 1.4E-45, -9999.0, 0.0, 1.4E-45, 0.0, 1.4E-45, 0.0, 0.0, 0.0
cbe, 20110809, 	21.9, 17.46319, 1.4E-45, -9999.0, 0.0, 1.4E-45, 0.0, 1.4E-45, 0.0, 0.0, 0.0
cbj, 20110809, 	24.6, 18.29236, 1.4E-45, -9999.0, 0.0, 1.4E-45, 0.0, 1.4E-45, 0.0, 0.0, 0.0
9zg, 20110810, 	25.0, 18.009377, 1.4E-45, -9999.0, 0.0, 1.4E-45, 0.0, 1.4E-45, 0.0, 0.0, 0.0
cbe, 20110810, 	25.4, -87.8038, 1.4E-45, -9999.0, 0.0, 1.4E-45, 0.0, 1.4E-45, 0.0, 0.0, 0.0
cbj, 20110810, 	24.7, 16.775345, 1.4E-45, -9999.0, 0.0, 1.4E-45, 0.0, 1.4E-45, 0.0, 0.0, 0.0
9zg, 20110811, 	26.8, 18.987844, 1.4E-45, -9999.0, 0.0, 1.4E-45, 0.0, 1.4E-45, 0.0, 0.0, 0.0
cbe, 20110811, 	26.0, 18.196524, 1.4E-45, -9999.0, 0.0, 1.4E-45, 0.0, 1.4E-45, 0.0, 0.0, 0.0
cbj, 20110811, 	26.9, 19.12812, 1.4E-45, -9999.0, 0.0, 1.4E-45, 0.0, 1.4E-45, 0.0, 0.0, 0.0
9zg, 20110812, 	27.0, 20.064228, 1.4E-45, -9999.0, 0.0, 1.4E-45, 0.0, 1.4E-45, 0.0, 0.0, 0.0
cbe, 20110812, 	26.0, 18.16528, 1.4E-45, -9999.0, 0.0, 1.4E-45, 0.0, 1.4E-45, 0.0, 0.0, 0.0
cbj, 20110812, 	24.8, 19.200693, 1.4E-45, -9999.0, 0.0, 1.4E-45, 0.0, 1.4E-45, 0.0, 0.0, 0.0
9zg, 20110813, 	25.4, 19.540623, 1.4E-45, -9999.0, 0.0, 1.4E-45, 0.0, 1.4E-45, 0.0, 0.0, 0.0
cbe, 20110813, 	25.0, 18.644796, 1.4E-45, -9999.0, 0.0, 1.4E-45, 0.0, 1.4E-45, 0.0, 0.0, 0.0
cbj, 20110813, 	25.5, 18.313196, 1.4E-45, -9999.0, 0.0, 1.4E-45, 0.0, 1.4E-45, 0.0, 0.0, 0.0
9zg, 20110814, 	27.3, 19.946516, 1.4E-45, -9999.0, 0.0, 1.4E-45, 0.0, 1.4E-45, 0.0, 0.0, 0.0
cbe, 20110814, 	26.6, -17.105934, 1.4E-45, -9999.0, 0.0, 1.4E-45, 0.0, 1.4E-45, 0.0, 0.0, 0.0
cbj, 20110814, 	26.4, -16.68125, 1.4E-45, -9999.0, 0.0, 1.4E-45, 0.0, 1.4E-45, 0.0, 0.0, 0.0
9zg, 20110815, 	28.8, 21.681246, 1.4E-45, -9999.0, 0.0, 1.4E-45, 0.0, 1.4E-45, 0.0, 0.0, 0.0
cbe, 20110815, 	25.4, 19.937838, 1.4E-45, -9999.0, 0.0, 1.4E-45, 0.0, 1.4E-45, 0.0, 0.0, 0.0
cbj, 20110815, 	26.6, 19.37951, 1.4E-45, -9999.0, 0.0, 1.4E-45, 0.0, 1.4E-45, 0.0, 0.0, 0.0
9zg, 20110816, 	26.5, 20.37986, 1.4E-45, -9999.0, 0.0, 1.4E-45, 0.0, 1.4E-45, 0.0, 0.0, 0.0
cbe, 20110816, 	25.9, 22.181948, 1.4E-45, -9999.0, 0.0, 1.4E-45, 0.0, 1.4E-45, 0.0, 0.0, 0.0
cbj, 20110816, 	27.0, 20.713188, 1.4E-45, -9999.0, 0.0, 1.4E-45, 0.0, 1.4E-45, 0.0, 0.0, 0.0
9zg, 20110817, 	26.1, 19.62153, 1.4E-45, -9999.0, 0.0, 1.4E-45, 0.0, 1.4E-45, 0.0, 0.0, 0.0
cbe, 20110817, 	25.7, 17.766668, 1.4E-45, -9999.0, 0.0, 1.4E-45, 0.0, 1.4E-45, 0.0, 0.0, 0.0
cbj, 20110817, 	24.7, 19.613195, 1.4E-45, -9999.0, 0.0, 1.4E-45, 0.0, 1.4E-45, 0.0, 0.0, 0.0
9zg, 20110818, 	27.7, 19.630554, 1.4E-45, -9999.0, 0.0, 1.4E-45, 0.0, 1.4E-45, 0.0, 0.0, 0.0
cbe, 20110818, 	26.6, 18.988895, 1.4E-45, -9999.0, 0.0, 1.4E-45, 0.0, 1.4E-45, 0.0, 0.0, 0.0
cbj, 20110818, 	26.8, -16.482628, 1.4E-45, -9999.0, 0.0, 1.4E-45, 0.0, 1.4E-45, 0.0, 0.0, 0.0
9zg, 20110819, 	25.1, 19.740627, 1.4E-45, -9999.0, 0.0, 1.4E-45, 0.0, 1.4E-45, 0.0, 0.0, 0.0
cbe, 20110819, 	25.5, 18.076042, 1.4E-45, -9999.0, 0.0, 1.4E-45, 0.0, 1.4E-45, 0.0, 0.0, 0.0
cbj, 20110819, 	23.6, 20.815966, 1.4E-45, -9999.0, 0.0, 1.4E-45, 0.0, 1.4E-45, 0.0, 0.0, 0.0
9zg, 20110820, 	22.6, 17.251043, 1.4E-45, -9999.0, 0.0, 1.4E-45, 0.0, 1.4E-45, 0.0, 0.0, 0.0
cbe, 20110820, 	22.6, 12.777778, 1.4E-45, -9999.0, 0.0, 1.4E-45, 0.0, 1.4E-45, 0.0, 0.0, 0.0
cbj, 20110820, 	23.2, 16.709377, 1.4E-45, -9999.0, 0.0, 1.4E-45, 0.0, 1.4E-45, 0.0, 0.0, 0.0
9zg, 20110821, 	27.2, 18.364931, 1.4E-45, -9999.0, 0.0, 1.4E-45, 0.0, 1.4E-45, 0.0, 0.0, 0.0
cbe, 20110821, 	21.9, 13.6003475, 1.4E-45, -9999.0, 0.0, 1.4E-45, 0.0, 1.4E-45, 0.0, 0.0, 0.0
cbj, 20110821, 	22.8, 15.389936, 1.4E-45, -9999.0, 0.0, 1.4E-45, 0.0, 1.4E-45, 0.0, 0.0, 0.0
9zg, 20110822, 	29.0, 21.1816, 1.4E-45, -9999.0, 0.0, 1.4E-45, 0.0, 1.4E-45, 0.0, 0.0, 0.0
cbe, 20110822, 	28.0, 18.132994, 1.4E-45, -9999.0, 0.0, 1.4E-45, 0.0, 1.4E-45, 0.0, 0.0, 0.0
cbj, 20110822, 	27.2, 16.763186, 1.4E-45, -9999.0, 0.0, 1.4E-45, 0.0, 1.4E-45, 0.0, 0.0, 0.0
9zg, 20110823, 	32.3, 23.90936, 1.4E-45, -9999.0, 0.0, 1.4E-45, 0.0, 1.4E-45, 0.0, 0.0, 0.0
cbe, 20110823, 	30.3, 23.734375, 1.4E-45, -9999.0, 0.0, 1.4E-45, 0.0, 1.4E-45, 0.0, 0.0, 0.0
cbj, 20110823, 	28.0, 21.753471, 1.4E-45, -9999.0, 0.0, 1.4E-45, 0.0, 1.4E-45, 0.0, 0.0, 0.0
9zg, 20110824, 	30.0, 23.178474, 1.4E-45, -9999.0, 0.0, 1.4E-45, 0.0, 1.4E-45, 0.0, 0.0, 0.0
cbe, 20110824, 	27.7, 21.008331, 1.4E-45, -9999.0, 0.0, 1.4E-45, 0.0, 1.4E-45, 0.0, 0.0, 0.0
cbj, 20110824, 	25.4, 22.412844, 1.4E-45, -9999.0, 0.0, 1.4E-45, 0.0, 1.4E-45, 0.0, 0.0, 0.0
9zg, 20110825, 	27.0, 18.655556, 1.4E-45, -9999.0, 0.0, 1.4E-45, 0.0, 1.4E-45, 0.0, 0.0, 0.0
cbe, 20110825, 	26.7, 17.57118, 1.4E-45, -9999.0, 0.0, 1.4E-45, 0.0, 1.4E-45, 0.0, 0.0, 0.0
cbj, 20110825, 	26.4, 19.343044, 1.4E-45, -9999.0, 0.0, 1.4E-45, 0.0, 1.4E-45, 0.0, 0.0, 0.0
9zg, 20110826, 	30.8, 22.823967, 1.4E-45, -9999.0, 0.0, 1.4E-45, 0.0, 1.4E-45, 0.0, 0.0, 0.0
cbe, 20110826, 	24.4, 21.052086, 1.4E-45, -9999.0, 0.0, 1.4E-45, 0.0, 1.4E-45, 0.0, 0.0, 0.0
cbj, 20110826, 	28.2, 20.35833, 1.4E-45, -9999.0, 0.0, 1.4E-45, 0.0, 1.4E-45, 0.0, 0.0, 0.0
9zg, 20110827, 	26.0, 19.117361, 1.4E-45, -9999.0, 0.0, 1.4E-45, 0.0, 1.4E-45, 0.0, 0.0, 0.0
cbe, 20110827, 	21.4, 13.788884, 1.4E-45, -9999.0, 0.0, 1.4E-45, 0.0, 1.4E-45, 0.0, 0.0, 0.0
cbj, 20110827, 	24.6, 17.739927, 1.4E-45, -9999.0, 0.0, 1.4E-45, 0.0, 1.4E-45, 0.0, 0.0, 0.0
9zg, 20110828, 	22.7, 17.009026, 1.4E-45, -9999.0, 0.0, 1.4E-45, 0.0, 1.4E-45, 0.0, 0.0, 0.0
cbe, 20110828, 	25.0, -88.26148, 1.4E-45, -9999.0, 0.0, 1.4E-45, 0.0, 1.4E-45, 0.0, 0.0, 0.0
cbj, 20110828, 	24.4, 17.094444, 1.4E-45, -9999.0, 0.0, 1.4E-45, 0.0, 1.4E-45, 0.0, 0.0, 0.0
9zg, 20110829, 	24.9, 17.886457, 1.4E-45, -9999.0, 0.0, 1.4E-45, 0.0, 1.4E-45, 0.0, 0.0, 0.0
cbe, 20110829, 	27.8, 19.388546, 1.4E-45, -9999.0, 0.0, 1.4E-45, 0.0, 1.4E-45, 0.0, 0.0, 0.0
cbj, 20110829, 	26.1, -122.41942, 1.4E-45, -9999.0, 0.0, 1.4E-45, 0.0, 1.4E-45, 0.0, 0.0, 0.0
9zg, 20110830, 	21.6, 18.72604, 1.4E-45, -9999.0, 0.0, 1.4E-45, 0.0, 1.4E-45, 0.0, 0.0, 0.0
cbe, 20110830, 	25.9, 18.475351, 1.4E-45, -9999.0, 0.0, 1.4E-45, 0.0, 1.4E-45, 0.0, 0.0, 0.0
cbj, 20110830, 	23.0, 16.732632, 1.4E-45, -9999.0, 0.0, 1.4E-45, 0.0, 1.4E-45, 0.0, 0.0, 0.0
9zg, 20110831, 	29.8, 21.708672, 1.4E-45, -9999.0, 0.0, 1.4E-45, 0.0, 1.4E-45, 0.0, 0.0, 0.0
cbe, 20110831, 	21.0, 17.694794, 1.4E-45, -9999.0, 0.0, 1.4E-45, 0.0, 1.4E-45, 0.0, 0.0, 0.0
cbj, 20110831, 	21.4, 17.742699, 1.4E-45, -9999.0, 0.0, 1.4E-45, 0.0, 1.4E-45, 0.0, 0.0, 0.0
