9zm, 20120801, 	35.3, 25.800686, 42.2, 28.554857, 0.0, 27.6, 22.3, 0.159, 0.15, 0.0, 0.0
9zm, 20120802, 	34.0, 27.312849, 39.3, 29.282644, 0.0, 28.0, 23.4, 0.156, 0.148, 0.0, 0.0
9zm, 20120803, 	35.4, 26.83195, 41.6, 29.597578, 0.0, 28.1, 23.0, 0.154, 0.146, 0.0, 0.0
9zm, 20120804, 	32.8, 24.157637, 35.1, 24.942009, 0.0, 27.8, 23.3, 0.18, 0.144, 0.0, 0.0
9zm, 20120805, 	25.9, 20.347565, 31.8, 22.671873, 0.0, 25.6, 21.2, 0.163, 0.154, 0.0, 0.0
9zm, 20120806, 	30.8, 20.894098, 37.2, 23.522224, 0.0, 25.4, 19.5, 0.159, 0.15, 0.0, 0.0
9zm, 20120807, 	35.3, 24.719433, 43.0, 26.867704, 0.0, 26.2, 21.2, 0.169, 0.15, 0.0, 0.0
9zm, 20120808, 	29.3, 22.373251, 36.5, 23.195818, 0.0, 26.1, 22.5, 0.187, 0.159, 0.0, 0.0
9zm, 20120809, 	27.8, 20.93125, 32.1, 22.346882, 0.0, 25.2, 21.6, 0.187, 0.176, 0.0, 0.0
9zm, 20120810, 	25.9, 17.792013, 30.7, 19.673267, 0.0, 24.7, 20.3, 0.178, 0.17, 0.0, 0.0
9zm, 20120811, 	25.5, 18.4059, 33.1, 21.366661, 0.0, 23.7, 18.9, 0.174, 0.165, 0.0, 0.0
9zm, 20120812, 	22.0, 18.08924, 24.9, 18.421871, 0.0, 23.3, 20.4, 0.168, 0.161, 0.0, 0.0
9zm, 20120813, 	25.1, 18.460762, 30.5, 19.924297, 0.0, 22.7, 19.5, 0.187, 0.161, 0.0, 0.0
9zm, 20120814, 	28.7, 20.379505, 34.3, 22.53715, 0.0, 23.3, 19.1, 0.176, 0.168, 0.0, 0.0
9zm, 20120815, 	30.3, 21.773615, 34.5, 23.574646, 0.0, 23.7, 19.7, 0.172, 0.162, 0.0, 0.0
9zm, 20120816, 	28.4, 21.496878, 30.1, 22.463184, 0.0, 23.4, 20.7, 0.166, 0.159, 0.0, 0.0
9zm, 20120817, 	23.9, 16.585762, 31.3, 19.045134, 0.0, 22.2, 17.6, 0.162, 0.153, 0.0, 0.0
9zm, 20120818, 	22.4, 16.23646, 30.0, 17.947222, 0.0, 21.8, 16.9, 0.158, 0.149, 0.0, 0.0
9zm, 20120819, 	24.6, 16.890625, 29.6, 18.563541, 0.0, 21.1, 17.1, 0.155, 0.148, 0.0, 0.0
9zm, 20120820, 	26.5, 17.995829, 33.7, 20.593407, 0.0, 21.6, 16.7, 0.154, 0.145, 0.0, 0.0
9zm, 20120821, 	27.8, 18.94826, 35.3, 21.4007, 0.0, 22.5, 16.6, 0.152, 0.144, 0.0, 0.0
9zm, 20120822, 	34.3, 21.552092, 39.6, 23.67813, 0.0, 23.1, 17.7, 0.151, 0.143, 0.0, 0.0
9zm, 20120823, 	34.0, 25.295143, 37.8, 26.492718, 0.0, 23.3, 18.9, 0.149, 0.143, 0.0, 0.0
9zm, 20120824, 	32.0, 25.384018, 36.7, 26.990973, 0.0, 24.0, 19.8, 0.149, 0.141, 0.0, 0.0
9zm, 20120825, 	26.5, 20.211107, 27.5, 20.310408, 0.0, 23.6, 19.9, 0.147, 0.14, 0.0, 0.0
9zm, 20120826, 	28.5, 22.049994, 33.6, 23.541664, 0.0, 24.3, 20.2, 0.154, 0.14, 0.0, 0.0
9zm, 20120827, 	30.8, 22.432985, 38.2, 25.134378, 0.0, 24.7, 20.2, 0.157, 0.147, 0.0, 0.0
9zm, 20120828, 	32.5, 24.386806, 39.1, 26.742702, 0.0, 24.6, 20.2, 0.157, 0.149, 0.0, 0.0
9zm, 20120829, 	34.1, 25.395494, 38.1, 26.741323, 0.0, 24.3, 20.8, 0.156, 0.15, 0.0, 0.0
9zm, 20120830, 	34.8, 26.175694, 38.8, 27.63229, 0.0, 24.5, 20.9, 0.155, 0.147, 0.0, 0.0
9zm, 20120831, 	31.4, 24.720135, 38.5, 26.201048, 0.0, 24.3, 20.4, 0.153, 0.144, 0.0, 0.0
9zm, 20130801, 	29.6, 22.197914, 32.9, 21.100689, 0.0, 22.9, 18.8, 0.175, 0.169, 0.0, 0.0
9zm, 20130802, 	27.2, 22.38021, 31.8, 22.006248, 0.0, 22.5, 20.1, 0.174, 0.167, 0.0, 0.0
9zm, 20130803, 	26.1, 20.176388, 31.9, 20.606592, 0.0, 22.1, 19.2, 0.171, 0.164, 0.0, 0.0
9zm, 20130804, 	27.2, 19.740623, 34.6, 19.021873, 0.0, 21.9, 18.1, 0.168, 0.161, 0.0, 0.0
9zm, 20130805, 	27.4, 21.062845, 30.9, 20.50208, 0.0, 21.7, 19.3, 0.166, 0.16, 0.0, 0.0
9zm, 20130806, 	31.3, 24.368057, 36.8, 24.439934, 0.0, 23.9, 19.9, 0.168, 0.16, 0.0, 0.0
9zm, 20130807, 	26.2, 22.348263, 29.8, 22.33368, 0.0, 23.7, 20.6, 0.232, 0.163, 0.0, 0.0
9zm, 20130808, 	26.5, 20.015972, 30.9, 19.578123, 0.0, 23.1, 19.4, 0.205, 0.189, 0.0, 0.0
9zm, 20130809, 	26.5, 21.494097, 30.2, 20.745491, 0.0, 22.5, 19.7, 0.192, 0.18, 0.0, 0.0
9zm, 20130810, 	27.1, 20.060064, 33.1, 19.334724, 0.0, 22.4, 18.4, 0.181, 0.171, 0.0, 0.0
9zm, 20130811, 	29.0, 22.12916, 32.2, 21.681602, 0.0, 22.8, 19.5, 0.175, 0.164, 0.0, 0.0
9zm, 20130812, 	28.3, 22.760765, 33.7, 23.135757, 0.0, 23.3, 20.4, 0.169, 0.162, 0.0, 0.0
9zm, 20130813, 	25.7, 18.702084, 33.1, 18.77465, 0.0, 22.8, 18.6, 0.166, 0.157, 0.0, 0.0
9zm, 20130814, 	24.1, 17.126732, 32.6, 16.76701, 0.0, 21.7, 17.4, 0.162, 0.153, 0.0, 0.0
9zm, 20130815, 	22.6, 17.979515, 28.9, 18.232285, 0.0, 20.9, 18.4, 0.158, 0.152, 0.0, 0.0
9zm, 20130816, 	25.0, 17.294094, 33.2, 16.723965, 0.0, 20.7, 16.8, 0.157, 0.15, 0.0, 0.0
9zm, 20130817, 	26.9, 19.140282, 34.9, 18.07673, 0.0, 20.8, 16.7, 0.156, 0.148, 0.0, 0.0
9zm, 20130818, 	27.8, 19.880207, 34.9, 19.501741, 0.0, 21.7, 17.5, 0.156, 0.147, 0.0, 0.0
9zm, 20130819, 	29.5, 20.887505, 34.2, 20.044104, 0.0, 21.9, 18.2, 0.155, 0.148, 0.0, 0.0
9zm, 20130820, 	31.6, 24.187841, 35.2, 23.903822, 0.0, 23.3, 19.5, 0.156, 0.148, 0.0, 0.0
9zm, 20130821, 	32.6, 25.86875, 35.4, 25.592363, 0.0, 24.2, 20.6, 0.155, 0.148, 0.0, 0.0
9zm, 20130822, 	29.9, 24.053474, 32.9, 23.737856, 0.0, 24.1, 21.3, 0.155, 0.148, 0.0, 0.0
9zm, 20130823, 	31.2, 23.06945, 39.6, 23.630558, 0.0, 24.0, 20.0, 0.154, 0.146, 0.0, 0.0
9zm, 20130824, 	33.1, 25.644789, 36.2, 25.397919, 0.0, 24.3, 21.4, 0.153, 0.147, 0.0, 0.0
9zm, 20130825, 	34.1, 26.467709, 37.4, 26.21353, 0.0, 25.4, 21.3, 0.154, 0.146, 0.0, 0.0
9zm, 20130826, 	35.4, 27.76459, 39.6, 27.88403, 0.0, 26.4, 22.2, 0.153, 0.145, 0.0, 0.0
9zm, 20130827, 	36.0, 28.29965, 38.7, 28.143053, 0.0, 26.5, 22.6, 0.154, 0.144, 0.0, 0.0
9zm, 20130828, 	35.7, 27.704166, 40.2, 28.039238, 0.0, 26.7, 22.6, 0.151, 0.144, 0.0, 0.0
9zm, 20130829, 	35.3, 27.369102, 41.9, 27.24445, 0.0, 26.6, 22.6, 0.151, 0.142, 0.0, 0.0
9zm, 20130830, 	37.7, 28.759378, 41.7, 28.80382, 0.0, 27.4, 23.2, 0.151, 0.142, 0.0, 0.0
9zm, 20130831, 	33.1, 26.569452, 39.1, 27.765276, 0.0, 27.1, 23.4, 0.151, 0.141, 0.0, 0.0
9zm, 20140801, 	27.9, 20.653128, 46.7, 24.891663, 0.0, 24.9, 20.1, 0.201, 0.189, 0.0, 0.0
9zm, 20140802, 	28.3, 21.487146, 48.2, 25.262846, 0.0, 25.2, 21.0, 0.202, 0.19, 0.0, 0.0
9zm, 20140803, 	28.7, 22.886116, 50.1, 27.701738, 0.0, 26.2, 21.9, 0.202, 0.191, 0.0, 0.0
9zm, 20140804, 	28.8, 23.036802, 47.7, 26.996183, 0.0, 26.3, 22.7, 0.202, 0.191, 0.0, 0.0
9zm, 20140805, 	26.3, 21.076391, 40.0, 22.99444, 0.0, 26.3, 22.3, 0.202, 0.192, 0.0, 0.0
9zm, 20140806, 	24.1, 20.215961, 24.7, 20.502087, 0.0, 24.9, 21.9, 0.389, 0.192, 0.0, 0.0
9zm, 20140807, 	21.5, 19.912153, 22.6, 20.020144, 0.0, 22.3, 21.0, 0.402, 0.38, 0.0, 0.0
9zm, 20140808, 	25.9, 20.695831, 35.8, 22.208681, 0.0, 22.9, 20.0, 0.396, 0.382, 0.0, 0.0
9zm, 20140809, 	25.7, 21.095486, 36.1, 23.12605, 0.0, 23.1, 20.9, 0.39, 0.377, 0.0, 0.0
9zm, 20140810, 	25.2, 20.839584, 37.4, 22.590282, 0.0, 23.3, 20.9, 0.382, 0.372, 0.0, 0.0
9zm, 20140811, 	25.8, 21.432299, 36.9, 23.65104, 0.0, 24.2, 21.2, 0.377, 0.365, 0.0, 0.0
9zm, 20140812, 	25.1, 18.711807, 38.6, 21.60209, 0.0, 24.2, 20.5, 0.37, 0.355, 0.0, 0.0
9zm, 20140813, 	26.7, 19.13229, 41.7, 22.332636, 0.0, 24.7, 20.2, 0.361, 0.345, 0.0, 0.0
9zm, 20140814, 	26.7, 20.955208, 43.9, 22.67153, 0.0, 24.8, 21.1, 0.352, 0.337, 0.0, 0.0
9zm, 20140815, 	24.3, 20.35937, 25.7, 21.038553, 0.0, 24.6, 22.1, 0.344, 0.33, 0.0, 0.0
9zm, 20140816, 	24.5, 20.718403, 29.0, 21.628145, 0.0, 22.7, 21.2, 0.34, 0.331, 0.0, 0.0
9zm, 20140817, 	27.6, 21.397913, 41.8, 23.920488, 0.0, 24.9, 20.8, 0.337, 0.327, 0.0, 0.0
9zm, 20140818, 	28.9, 23.110767, 40.3, 25.358334, 0.0, 25.5, 22.0, 0.334, 0.322, 0.0, 0.0
9zm, 20140819, 	28.6, 24.117363, 38.2, 26.097572, 0.0, 26.3, 22.9, 0.327, 0.313, 0.0, 0.0
9zm, 20140820, 	27.4, 21.876385, 31.1, 21.253462, 0.0, 26.3, 22.6, 0.324, 0.308, 0.0, 0.0
9zm, 20140821, 	29.7, 25.049301, 36.1, 25.229866, 0.0, 25.2, 22.6, 0.325, 0.314, 0.0, 0.0
9zm, 20140822, 	30.4, 25.8993, 35.4, 26.42534, 0.0, 26.5, 23.6, 0.328, 0.313, 0.0, 0.0
9zm, 20140823, 	29.0, 24.861795, 33.3, 25.724651, 0.0, 26.6, 23.8, 0.473, 0.318, 0.0, 0.0
9zm, 20140824, 	32.6, 26.37326, 39.1, 27.89202, 0.0, 27.2, 24.1, 0.403, 0.385, 0.0, 0.0
9zm, 20140825, 	30.8, 26.781593, 36.9, 27.073608, 0.0, 27.8, 24.9, 0.388, 0.374, 0.0, 0.0
9zm, 20140826, 	28.7, 22.313183, 32.9, 23.729168, 0.0, 27.8, 24.2, 0.379, 0.365, 0.0, 0.0
9zm, 20140827, 	23.6, 20.438198, 29.4, 21.095829, 0.0, 26.4, 23.3, 0.37, 0.358, 0.0, 0.0
9zm, 20140828, 	24.7, 20.651731, 30.2, 21.136103, 0.0, 24.6, 22.0, 0.475, 0.353, 0.0, 0.0
9zm, 20140829, 	29.7, 22.381254, 33.0, 22.740631, 0.0, 24.3, 22.0, 0.468, 0.401, 0.0, 0.0
9zm, 20140830, 	27.0, 21.534723, 32.1, 22.242361, 0.0, 24.9, 22.0, 0.441, 0.411, 0.0, 0.0
9zm, 20140831, 	30.3, 22.839582, 35.4, 22.280212, 0.0, 24.9, 22.0, 0.416, 0.398, 0.0, 0.0
9zm, 20150801, 	29.0, 23.287155, 29.8, 21.931595, 0.0, 24.3, 21.8, 0.386, 0.363, 0.0, 0.0
9zm, 20150802, 	31.4, 25.636818, 30.9, 24.396534, 0.0, 25.1, 22.7, 0.372, 0.341, 0.0, 0.0
9zm, 20150803, 	26.0, 21.395485, 26.7, 20.63056, 0.0, 25.1, 22.0, 0.346, 0.324, 0.0, 0.0
9zm, 20150804, 	24.8, -397.27664, 25.4, 18.633677, -416.0, 23.5, 0.0, 0.328, 0.0, 0.0, 0.0
9zm, 20150805, 	25.6, 21.138548, 26.6, 20.619791, 0.0, 22.1, 21.0, 0.318, 0.303, 0.0, 0.0
9zm, 20150806, 	26.5, 21.435753, 27.8, 20.770836, 0.0, 22.4, 20.6, 0.309, 0.294, 0.0, 0.0
9zm, 20150807, 	29.7, 23.67326, 29.8, 22.97812, 0.0, 23.7, 21.4, 0.299, 0.287, 0.0, 0.0
9zm, 20150808, 	27.5, 22.944098, 29.1, 21.903473, 0.0, 23.8, 21.8, 0.293, 0.278, 0.0, 0.0
9zm, 20150809, 	27.5, 23.336807, 30.4, 23.519096, 0.0, 23.4, 22.0, 0.378, 0.279, 0.0, 0.0
9zm, 20150810, 	27.4, 22.582642, 28.1, 22.22084, 0.0, 23.4, 21.8, 0.362, 0.345, 0.0, 0.0
9zm, 20150811, 	27.7, 21.081945, 28.6, 20.116661, 0.0, 23.2, 20.8, 0.351, 0.329, 0.0, 0.0
9zm, 20150812, 	27.4, 21.683681, 28.4, 20.231258, 0.0, 22.5, 20.2, 0.334, 0.313, 0.0, 0.0
9zm, 20150813, 	28.4, 22.352089, 28.8, 20.919096, 0.0, 22.6, 20.7, 0.316, 0.296, 0.0, 0.0
9zm, 20150814, 	29.5, 24.48333, 29.7, 23.665274, 0.0, 24.0, 21.6, 0.305, 0.286, 0.0, 0.0
9zm, 20150815, 	29.3, 24.313204, 29.2, 23.048958, 0.0, 24.0, 21.7, 0.292, 0.275, 0.0, 0.0
9zm, 20150816, 	30.0, 24.324644, 29.7, 23.121523, 0.0, 24.1, 21.8, 0.28, 0.264, 0.0, 0.0
9zm, 20150817, 	27.2, 22.699656, 25.5, 21.856249, 0.0, 24.0, 22.2, 0.268, 0.26, 0.0, 0.0
9zm, 20150818, 	23.1, 19.911123, 22.8, 19.670832, 0.0, 22.7, 20.9, 0.438, 0.258, 0.0, 0.0
9zm, 20150819, 	20.5, 15.836465, 20.7, 15.279163, 0.0, 21.0, 18.6, 0.417, 0.389, 0.0, 0.0
9zm, 20150820, 	24.9, 17.051733, 24.8, 16.345491, 0.0, 19.8, 17.5, 0.394, 0.371, 0.0, 0.0
9zm, 20150821, 	26.9, 20.714579, 26.5, 19.322226, 0.0, 20.6, 18.6, 0.375, 0.342, 0.0, 0.0
9zm, 20150822, 	27.4, 20.853123, 27.2, 19.959373, 0.0, 20.9, 19.1, 0.351, 0.333, 0.0, 0.0
9zm, 20150823, 	23.3, 18.358685, 22.2, 17.779858, 0.0, 20.9, 18.8, 0.375, 0.326, 0.0, 0.0
9zm, 20150824, 	22.3, 15.721536, 23.4, 14.900345, 0.0, 19.6, 17.2, 0.355, 0.331, 0.0, 0.0
9zm, 20150825, 	23.1, 15.96111, 23.2, 15.0191, 0.0, 18.8, 16.7, 0.339, 0.318, 0.0, 0.0
9zm, 20150826, 	23.8, 16.302776, 24.2, 14.687504, 0.0, 18.5, 16.0, 0.327, 0.307, 0.0, 0.0
9zm, 20150827, 	22.4, 16.854858, 22.4, 15.295486, 0.0, 18.3, 16.6, 0.314, 0.302, 0.0, 0.0
9zm, 20150828, 	23.8, 18.569794, 24.4, 17.935408, 0.0, 18.5, 17.6, 0.309, 0.297, 0.0, 0.0
9zm, 20150829, 	23.0, 19.87708, 24.8, 19.847908, 0.0, 19.3, 18.5, 0.309, 0.299, 0.0, 0.0
9zm, 20150830, 	24.8, 18.884365, 25.2, 18.573614, 0.0, 19.5, 17.9, 0.305, 0.296, 0.0, 0.0
9zm, 20150831, 	30.2, 22.344797, 29.9, 21.750343, 0.0, 21.3, 18.7, 0.305, 0.292, 0.0, 0.0
9zm, 20160801, 	26.3, 21.941326, 27.8, 21.731258, 0.0, 22.1, 21.2, 0.236, 0.228, 0.0, 0.0
9zm, 20160802, 	27.7, 21.932293, 30.0, 21.633335, 0.0, 21.8, 20.9, 0.301, 0.227, 0.0, 0.0
9zm, 20160803, 	29.6, 23.453474, 33.4, 23.683681, 0.0, 22.7, 20.9, 0.291, 0.273, 0.0, 0.0
9zm, 20160804, 	33.5, 26.464579, 34.6, 25.835423, 0.0, 24.1, 22.1, 0.278, 0.265, 0.0, 0.0
9zm, 20160805, 	30.0, 22.923275, 27.8, 22.558342, 0.0, 24.2, 22.1, 0.305, 0.266, 0.0, 0.0
9zm, 20160806, 	25.9, 20.191668, 28.6, 19.67535, 0.0, 22.5, 20.4, 0.285, 0.27, 0.0, 0.0
9zm, 20160807, 	25.0, 20.185068, 28.0, 19.220833, 0.0, 21.5, 19.9, 0.273, 0.263, 0.0, 0.0
9zm, 20160808, 	25.9, 20.979166, 28.0, 19.981945, 0.0, 21.0, 19.7, 0.266, 0.254, 0.0, 0.0
9zm, 20160809, 	29.6, 23.969786, 32.8, 23.881603, 0.0, 22.6, 20.6, 0.26, 0.246, 0.0, 0.0
9zm, 20160810, 	32.3, 25.361109, 34.7, 24.901384, 0.0, 23.6, 21.6, 0.252, 0.241, 0.0, 0.0
9zm, 20160811, 	31.5, 25.492016, 31.8, 25.231947, 0.0, 23.7, 22.5, 0.281, 0.24, 0.0, 0.0
9zm, 20160812, 	30.1, 23.83437, 31.3, 23.972918, 0.0, 23.9, 22.7, 0.436, 0.266, 0.0, 0.0
9zm, 20160813, 	27.5, 22.309034, 29.3, 22.051382, 0.0, 23.4, 21.6, 0.393, 0.36, 0.0, 0.0
9zm, 20160814, 	28.1, 23.12083, 30.5, 22.368391, 0.0, 22.8, 21.3, 0.366, 0.34, 0.0, 0.0
9zm, 20160815, 	27.2, -395.70792, 30.8, 21.181252, -416.0, 22.5, 0.0, 0.343, 0.0, 0.0, 0.0
9zm, 20160816, 	29.2, 23.055557, 30.7, 22.12638, 0.0, 22.6, 21.0, 0.335, 0.319, 0.0, 0.0
9zm, 20160817, 	28.8, 23.413536, 32.0, 23.208338, 0.0, 22.7, 21.3, 0.377, 0.317, 0.0, 0.0
9zm, 20160818, 	31.7, 25.161797, 31.7, 24.007292, 0.0, 23.6, 21.6, 0.357, 0.337, 0.0, 0.0
9zm, 20160819, 	30.4, 25.535067, 32.4, 24.779171, 0.0, 23.9, 22.7, 0.342, 0.321, 0.0, 0.0
9zm, 20160820, 	25.8, 20.09063, 24.2, 19.929518, 0.0, 23.9, 21.6, 0.327, 0.315, 0.0, 0.0
9zm, 20160821, 	23.6, 17.664234, 25.3, 17.364586, 0.0, 21.6, 19.6, 0.32, 0.301, 0.0, 0.0
9zm, 20160822, 	26.7, 19.661112, 26.8, 18.21458, 0.0, 20.7, 19.0, 0.304, 0.287, 0.0, 0.0
9zm, 20160823, 	27.7, 21.069782, 29.9, 20.091665, 0.0, 21.2, 19.6, 0.293, 0.279, 0.0, 0.0
9zm, 20160824, 	28.1, 23.597572, 29.7, 23.224642, 0.0, 22.4, 21.0, 0.333, 0.274, 0.0, 0.0
9zm, 20160825, 	23.0, 20.429861, 24.9, 20.172571, 0.0, 22.3, 20.9, 0.331, 0.315, 0.0, 0.0
9zm, 20160826, 	22.5, 18.527422, 23.9, 17.570486, 0.0, 21.2, 19.5, 0.32, 0.31, 0.0, 0.0
9zm, 20160827, 	26.4, 19.846174, 28.6, 20.457647, 0.0, 21.0, 19.6, 0.329, 0.311, 0.0, 0.0
9zm, 20160828, 	30.6, 23.006262, 33.1, 22.432644, 0.0, 21.9, 19.9, 0.323, 0.31, 0.0, 0.0
9zm, 20160829, 	28.5, 23.128119, 32.0, 22.973616, 0.0, 22.1, 21.1, 0.319, 0.31, 0.0, 0.0
9zm, 20160830, 	27.6, 22.572922, 28.7, 22.478474, 0.0, 22.1, 21.3, 0.321, 0.313, 0.0, 0.0
9zm, 20160831, 	26.1, 21.518747, 27.9, 21.117708, 0.0, 22.2, 20.8, 0.318, 0.302, 0.0, 0.0
9zm, 20170801, 	30.0, 22.637835, 35.4, 22.221176, 0.0, 22.6, 20.0, 0.196, 0.189, 0.0, 0.0
9zm, 20170802, 	30.4, 23.070131, 35.2, 22.834028, 0.0, 23.0, 20.6, 0.193, 0.186, 0.0, 0.0
9zm, 20170803, 	26.7, 21.475004, 27.8, 20.516666, 0.0, 23.0, 20.8, 0.272, 0.186, 0.0, 0.0
9zm, 20170804, 	24.9, 16.603127, 28.8, 17.025352, 0.0, 21.4, 18.6, 0.254, 0.231, 0.0, 0.0
9zm, 20170805, 	24.1, 17.944448, 28.8, 16.322914, 0.0, 20.7, 18.1, 0.234, 0.221, 0.0, 0.0
9zm, 20170806, 	24.8, 19.384718, 28.4, 19.285767, 0.0, 20.4, 18.7, 0.227, 0.214, 0.0, 0.0
9zm, 20170807, 	26.3, 19.940275, 31.2, 19.82396, 0.0, 20.8, 18.6, 0.219, 0.206, 0.0, 0.0
9zm, 20170808, 	27.1, 19.591314, 31.9, 18.245142, 0.0, 20.8, 17.8, 0.211, 0.2, 0.0, 0.0
9zm, 20170809, 	28.9, 20.712149, 32.4, 19.877783, 0.0, 20.9, 18.5, 0.203, 0.194, 0.0, 0.0
9zm, 20170810, 	29.3, 22.524315, 34.1, 22.168056, 0.0, 21.5, 19.6, 0.198, 0.191, 0.0, 0.0
9zm, 20170811, 	26.5, 20.212496, 33.3, 20.7816, 0.0, 21.5, 19.3, 0.196, 0.187, 0.0, 0.0
9zm, 20170812, 	26.8, 18.857977, 33.6, 17.63994, 0.0, 21.2, 17.9, 0.194, 0.183, 0.0, 0.0
9zm, 20170813, 	25.9, 19.665287, 28.3, 18.887506, 0.0, 20.4, 18.8, 0.19, 0.182, 0.0, 0.0
9zm, 20170814, 	28.2, 19.996178, 31.4, 19.820482, 0.0, 20.4, 18.9, 0.188, 0.181, 0.0, 0.0
9zm, 20170815, 	26.3, 20.41771, 27.8, 19.674301, 0.0, 20.6, 19.1, 0.188, 0.18, 0.0, 0.0
9zm, 20170816, 	29.5, 22.745153, 32.2, 22.700003, 0.0, 21.4, 19.8, 0.188, 0.182, 0.0, 0.0
9zm, 20170817, 	27.3, 22.597221, 30.8, 22.680555, 0.0, 21.4, 20.2, 0.189, 0.181, 0.0, 0.0
9zm, 20170818, 	30.3, 21.423954, 35.1, 21.61805, 0.0, 21.7, 19.2, 0.187, 0.179, 0.0, 0.0
9zm, 20170819, 	29.7, 22.149643, 36.0, 22.8, 0.0, 22.1, 19.8, 0.185, 0.177, 0.0, 0.0
9zm, 20170820, 	27.1, 22.068048, 29.5, 21.732296, 0.0, 22.1, 20.5, 0.186, 0.179, 0.0, 0.0
9zm, 20170821, 	28.6, 21.668053, 29.9, 21.062492, 0.0, 21.8, 20.1, 0.413, 0.181, 0.0, 0.0
9zm, 20170822, 	24.1, 19.907293, 26.7, 20.072577, 0.0, 21.2, 20.0, 0.427, 0.354, 0.0, 0.0
9zm, 20170823, 	25.2, 17.791662, 30.0, 17.58125, 0.0, 20.7, 18.3, 0.359, 0.34, 0.0, 0.0
9zm, 20170824, 	25.8, 19.58368, 30.0, 19.27639, 0.0, 20.4, 19.1, 0.344, 0.329, 0.0, 0.0
9zm, 20170825, 	25.3, 19.635406, 28.1, 19.59722, 0.0, 20.5, 19.4, 0.335, 0.32, 0.0, 0.0
9zm, 20170826, 	27.7, 19.841667, 30.8, 19.586811, 0.0, 20.6, 19.0, 0.324, 0.308, 0.0, 0.0
9zm, 20170827, 	24.8, 20.791327, 28.2, 20.530907, 0.0, 20.7, 19.9, 0.313, 0.305, 0.0, 0.0
9zm, 20170828, 	23.3, 18.30104, 25.1, 17.783337, 0.0, 20.7, 19.0, 0.31, 0.299, 0.0, 0.0
9zm, 20170829, 	25.9, 18.504513, 31.9, 18.732292, 0.0, 20.2, 18.2, 0.304, 0.29, 0.0, 0.0
9zm, 20170830, 	26.9, -15.431239, 32.3, 19.003473, 0.0, 20.2, 18.2, 0.294, 0.28, 0.0, 0.0
9zm, 20170831, 	26.4, 20.346876, 30.9, 19.600348, 0.0, 20.4, 18.4, 0.285, 0.273, 0.0, 0.0
9zm, 20180801, 	28.9, 22.341667, 31.6, 21.794783, 0.0, 1.4E-45, 0.0, 1.4E-45, 0.0, 0.0, 0.0
9zm, 20180802, 	27.0, 21.232986, 28.7, 21.408674, 0.0, 1.4E-45, 0.0, 1.4E-45, 0.0, 0.0, 0.0
9zm, 20180803, 	33.6, 23.191322, 33.7, 22.7323, 0.0, 1.4E-45, 0.0, 1.4E-45, 0.0, 0.0, 0.0
9zm, 20180804, 	31.4, 25.330206, 31.5, 24.230211, 0.0, 1.4E-45, 0.0, 1.4E-45, 0.0, 0.0, 0.0
9zm, 20180805, 	34.7, 25.698957, 35.6, 24.965279, 0.0, 1.4E-45, 0.0, 1.4E-45, 0.0, 0.0, 0.0
9zm, 20180806, 	27.8, 23.026388, 30.4, 23.140274, 0.0, 1.4E-45, 0.0, 1.4E-45, 0.0, 0.0, 0.0
9zm, 20180807, 	27.6, 23.000343, 29.1, 22.781935, 0.0, 1.4E-45, 0.0, 1.4E-45, 0.0, 0.0, 0.0
9zm, 20180808, 	29.5, 21.900013, 31.1, 21.766325, 0.0, 1.4E-45, 0.0, 1.4E-45, 0.0, 0.0, 0.0
9zm, 20180809, 	32.4, 25.11979, 33.3, 24.582987, 0.0, 1.4E-45, 0.0, 1.4E-45, 0.0, 0.0, 0.0
9zm, 20180810, 	29.8, 23.82917, 31.8, 23.17291, 0.0, 1.4E-45, 0.0, 1.4E-45, 0.0, 0.0, 0.0
9zm, 20180811, 	29.4, 23.35382, 31.4, 22.488186, 0.0, 1.4E-45, 0.0, 1.4E-45, 0.0, 0.0, 0.0
9zm, 20180812, 	31.2, 23.831259, 33.6, 22.933332, 0.0, 1.4E-45, 0.0, 1.4E-45, 0.0, 0.0, 0.0
9zm, 20180813, 	33.0, 24.453815, 34.7, 24.164589, 0.0, 1.4E-45, 0.0, 1.4E-45, 0.0, 0.0, 0.0
9zm, 20180814, 	28.5, 22.96388, 28.1, 22.809723, 0.0, 1.4E-45, 0.0, 1.4E-45, 0.0, 0.0, 0.0
9zm, 20180815, 	29.7, 23.51389, 31.7, 24.120493, 0.0, 1.4E-45, 0.0, 1.4E-45, 0.0, 0.0, 0.0
9zm, 20180816, 	28.3, -46.87257, 29.3, 23.14271, 0.0, 1.4E-45, 0.0, 1.4E-45, 0.0, 0.0, 0.0
9zm, 20180817, 	29.6, 22.333673, 31.1, 22.96979, 0.0, 1.4E-45, 0.0, 1.4E-45, 0.0, 0.0, 0.0
9zm, 20180818, 	29.5, 23.050346, 31.6, 23.832983, 0.0, 1.4E-45, 0.0, 1.4E-45, 0.0, 0.0, 0.0
9zm, 20180819, 	28.2, 23.189592, 29.3, 23.100693, 0.0, 1.4E-45, 0.0, 1.4E-45, 0.0, 0.0, 0.0
9zm, 20180820, 	24.6, 21.587854, 26.0, 21.362158, 0.0, 1.4E-45, 0.0, 1.4E-45, 0.0, 0.0, 0.0
9zm, 20180821, 	23.6, -398.04123, 24.4, 19.361465, -416.0, 1.4E-45, 0.0, 1.4E-45, 0.0, 0.0, 0.0
9zm, 20180822, 	25.1, 18.132982, 27.2, 18.136803, -416.0, 1.4E-45, 0.0, 1.4E-45, 0.0, 0.0, 0.0
9zm, 20180823, 	26.6, 19.110762, 27.9, 17.854855, 0.0, 1.4E-45, 0.0, 1.4E-45, 0.0, 0.0, 0.0
9zm, 20180824, 	27.5, 20.990625, 28.3, 20.847918, 0.0, 1.4E-45, 0.0, 1.4E-45, 0.0, 0.0, 0.0
9zm, 20180825, 	31.4, -44.810417, 32.6, 24.603817, 0.0, 1.4E-45, 0.0, 1.4E-45, 0.0, 0.0, 0.0
9zm, 20180826, 	28.9, 24.65555, 30.0, 23.70763, 0.0, 1.4E-45, 0.0, 1.4E-45, 0.0, 0.0, 0.0
9zm, 20180827, 	33.1, 26.96077, 33.2, 26.544796, 0.0, 1.4E-45, 0.0, 1.4E-45, 0.0, 0.0, 0.0
9zm, 20180828, 	30.8, 25.906256, 30.3, 25.131588, 0.0, 1.4E-45, 0.0, 1.4E-45, 0.0, 0.0, 0.0
9zm, 20180829, 	23.6, 18.715973, 25.7, 18.96042, 0.0, 1.4E-45, 0.0, 1.4E-45, 0.0, 0.0, 0.0
9zm, 20180830, 	25.4, 17.83646, 28.1, 17.079166, 0.0, 1.4E-45, 0.0, 1.4E-45, 0.0, 0.0, 0.0
9zm, 20180831, 	29.5, 22.49757, 30.9, 21.955893, 0.0, 1.4E-45, 0.0, 1.4E-45, 0.0, 0.0, 0.0
